pmRApmDEcor	PlxpmRAcor	PlxpmDEcor	RFG	RFBP	RFRP	E(BR/RP)	Nper	[Fe/H]temp	RAdeg	e_RAdeg	DEdeg	e_DEdeg	Source	Plx	e_Plx	pmRA	e_pmRA	pmDE	e_pmDE	Dup	FG	e_FG	Gmag	e_Gmag	FBP	e_FBP	BPmag	e_BPmag	FRP	e_FRP	RPmag	e_RPmag	BP-RP	RV	e_RV	Teff	AG	E(BR-RP)	Rad	Lum	Pmemb	Cluster
---	---	---	---	---	---	---	---	---	deg	mas	deg	mas	---	mas	mas	mas/yr	mas/yr	mas/yr	mas/yr	---	e-/s	e-/s	mag	mag	e-/s	e-/s	mag	mag	e-/s	e-/s	mag	mag	mag	km/s	km/s	K	mag	mag	solRad	solLum	---	---
-------	-------	-------	---------	---------	---------	-----	--	----	---------------	------	---------------	------	-------------------	---------	------	-------	-----	-------	-----	-	------------	-------------	-------	------	-------------	---------------	-------	------	-------------	--------------	-------	------	-------	-------	-----	-------	------	------	------	---------	-------	--------------------
-0.1362	 0.2122	 0.3268	  417.838	   21.337	  192.428	1.587	11	 ---	 81.87817417793	0.1646	  3.24829163424	0.1795	3235906494852614656	  3.0451 	0.244 	  0.669	0.301	 -0.939	0.264	0	     1381.7 	      3.3068 	17.8373	0.0026	      166.57 	       7.8063  	19.7974	0.0509	      2026.6 	     10.532   	16.495 	0.0056	 3.3024	   --- 	 --- 	   --- 	---   	---   	  --- 	    ---  	  0.8  	ASCC_21
-0.2262	 0.2639	 0.1722	  409.221	   31.502	  163.501	1.6  	10	 ---	 81.45746848066	0.1147	  3.04622056256	0.1   	3235922785663970304	  3.1356 	0.1342	  1.28 	0.214	 -0.126	0.175	0	     2969.2 	      7.2558 	17.0068	0.0027	      376.3  	      11.945   	18.9126	0.0345	      4373.2 	     26.747   	15.6599	0.0066	 3.2526	   --- 	 --- 	4139.31	1.412 	0.7778	  --- 	    ---  	  0.6  	ASCC_21
-0.5091	 0.3468	 0.067 	  553.549	   76.008	  193.579	1.469	10	 ---	 81.79201488573	0.0932	  2.897077666  	0.0764	3235889697235752448	  2.7616 	0.0929	  1.291	0.184	  0.082	0.151	0	     6176.4 	     11.158  	16.2115	0.002 	     1144.8  	      15.061   	17.7046	0.0143	      7926.6 	     40.947   	15.0142	0.0056	 2.6904	   --- 	 --- 	3731.25	---   	---   	  0.61	    0.064	  0.1  	ASCC_21
-0.3502	 0.3263	 0.2203	  624.322	   26.996	  263.398	1.511	11	 ---	 81.75469900593	0.1108	  2.79517499696	0.1031	3235853585150749568	  2.8748 	0.1373	  1.554	0.199	 -0.083	0.165	0	     2523.6 	      4.0421 	17.1833	0.0017	      377.31 	      13.976   	18.9096	0.0402	      3436.2 	     13.046   	15.9217	0.0041	 2.9879	   --- 	 --- 	   --- 	---   	---   	  --- 	    ---  	  0.2  	ASCC_21
-0.1227	 0.1928	 0.266 	  616.334	  139.793	  308.296	1.378	11	 ---	 82.0923233968 	0.0457	  2.93564482614	0.0474	3235882065077707392	  2.7918 	0.0637	  1.638	0.083	 -0.434	0.076	0	    17312.0 	     28.089  	15.0925	0.0018	     4534.1  	      32.434   	16.2102	0.0078	     19324.0 	     62.68    	14.0467	0.0035	 2.1635	   --- 	 --- 	4106.98	---   	---   	  0.73	    0.137	  0.2  	ASCC_21
-0.2902	 0.4307	 0.2976	  909.253	  125.373	  353.0  	1.463	 8	 ---	 81.94560169411	0.0763	  2.99665391529	0.0813	3235886291325589632	  2.8838 	0.1096	  1.66 	0.14 	 -0.664	0.121	0	     7186.5 	      7.9038 	16.0471	0.0012	     1388.6  	      11.076   	17.4949	0.0087	      9125.5 	     25.851   	14.8613	0.0031	 2.6336	   --- 	 --- 	3629.17	---   	---   	  0.69	    0.073	  0.3  	ASCC_21
-0.2545	 0.1204	 0.1794	  388.778	   33.71 	  144.465	1.495	11	 ---	 81.93199412541	0.0762	  3.22703741925	0.0746	3235906189910100864	  2.9687 	0.0921	  1.613	0.14 	 -0.843	0.128	0	     7218.9 	     18.568  	16.0422	0.0028	     1193.7  	      35.41    	17.6592	0.0322	      9595.2 	     66.419   	14.8068	0.0075	 2.8524	   --- 	 --- 	3935.94	1.4167	0.801 	  0.51	    0.056	  0.4  	ASCC_21
-0.2311	 0.2329	 0.1918	  411.985	   86.464	  101.297	1.554	11	 ---	 81.99834451311	0.0953	  2.81513385539	0.0929	3235874200993875328	  2.6238 	0.1182	  1.093	0.173	  0.154	0.146	0	     4782.0 	     11.607  	16.4893	0.0026	      645.02 	       7.46    	18.3274	0.0126	      6784.7 	     66.978   	15.1831	0.0107	 3.1443	   --- 	 --- 	3717.06	1.5133	0.8447	  0.57	    0.055	  0.1  	ASCC_21
-0.369 	 0.1769	 0.1046	  890.45 	  129.203	  405.125	1.504	11	 ---	 81.63197207417	0.0901	  2.91453200189	0.0799	3235870112184901888	  2.7178 	0.0935	  1.569	0.172	  0.003	0.141	0	     8020.7 	      9.0075 	15.9278	0.0012	     1343.7  	      10.4     	17.5306	0.0084	     10721.0 	     26.464   	14.6863	0.0027	 2.8443	   --- 	 --- 	3906.89	1.1747	0.668 	  0.6 	    0.076	  0.2  	ASCC_21
-0.4388	 0.2239	 0.2473	  679.231	  117.665	  308.326	1.477	10	 ---	 81.9809820825 	0.0895	  3.01047364279	0.0901	3235886639219152384	  2.7001 	0.1043	  1.735	0.155	 -0.925	0.138	0	     5724.6 	      8.428  	16.294 	0.0016	     1021.8  	       8.6838  	17.828 	0.0092	      7434.4 	     24.112   	15.0838	0.0035	 2.7442	   --- 	 --- 	3891.24	---   	---   	  0.52	    0.056	  0.7  	ASCC_21
-0.261 	 0.2286	 0.147 	  226.096	   33.545	   84.03 	1.435	11	 ---	 81.75991275168	0.0566	  3.11297628573	0.0525	3235897595680582656	  2.9966 	0.0654	  1.14 	0.108	 -0.878	0.089	0	    12338.0 	     54.571  	15.4602	0.0048	     2856.9  	      85.165   	16.7117	0.0324	     14853.0 	    176.76    	14.3324	0.0129	 2.3793	   --- 	 --- 	3886.21	---   	---   	  0.69	    0.098	  1.0  	ASCC_21
 0.0253	 0.0979	 0.194 	  331.075	   68.795	  121.742	1.486	11	 ---	 82.19568953275	0.0677	  2.94119629189	0.0657	3235882649193266304	  2.6416 	0.0873	  1.494	0.134	 -0.414	0.111	0	     6735.0 	     20.343  	16.1175	0.0033	     1245.7  	      18.107   	17.6129	0.0158	      8760.9 	     71.963   	14.9055	0.0089	 2.7073	   --- 	 --- 	3875.61	---   	---   	  0.58	    0.069	  0.5  	ASCC_21
-0.0116	 0.2032	 0.273 	  817.498	   73.814	  278.634	1.499	11	 ---	 82.07612077479	0.0783	  2.97514335658	0.0803	3235885402268566784	  2.7135 	0.1077	  1.16 	0.142	 -0.47 	0.122	0	     7313.5 	      8.9462 	16.0281	0.0013	     1186.2  	      16.071   	17.666 	0.0147	      9774.0 	     35.078   	14.7867	0.0039	 2.8792	   --- 	 --- 	4024.28	1.1615	0.6483	  0.52	    0.065	  0.7  	ASCC_21
-0.8943	 0.5899	-0.4476	  842.273	  228.317	  445.587	1.369	 9	 ---	 82.03251167188	0.1308	  2.90607090734	0.1146	3235881721480293376	  2.7232 	0.0695	  1.555	0.233	 -0.501	0.197	0	    18445.0 	     21.899  	15.0237	0.0013	     5017.5  	      21.976   	16.1002	0.0048	     20242.0 	     45.428   	13.9963	0.0024	 2.1039	   --- 	 --- 	3837.24	2.494 	1.252 	  0.97	    0.183	  0.5  	ASCC_21
-0.2226	 0.2277	 0.1671	 1020.841	  100.47 	  362.993	1.444	11	 ---	 82.07832609873	0.069 	  2.89211555034	0.0645	3235880798063631488	  2.7942 	0.0815	  1.791	0.13 	 -0.259	0.109	0	     7353.6 	      7.2034 	16.0221	0.0011	     1500.7  	      14.937   	17.4106	0.0108	      9117.9 	     25.119   	14.8622	0.003 	 2.5484	   --- 	 --- 	3764.36	---   	---   	  0.63	    0.073	  0.2  	ASCC_21
 0.3363	 0.6747	 0.7208	  547.504	   34.907	  154.086	1.491	 7	 ---	 82.01432937568	0.173 	  2.92590959952	0.2633	3235884749433545728	  2.9572 	0.3863	  1.768	0.244	 -0.788	0.249	0	     3978.4 	      7.2664 	16.6891	0.002 	      679.87 	      19.477   	18.2703	0.0311	      5253.2 	     34.092   	15.4609	0.007 	 2.8095	   --- 	 --- 	3877.51	0.5425	0.3327	  --- 	    ---  	  0.4  	ASCC_21
-0.154 	 0.2604	 0.1738	  574.881	   79.808	  182.838	1.371	 9	 ---	 82.01898424863	0.0629	  2.93817290285	0.0603	3235884852512759296	  2.8102 	0.0697	  1.976	0.108	 -0.053	0.1  	0	    16615.0 	     28.902  	15.1371	0.0019	     4511.9  	      56.534   	16.2155	0.0136	     18272.0 	     99.935   	14.1075	0.0059	 2.108 	   --- 	 --- 	3791.75	---   	---   	  0.93	    0.159	  0.2  	ASCC_21
-0.3255	 0.1618	 0.2591	  474.611	   12.309	  158.682	1.541	11	 ---	 82.10074475909	0.1479	  2.9121700445 	0.1524	3235881210380489728	  2.9337 	0.2051	  1.196	0.28 	 -0.7  	0.245	0	     1872.0 	      3.9443 	17.5076	0.0023	      203.59 	      16.54    	19.5795	0.0882	      2680.7 	     16.893   	16.1913	0.0068	 3.3882	   --- 	 --- 	   --- 	---   	---   	  --- 	    ---  	  0.8  	ASCC_21
-0.0552	 0.0949	 0.1248	  423.834	  122.871	  164.354	1.278	11	 0.0	 81.93081728524	0.0351	  3.2189231679 	0.0344	3235905429699666816	  2.9842 	0.0438	  1.148	0.063	 -0.169	0.059	0	   247160.0 	    583.16   	12.2059	0.0026	   105980.0  	     862.51    	12.7884	0.0088	    209930.0 	   1277.3     	11.4567	0.0066	 1.3316	  19.04	 7.13	4844.85	---   	---   	  1.59	    1.256	  0.4  	ASCC_21
-0.3401	 0.2032	 0.2148	  549.756	   91.549	  202.553	1.426	11	 ---	 81.74828172743	0.0388	  2.7828628549 	0.0347	3235853413352060800	  2.7212 	0.0461	  1.484	0.075	 -0.443	0.063	1	    20405.0 	     37.116  	14.914 	0.002 	     4602.4  	      50.272   	16.1939	0.0119	     24498.0 	    120.94    	13.7891	0.0054	 2.4048	   --- 	 --- 	3410.0 	---   	---   	  1.51	    0.277	  0.5  	ASCC_21
-0.1313	 0.2439	 0.1756	 1038.681	  124.434	  340.366	1.411	11	 ---	 81.81212386434	0.064 	  2.77148446781	0.0583	3235852519998974848	  2.8909 	0.0779	  1.283	0.117	 -0.641	0.094	0	    11058.0 	     10.646  	15.5792	0.001 	     2555.8  	      20.54    	16.8326	0.0087	     13052.0 	     38.347   	14.4727	0.0032	 2.3598	   --- 	 --- 	3573.38	---   	---   	  0.89	    0.117	  0.9  	ASCC_21
-0.1725	 0.2776	 0.3903	  987.891	   64.663	  352.062	1.477	10	 ---	 82.05178509557	0.0707	  3.10572084347	0.0767	3235900657992394368	  2.7643 	0.1053	  1.228	0.136	 -0.881	0.133	0	     5558.7 	      5.6268 	16.3259	0.0011	     1059.0  	      16.377   	17.7892	0.0168	      7150.6 	     20.311   	15.1261	0.0031	 2.6631	   --- 	 --- 	3519.0 	---   	---   	  0.7 	    0.067	  0.5  	ASCC_21
-0.2411	 0.1357	 0.3455	  586.005	   23.364	  120.765	1.595	11	 ---	 81.91973201336	0.1169	  3.27763722401	0.1151	3235906666651331456	  2.7776 	0.1608	  1.654	0.225	 -0.64 	0.214	0	     1951.4 	      3.33   	17.4625	0.0019	      253.05 	      10.831   	19.3434	0.0465	      2859.2 	     23.676   	16.1213	0.009 	 3.2221	   --- 	 --- 	   --- 	---   	---   	  --- 	    ---  	  0.3  	ASCC_21
-0.3344	 0.2176	 0.2456	  273.461	   68.248	   99.259	1.504	11	 ---	 82.4308273734 	0.0742	  3.52341749738	0.0657	3236031568595586432	  2.7876 	0.0883	  0.946	0.145	 -0.288	0.12 	0	    10577.0 	     38.677  	15.6275	0.004 	     1771.9  	      25.962   	17.2303	0.0159	     14134.0 	    142.39    	14.3863	0.0109	 2.844 	   --- 	 --- 	3915.08	---   	---   	  0.67	    0.095	  0.7  	ASCC_21
-0.3342	 0.0824	 0.1474	  866.155	   40.936	  274.245	1.54 	11	 ---	 82.23071916572	0.088 	  3.52740711908	0.0766	3236011601291741952	  2.9172 	0.0943	  0.953	0.179	 -0.273	0.142	0	     4344.4 	      5.0157 	16.5935	0.0013	      609.13 	      14.88    	18.3896	0.0265	      6082.2 	     22.178   	15.3018	0.004 	 3.0879	   --- 	 --- 	3949.56	---   	---   	  --- 	    ---  	  0.6  	ASCC_21
-0.212 	-0.0088	 0.0823	 2265.821	  798.202	  887.699	1.186	11	 0.0	 82.29562529771	0.0344	  3.56603186482	0.0285	3236035416886134016	  2.7619 	0.0378	  1.449	0.069	 -0.55 	0.056	0	  1439100.0 	    635.12   	10.2932	0.0005	   821290.0  	    1028.9     	10.5651	0.0014	    886040.0 	    998.13    	 9.8933	0.0012	 0.6719	  41.78	 5.13	6144.83	---   	---   	  2.39	    7.336	  0.5  	ASCC_21
-0.6029	-0.0752	 0.3903	  472.084	   12.165	  205.009	1.643	10	 ---	 81.71748886254	0.1439	  3.57564679713	0.128 	3236070115927664640	  3.1043 	0.1688	  0.927	0.329	 -0.485	0.299	0	     1362.4 	      2.886  	17.8526	0.0023	      171.28 	      14.079   	19.7671	0.0892	      2066.8 	     10.081   	16.4737	0.0053	 3.2934	   --- 	 --- 	   --- 	---   	---   	  --- 	    ---  	  1.0  	ASCC_21
-0.0998	 0.2241	 0.2443	  225.518	   29.888	   97.241	1.481	11	 ---	 82.75168959286	0.0781	  3.71708304307	0.0743	3236041494264341248	  2.6046 	0.0943	  1.22 	0.145	 -0.737	0.125	0	     6144.2 	     27.245  	16.2172	0.0048	     1221.8  	      40.878   	17.6339	0.0363	      7876.4 	     80.999   	15.0211	0.0112	 2.6128	   --- 	 --- 	3674.67	---   	---   	  0.67	    0.074	  0.5  	ASCC_21
-0.4886	-0.1892	 0.3423	  201.752	   42.302	   79.783	1.41 	10	 ---	 82.18848465618	0.0532	  3.50442001412	0.0457	3236011502508251776	  2.7837 	0.0619	  0.603	0.129	 -0.144	0.106	0	    30942.0 	    153.37   	14.462 	0.0054	     7746.6  	     183.13    	15.6286	0.0257	     35889.0 	    449.83    	13.3745	0.0136	 2.2541	   --- 	 --- 	3876.0 	2.3158	1.1663	  1.19	    0.286	  0.6  	ASCC_21
-0.3636	 0.217 	 0.0449	  731.888	   56.818	  301.381	1.444	10	 ---	 82.47585294813	0.0752	  3.37472516846	0.0608	3235993498005483904	  2.8623 	0.0759	  1.738	0.153	 -0.794	0.115	0	     6922.4 	      9.4583 	16.0877	0.0015	     1373.3  	      24.171   	17.5069	0.0191	      8625.5 	     28.62    	14.9225	0.0036	 2.5845	   --- 	 --- 	3880.14	---   	---   	  0.54	    0.06 	  0.8  	ASCC_21
-0.3704	-0.0023	 0.2926	  555.276	   25.421	  265.429	1.517	10	 ---	 82.09522488851	0.1056	  3.48720070957	0.0938	3236056681270134656	  2.9323 	0.1287	  1.869	0.222	 -0.014	0.167	0	     2432.2 	      4.3802 	17.2234	0.002 	      356.04 	      14.006   	18.9727	0.0427	      3334.7 	     12.564   	15.9543	0.0041	 3.0184	   --- 	 --- 	   --- 	---   	---   	  --- 	    ---  	  0.6  	ASCC_21
-0.2914	 0.0871	 0.149 	  747.874	   77.089	  297.386	1.46 	11	 ---	 82.22637834898	0.0659	  3.52881597834	0.0568	3236011601291744384	  2.8637 	0.0696	  1.139	0.132	 -0.879	0.104	0	     6714.2 	      8.9777 	16.1209	0.0015	     1277.7  	      16.575   	17.5853	0.0141	      8526.6 	     28.672   	14.935 	0.0037	 2.6503	   --- 	 --- 	3837.19	---   	---   	  0.55	    0.06 	  1.0  	ASCC_21
-0.321 	 0.1797	 0.2131	  326.776	   75.606	  138.942	1.294	11	 ---	 81.6531428347 	0.0664	  3.48955918206	0.0615	3235972572924494592	  2.6783 	0.0745	  1.041	0.124	 -0.724	0.107	0	    64408.0 	    197.1    	13.666 	0.0033	    23090.0  	     305.4     	14.4428	0.0144	     60263.0 	    433.73    	12.8118	0.0078	 1.631 	   --- 	 --- 	4203.41	---   	---   	  1.36	    0.524	  0.6  	ASCC_21
-0.349 	 0.1198	 0.1551	  493.183	   16.083	  212.823	1.55 	11	 ---	 82.22242806834	0.164 	  3.51117058299	0.1399	3236011571227720576	  3.0331 	0.1748	  1.238	0.33 	 -0.408	0.261	1	     1269.2 	      2.5734 	17.9296	0.0022	      120.72 	       7.5058  	20.147 	0.0675	      1846.6 	      8.6765  	16.596 	0.0051	 3.551 	   --- 	 --- 	   --- 	---   	---   	  --- 	    ---  	  0.7  	ASCC_21
-0.1782	-0.1006	 0.2633	  200.062	   52.43 	   68.378	1.278	10	 ---	 82.37532057212	0.0248	  3.33425329532	0.022 	3235992153679210240	  2.6252 	0.0299	  1.228	0.055	 -0.955	0.042	0	    69358.0 	    346.68   	13.5856	0.0054	    27231.0  	     519.37    	14.2637	0.0207	     61410.0 	    898.09    	12.7913	0.0159	 1.4724	   --- 	 --- 	4480.0 	1.3863	0.694 	  1.19	    0.514	  0.6  	ASCC_21
-0.3573	 0.2427	 0.2689	  683.14 	   41.959	  581.032	1.519	10	 ---	 81.69989328414	0.0972	  3.57910744444	0.0939	3236070188941283712	  2.6276 	0.1184	  1.182	0.163	 -0.061	0.136	0	     4128.5 	      6.0435 	16.6489	0.0016	      758.26 	      18.072   	18.1518	0.0259	      5512.3 	      9.4871  	15.4086	0.0019	 2.7432	   --- 	 --- 	3921.1 	---   	---   	  --- 	    ---  	  0.3  	ASCC_21
-0.349 	 0.1153	 0.4878	  473.506	   15.347	  104.075	1.656	 9	 ---	 81.93666157419	0.1255	  3.70407172187	0.1206	3236075716564528384	  2.8333 	0.188 	  1.348	0.255	 -0.45 	0.221	0	     2582.6 	      5.4542 	17.1582	0.0023	      415.57 	      27.079   	18.8048	0.0707	      3860.3 	     37.091   	15.7954	0.0104	 3.0094	   --- 	 --- 	   --- 	---   	---   	  --- 	    ---  	  0.6  	ASCC_21
-0.3689	 0.2107	 0.213 	  672.464	   39.95 	  333.257	2.041	11	 ---	 82.38624607322	0.1005	  3.43468187537	0.0876	3236006516050334080	  2.8032 	0.115 	  1.683	0.198	 -1.111	0.165	0	     2857.6 	      4.2495 	17.0483	0.0016	      496.15 	      12.419   	18.6124	0.0272	      5337.4 	     16.016   	15.4436	0.0033	 3.1688	   --- 	 --- 	4087.7 	---   	---   	  --- 	    ---  	  0.6  	ASCC_21
-0.2529	 0.2537	 0.3078	  425.465	   12.096	  114.4  	1.839	10	 ---	 81.59005714434	0.191 	  3.49091944523	0.2008	3235975493502260864	  2.702  	0.252 	  1.407	0.305	 -0.276	0.267	0	     1357.2 	      3.1898 	17.8568	0.0026	      145.3  	      12.012   	19.9457	0.0898	      2351.1 	     20.552   	16.3337	0.0095	 3.612 	   --- 	 --- 	   --- 	---   	---   	  --- 	    ---  	  0.3  	ASCC_21
-0.4082	 0.1706	 0.2588	  744.512	  123.916	  347.769	1.443	11	 ---	 82.09827237153	0.0638	  3.79336016414	0.0571	3236100666029286400	  3.071  	0.0769	  1.488	0.129	 -0.325	0.114	0	     7099.5 	      9.5358 	16.0603	0.0015	     1423.1  	      11.485   	17.4683	0.0088	      8822.2 	     25.368   	14.898 	0.0031	 2.5703	   --- 	 --- 	4062.38	---   	---   	  --- 	    ---  	  0.7  	ASCC_21
-0.2522	 0.2701	 0.2174	  186.504	   41.6  	   73.647	1.395	11	 ---	 81.59813141103	0.0459	  3.222485305  	0.0413	3235949517540231808	  3.0342 	0.0554	  1.656	0.085	 -0.082	0.072	0	    20605.0 	    110.48   	14.9034	0.0058	     5434.6  	     130.64    	16.0135	0.0261	     23314.0 	    316.56    	13.8429	0.0147	 2.1706	   --- 	 --- 	3569.25	---   	---   	  1.17	    0.199	  0.4  	ASCC_21
-0.3101	 0.1296	 0.3124	  696.494	   30.597	  210.773	1.532	11	 ---	 81.92162317206	0.0981	  3.51225712649	0.0902	3236054928922547584	  2.9797 	0.1267	  1.779	0.196	 -0.949	0.167	0	     2724.1 	      3.9111 	17.1003	0.0016	      443.72 	      14.502   	18.7336	0.0355	      3730.9 	     17.701   	15.8324	0.0052	 2.9012	   --- 	 --- 	   --- 	---   	---   	  --- 	    ---  	  0.8  	ASCC_21
-0.3644	 0.112 	 0.2404	 2001.037	  592.532	  583.902	1.144	10	 ---	 82.02884779586	0.0623	  3.5357360036 	0.0525	3236060774373087104	  2.8889 	0.0719	  1.453	0.127	 -0.867	0.099	0	 18096000.0 	   9043.3    	 7.5444	0.0005	 13698000.0  	   23118.0     	 7.5097	0.0018	   7006600.0 	  12000.0     	 7.6482	0.0019	-0.1384	   --- 	 --- 	8868.67	0.2065	0.0965	  --- 	    ---  	  0.9  	ASCC_21
-0.2802	 0.1777	 0.1044	 1650.73 	  590.732	  370.562	1.149	11	 ---	 82.24386476536	0.0661	  3.64701911811	0.0578	3236083864117227264	  2.6457 	0.0701	  1.549	0.131	 -0.824	0.102	0	  4898200.0 	   2967.3    	 8.9633	0.0007	  3573800.0  	    6049.8     	 8.9686	0.0018	   2055700.0 	   5547.4     	 8.9795	0.0029	-0.011 	   --- 	 --- 	9777.0 	0.189 	0.092 	  --- 	    ---  	  0.9  	ASCC_21
-0.3366	 0.2506	 0.339 	  599.786	   78.486	  239.503	1.518	10	 ---	 82.13316135152	0.0782	  3.76364115444	0.0727	3236088640120857472	  2.8497 	0.1039	  1.208	0.157	 -0.393	0.14 	0	     7724.3 	     12.878  	15.9687	0.0018	     1189.4  	      15.154   	17.6631	0.0138	     10535.0 	     43.989   	14.7053	0.0045	 2.9578	   --- 	 --- 	3833.9 	---   	---   	  0.6 	    0.07 	  0.6  	ASCC_21
-0.6163	 0.3293	-0.0271	  207.162	   44.328	   66.528	1.422	10	 ---	 82.62197302965	0.072 	  3.5087403942 	0.0647	3236019748845572224	  2.6482 	0.0669	  1.443	0.128	 -0.802	0.111	0	    14137.0 	     68.243  	15.3124	0.0052	     3604.6  	      81.318   	16.4592	0.0245	     16501.0 	    248.03    	14.2182	0.0163	 2.2411	   --- 	 --- 	3727.45	---   	---   	  0.96	    0.16 	  0.6  	ASCC_21
-0.4556	 0.2648	-0.0387	  624.179	   13.818	  285.847	1.626	10	 ---	 82.00580532963	0.1299	  3.95081706637	0.1085	3236106782062606848	  3.0151 	0.1181	  1.737	0.249	 -0.858	0.196	0	     1817.9 	      2.9125 	17.5394	0.0017	      199.9  	      14.466   	19.5994	0.0786	      2755.3 	      9.6389  	16.1615	0.0038	 3.4378	   --- 	 --- 	   --- 	---   	---   	  --- 	    ---  	  0.4  	ASCC_21
-0.4244	 0.0543	 0.4148	  779.338	  110.938	  306.63 	1.495	10	 ---	 81.8629560875 	0.0828	  3.62064052868	0.0733	3236069050775158528	  2.947  	0.1081	  1.174	0.172	 -0.523	0.146	0	     5207.1 	      6.6814 	16.3969	0.0014	      935.23 	       8.4302  	17.9241	0.0098	      6850.6 	     22.342   	15.1726	0.0035	 2.7515	   --- 	 --- 	4275.44	---   	---   	  --- 	    ---  	  0.9  	ASCC_21
-0.4253	 0.338 	 0.1442	   89.336	   19.007	   38.121	1.393	10	 ---	 81.5880626247 	0.1061	  3.10119756501	0.093 	3235943775168564608	  2.8789 	0.1221	  1.04 	0.193	  0.126	0.151	0	    41274.0 	    462.01   	14.1492	0.0122	    10572.0  	     556.2     	15.291 	0.0571	     46911.0 	   1230.6     	13.0837	0.0285	 2.2073	   --- 	 --- 	3597.0 	2.8687	1.464 	  1.69	    0.433	  0.2  	ASCC_21
-0.3398	 0.2143	 0.2403	  294.274	   41.068	   98.578	1.463	11	 ---	 81.97827807773	0.0654	  3.79298804144	0.0572	3236081111043572608	  2.9774 	0.0777	  1.391	0.127	 -0.483	0.105	0	     8644.3 	     29.375  	15.8465	0.0037	     1697.1  	      41.324   	17.2771	0.0264	     10954.0 	    111.12    	14.663 	0.011 	 2.6141	   --- 	 --- 	3486.84	0.577 	0.3327	  0.83	    0.092	  0.8  	ASCC_21
-0.1383	 0.0336	 0.3216	  416.273	   24.047	  155.638	1.565	11	 ---	 81.95650822962	0.1638	  3.39838750782	0.1552	3236050737034348160	  2.8859 	0.2157	  1.178	0.338	 -0.544	0.271	0	     1398.0 	      3.3584 	17.8246	0.0026	      164.81 	       6.8537  	19.8089	0.0452	      2022.7 	     12.996   	16.4971	0.007 	 3.3118	   --- 	 --- 	   --- 	---   	---   	  --- 	    ---  	  0.8  	ASCC_21
-0.2583	 0.2915	 0.2465	  707.326	   62.347	  252.729	1.498	11	 ---	 82.18936216602	0.0789	  3.93016177159	0.0754	3236104510025586560	  3.0179 	0.1014	  1.36 	0.143	 -0.801	0.121	0	     4878.7 	      6.8974 	16.4676	0.0015	      837.12 	      13.427   	18.0444	0.0174	      6470.7 	     25.603   	15.2345	0.0043	 2.8099	   --- 	 --- 	3891.21	---   	---   	  --- 	    ---  	  1.0  	ASCC_21
-0.2147	 0.1321	 0.1512	  393.15 	   96.468	  133.55 	1.268	11	 ---	 82.40218192362	0.0236	  3.49916773552	0.0212	3236031048908635008	  2.9039 	0.0273	  1.761	0.047	 -0.427	0.037	0	    77883.0 	    198.1    	13.4598	0.0028	    30383.0  	     314.96    	14.1448	0.0113	     68356.0 	    511.84    	12.675 	0.0081	 1.4698	   --- 	 --- 	4417.11	1.2107	0.6047	  1.19	    0.485	  0.3  	ASCC_21
-0.4354	 0.5573	 0.048 	 2116.172	  554.208	  586.021	1.149	 8	 ---	 82.49372367335	0.0802	  3.5619450156 	0.0713	3236033183503281152	  2.7446 	0.0924	  1.729	0.156	 -0.876	0.111	0	  4786300.0 	   2261.8    	 8.9884	0.0005	  3490800.0  	    6298.6     	 8.9941	0.002 	   2009900.0 	   3429.7     	 9.004 	0.0019	-0.0099	   --- 	 --- 	9777.0 	0.0553	0.019 	  --- 	    ---  	  0.8  	ASCC_21
-0.5326	-0.062 	 0.363 	  449.152	   18.862	  170.471	1.644	10	 ---	 81.79668150372	0.1425	  3.70508214882	0.1254	3236078602783219456	  2.9005 	0.172 	  1.062	0.326	 -0.287	0.28 	0	     1293.3 	      2.8795 	17.9091	0.0024	      204.54 	      10.844   	19.5745	0.0576	      1921.5 	     11.272   	16.5528	0.0064	 3.0216	   --- 	 --- 	   --- 	---   	---   	  --- 	    ---  	  0.6  	ASCC_21
-0.1376	-0.0397	 0.4606	  436.912	   73.141	  278.214	1.46 	 9	 ---	 81.99891783701	0.0793	  3.48378855601	0.0771	3236051703402168704	  2.9248 	0.1102	  1.44 	0.171	 -0.228	0.138	0	     7871.8 	     18.017  	15.9482	0.0025	     1547.7  	      21.161   	17.3772	0.0148	      9942.5 	     35.737   	14.7682	0.0039	 2.609 	   --- 	 --- 	3678.62	---   	---   	  0.68	    0.075	  0.2  	ASCC_21
-0.8459	 0.5841	-0.3612	 2522.34 	  574.093	  775.685	1.151	 9	 ---	 82.52403275258	0.1417	  3.53982856566	0.1288	3236032152711129216	  2.7142 	0.0894	  1.168	0.257	 -0.543	0.203	0	  3953700.0 	   1567.5    	 9.1959	0.0004	  2876200.0  	    5010.0     	 9.2043	0.0019	   1673800.0 	   2157.9     	 9.2026	0.0014	 0.0017	   --- 	 --- 	9505.75	0.1027	0.0523	  --- 	    ---  	  0.7  	ASCC_21
-0.2721	 0.2402	 0.3168	  915.202	   65.252	  340.371	1.47 	11	 ---	 82.59203465962	0.0748	  3.75709838175	0.0726	3236045518649161216	  2.8217 	0.0964	  1.463	0.139	 -0.549	0.13 	0	     4860.0 	      5.3103 	16.4718	0.0012	      843.93 	      12.933   	18.0356	0.0166	      6298.7 	     18.505   	15.2638	0.0032	 2.7718	   --- 	 --- 	3866.0 	---   	---   	  --- 	    ---  	  0.5  	ASCC_21
-0.2971	 0.1974	 0.2287	  740.286	   74.976	  183.775	1.506	11	 ---	 82.11238274861	0.0831	  3.6540660029 	0.0728	3236063660591080960	  3.0744 	0.0975	  1.526	0.163	 -0.609	0.131	0	     5389.4 	      7.2801 	16.3595	0.0015	      931.16 	      12.419   	17.9288	0.0145	      7186.4 	     39.104   	15.1206	0.0059	 2.8082	   --- 	 --- 	3904.36	---   	---   	  --- 	    ---  	  0.7  	ASCC_21
-0.4525	 0.2313	 0.0279	  285.769	   80.862	  119.707	1.236	10	 0.0	 81.56643536617	0.0868	  3.08385533741	0.0729	3235943642024991872	  2.9678 	0.0911	  1.352	0.17 	 -1.125	0.132	0	   415010.0 	   1452.2    	11.6432	0.0038	   189910.0  	    2348.6     	12.155 	0.0134	    322870.0 	   2697.2     	10.9893	0.0091	 1.1657	  12.72	 6.25	4964.93	2.1563	1.0443	  1.94	    2.071	  0.8  	ASCC_21
-0.401 	 0.2326	 0.2261	  543.534	  145.652	  227.125	1.222	11	 0.0	 82.35864387928	0.0334	  3.55445221646	0.0308	3236034660971883136	  2.8727 	0.04  	  1.88 	0.065	 -0.29 	0.057	0	   375630.0 	    691.08   	11.7515	0.002 	   188180.0  	    1292.0     	12.165 	0.0075	    270780.0 	   1192.2     	11.1804	0.0048	 0.9846	  12.97	 2.14	5332.0 	1.007 	0.4817	  1.6 	    1.875	  0.2  	ASCC_21
-0.1514	 0.0884	 0.2824	  350.917	   78.706	  131.847	1.409	11	 ---	 82.22758834998	0.0418	  3.08430312999	0.0388	3235978688958293760	  2.9856 	0.0531	  1.521	0.083	 -0.35 	0.068	0	    25295.0 	     72.083  	14.6808	0.0031	     6339.6  	      80.548   	15.8462	0.0138	     29300.0 	    222.23    	13.5947	0.0082	 2.2515	   --- 	 --- 	3669.87	---   	---   	  1.2 	    0.234	  0.6  	ASCC_21
-0.3977	 0.1038	 0.36  	  878.989	  110.971	  303.371	1.457	11	 ---	 82.13854738976	0.0637	  3.30873698468	0.0591	3235998480167444608	  2.8556 	0.0833	  1.238	0.13 	 -0.386	0.12 	0	     6322.9 	      7.1934 	16.1861	0.0012	     1204.7  	      10.856   	17.6492	0.0098	      8007.3 	     26.394   	15.0032	0.0036	 2.646 	   --- 	 --- 	4028.72	---   	---   	  --- 	    ---  	  0.5  	ASCC_21
-0.291 	 0.0311	 0.1781	  164.644	   31.119	   68.14 	1.451	10	 ---	 81.62893836836	0.0564	  3.6154985299 	0.055 	3236071352877620864	  3.085  	0.0626	  1.267	0.106	 -0.388	0.088	0	    26266.0 	    159.53   	14.6399	0.0066	     5801.7  	     186.44    	15.9425	0.0349	     32316.0 	    474.27    	13.4884	0.0159	 2.4541	   --- 	 --- 	3523.95	2.731 	1.374 	  1.35	    0.253	  0.8  	ASCC_21
-0.0786	 0.1906	 0.3278	  440.366	   84.73 	  179.857	1.416	10	 ---	 82.25006839583	0.0619	  3.07218223728	0.0515	3235978414080385792	  3.16   	0.0742	  1.417	0.114	 -0.989	0.089	0	    25568.0 	     58.061  	14.6691	0.0025	     6223.4  	      73.45    	15.8663	0.0128	     29989.0 	    166.73    	13.5695	0.006 	 2.2968	   --- 	 --- 	3483.67	---   	---   	  1.35	    0.243	  0.8  	ASCC_21
-0.2431	 0.2194	 0.1976	 2602.838	  866.069	  598.448	1.151	11	 ---	 82.12639617662	0.0599	  3.67448889955	0.0511	3236063866749507200	  2.6288 	0.068 	  1.476	0.112	 -0.778	0.093	0	  5490200.0 	   2109.3    	 8.8394	0.0004	  4032300.0  	    4655.9     	 8.8375	0.0013	   2285700.0 	   3819.4     	 8.8644	0.0018	-0.0269	   --- 	 --- 	9709.25	0.174 	0.086 	  --- 	    ---  	  0.7  	ASCC_21
-0.273 	 0.2404	 0.347 	  496.655	   26.718	  262.285	1.539	11	 ---	 81.77901424984	0.0974	  3.45484397902	0.0945	3236053421389113856	  2.7799 	0.1326	  1.209	0.176	 -0.194	0.152	0	     4891.5 	      9.8489 	16.4648	0.0022	      753.34 	      28.196   	18.1589	0.0406	      6773.3 	     25.824   	15.1849	0.0041	 2.974 	   --- 	 --- 	4514.46	1.057 	0.592 	  --- 	    ---  	  0.2  	ASCC_21
-0.213 	 0.2352	 0.1597	  386.615	    5.933	   63.386	1.756	11	 ---	 82.41703847752	0.208 	  3.93353195558	0.1958	3236098393992171904	  3.0835 	0.2342	  1.133	0.39 	 -0.039	0.324	0	     1357.2 	      3.5106 	17.8567	0.0028	      242.5  	      40.876   	19.3896	0.183 	      2141.1 	     33.779   	16.4353	0.0171	 2.9543	   --- 	 --- 	   --- 	---   	---   	  --- 	    ---  	  0.3  	ASCC_21
 0.1777	-0.3723	 0.3088	 1231.447	  243.59 	  112.01 	1.4  	 7	 ---	 82.03569521524	0.0664	  3.52886145968	0.0667	3236057819435587584	  2.9325 	0.0931	  1.48 	0.178	 -0.89 	0.105	0	    16237.0 	     13.185  	15.1621	0.0009	     4274.2  	      17.547   	16.2743	0.0045	     18457.0 	    164.78    	14.0965	0.0097	 2.1777	   --- 	 --- 	3842.0 	---   	---   	  0.84	    0.138	  0.9  	ASCC_21
-0.1334	 0.1137	 0.1683	  316.735	   80.497	  127.405	1.289	11	 ---	 82.17949175075	0.0357	  3.64540425114	0.0308	3236060602574359296	  3.0608 	0.0397	  1.068	0.071	 -0.22 	0.056	0	    92410.0 	    291.76   	13.2741	0.0034	    35190.0  	     437.16    	13.9853	0.0135	     83963.0 	    659.03    	12.4517	0.0085	 1.5336	   --- 	 --- 	4356.22	---   	---   	  1.28	    0.532	  0.6  	ASCC_21
-0.3992	 0.1921	 0.2211	  523.738	   38.093	  268.569	1.566	11	 ---	 81.89622622803	0.0977	  3.78451620269	0.0831	3236080806100414592	  3.191  	0.1089	  1.192	0.19 	 -0.705	0.155	0	     3142.4 	      5.9999 	16.9452	0.0021	      494.72 	      12.987   	18.6155	0.0285	      4424.8 	     16.475   	15.6472	0.004 	 2.9683	   --- 	 --- 	4619.04	1.0988	0.674 	  --- 	    ---  	  0.9  	ASCC_21
-0.3839	 0.1931	 0.2309	 1029.816	   94.705	  385.832	1.487	11	 ---	 81.89702298237	0.077 	  3.78395235071	0.0653	3236080806100414464	  2.8722 	0.0868	  1.427	0.149	 -0.649	0.121	0	     5433.0 	      5.2757 	16.3508	0.0011	      960.46 	      10.142   	17.8952	0.0115	      7120.3 	     18.454   	15.1307	0.0028	 2.7645	   --- 	 --- 	4070.9 	0.742 	0.3803	  --- 	    ---  	  0.5  	ASCC_21
-0.3292	 0.0689	 0.2819	  384.14 	   97.282	  162.488	1.43 	10	 ---	 82.45475417478	0.0655	  3.42905950662	0.0556	3236018095282158080	  2.8652 	0.0748	  1.724	0.137	 -0.781	0.109	0	    10875.0 	     28.311  	15.5973	0.0028	     2490.4  	      25.6     	16.8607	0.0112	     13058.0 	     80.364   	14.4722	0.0067	 2.3885	   --- 	 --- 	3829.0 	---   	---   	  0.71	    0.098	  0.8  	ASCC_21
-0.2363	-0.0081	 0.0638	   75.555	    9.258	   44.042	1.574	10	 ---	 82.19697878078	0.1552	  3.57608438798	0.1322	3236059258249660928	  2.8605 	0.1702	  0.988	0.313	 -1.075	0.226	0	     1736.1 	     22.978  	17.5894	0.0144	      332.87 	      35.954   	19.0457	0.1173	      2400.3 	     54.5     	16.3113	0.0247	 2.7344	   --- 	 --- 	   --- 	---   	---   	  --- 	    ---  	  0.8  	ASCC_21
-0.4148	 0.0932	 0.2801	  601.695	  176.023	  150.298	1.357	10	 ---	 81.9679240728 	0.0282	  3.58695419095	0.0247	3236061938308977792	  2.7943 	0.0335	  1.761	0.058	 -0.528	0.047	0	    34961.0 	     58.104  	14.3294	0.0018	    11649.0  	      66.177   	15.1857	0.0062	     35799.0 	    238.19    	13.3772	0.0072	 1.8084	   --- 	 --- 	3973.0 	---   	---   	  1.16	    0.3  	  0.2  	ASCC_21
-0.381 	 0.046 	 0.3795	  685.325	  171.009	  270.395	1.319	10	 ---	 81.88756455298	0.0262	  3.69687329774	0.0233	3236075819643268224	  2.822  	0.0333	  0.971	0.054	 -0.609	0.046	0	    36611.0 	     53.421  	14.2793	0.0016	    11829.0  	      69.17    	15.1691	0.0063	     36456.0 	    134.82    	13.3575	0.004 	 1.8115	   --- 	 --- 	4036.4 	---   	---   	  1.11	    0.296	  0.9  	ASCC_21
-0.2289	 0.1208	 0.0883	  237.954	   52.433	   81.155	1.381	11	 ---	 82.44879765867	0.06  	  3.73766097303	0.0549	3236044483561593472	  2.9461 	0.0658	  1.351	0.106	 -0.774	0.09 	0	    16276.0 	     68.401  	15.1595	0.0046	     4203.1  	      80.161   	16.2925	0.0207	     18275.0 	    225.19    	14.1073	0.0134	 2.1852	   --- 	 --- 	3929.7 	---   	---   	  0.78	    0.129	  1.0  	ASCC_21
-0.2939	 0.2152	 0.129 	  462.296	  142.279	  174.321	1.273	10	 ---	 82.7162958165 	0.0281	  3.4964640165 	0.0285	3236016553389896192	  2.8867 	0.0325	  1.804	0.049	 -0.587	0.047	0	    85483.0 	    184.91   	13.3587	0.0023	    34480.0  	     242.34    	14.0075	0.0076	     74330.0 	    426.4     	12.584 	0.0062	 1.4235	   --- 	 --- 	4654.0 	1.2733	0.6623	  1.08	    0.492	  0.3  	ASCC_21
-0.5415	 0.3416	-0.0575	  547.636	  146.107	  205.372	1.238	10	 0.0	 82.57534060362	0.0573	  3.43202507714	0.0511	3236017305007721600	  2.7876 	0.0533	  1.333	0.102	 -0.668	0.083	0	   204020.0 	    372.55   	12.4142	0.002 	    91011.0  	     622.9     	12.9537	0.0074	    161570.0 	    786.73    	11.741 	0.0053	 1.2127	  13.35	 3.59	4913.29	1.332 	0.6687	  1.49	    1.168	  0.8  	ASCC_21
-0.369 	 0.2903	 0.2183	  928.939	   65.604	  256.884	1.486	 9	 ---	 82.44663962357	0.118 	  3.55013544572	0.1139	3236031701738724352	  2.6659 	0.1468	  1.389	0.187	 -0.937	0.152	0	     5644.9 	      6.0767 	16.3092	0.0012	      979.45 	      14.93    	17.8739	0.0165	      7407.5 	     28.836   	15.0877	0.0042	 2.7862	   --- 	 --- 	3586.94	0.797 	0.471 	  0.68	    0.07 	  0.8  	ASCC_21
-0.2244	 0.2939	 0.2126	 2925.354	 1227.131	 1794.683	1.181	11	 0.0	 82.58040893245	0.0419	  3.61562450761	0.04  	3236038990299050624	  2.8568 	0.051 	  1.556	0.073	 -0.331	0.067	0	  1096200.0 	    374.73   	10.5886	0.0004	   661220.0  	     538.83    	10.8005	0.0009	    633170.0 	    352.81    	10.2581	0.0006	 0.5424	  20.83	 6.7 	6884.9 	0.7775	0.3727	  1.6 	    5.205	  0.2  	ASCC_21
-0.5129	-0.1567	 0.4699	  396.869	   12.799	  105.438	1.669	10	 ---	 81.92701998609	0.1623	  3.72680333246	0.1393	3236077468911215744	  3.0859 	0.2124	  1.105	0.375	 -0.583	0.322	0	     1450.6 	      3.655  	17.7845	0.0027	      123.2  	       9.626   	20.1249	0.0848	      2297.9 	     21.793   	16.3586	0.0103	 3.7663	   --- 	 --- 	   --- 	---   	---   	  --- 	    ---  	  0.7  	ASCC_21
-0.0489	 0.1756	 0.1821	  241.069	   55.115	   62.032	1.38 	 9	 ---	 82.41193749602	0.0385	  3.98608811921	0.0383	3236099944475003136	  2.9746 	0.0446	  1.821	0.071	 -0.645	0.066	0	    18090.0 	     75.043  	15.0447	0.0045	     4899.0  	      88.887   	16.1261	0.0197	     20066.0 	    323.47    	14.0058	0.0175	 2.1203	   --- 	 --- 	3661.12	---   	---   	  1.02	    0.17 	  0.3  	ASCC_21
-0.2701	 0.3011	 0.1913	 1795.803	 1066.764	  748.605	1.16 	11	 ---	 82.25854766596	0.052 	  3.88626432128	0.0498	3236103139930423808	  2.6879 	0.0629	  1.188	0.093	 -0.873	0.079	0	  1938600.0 	   1079.5    	 9.9696	0.0006	  1284100.0  	    1203.8     	10.0799	0.001 	    965160.0 	   1289.3     	 9.8004	0.0015	 0.2794	   --- 	 --- 	8022.0 	0.591 	0.294 	  --- 	    ---  	  0.5  	ASCC_21
 0.1692	 0.0814	 0.1717	  256.032	   72.043	   93.189	1.227	10	 0.0	 82.27152469958	0.0401	  3.23462233663	0.037 	3235985423466993792	  2.966  	0.0436	  1.54 	0.076	 -0.635	0.067	0	   195260.0 	    762.66   	12.4618	0.0042	    94230.0  	    1308.0     	12.9159	0.0151	    145320.0 	   1559.4     	11.8561	0.0117	 1.0598	  12.08	 1.61	5184.37	0.691 	0.325 	  1.2 	    0.935	  0.6  	ASCC_21
-0.1947	 0.128 	 0.2689	  710.156	   48.213	  357.615	1.54 	11	 ---	 81.9451902868 	0.088 	  3.28044043141	0.0908	3236000468737076352	  2.9831 	0.1169	  1.724	0.171	 -0.376	0.148	0	     2939.7 	      4.1396 	17.0176	0.0015	      445.75 	       9.2454  	18.7287	0.0225	      4080.3 	     11.41    	15.7352	0.003 	 2.9935	   --- 	 --- 	4323.74	---   	---   	  --- 	    ---  	  0.6  	ASCC_21
-0.4808	 0.2864	 0.1738	  170.849	   33.774	   62.253	1.456	10	 ---	 82.45448115727	0.0765	  3.6702071227 	0.0751	3236038131305435520	  2.7509 	0.0836	  1.547	0.136	 -0.487	0.126	0	     8068.1 	     47.223  	15.9214	0.0064	     1635.4  	      48.422   	17.3173	0.0321	     10108.0 	    162.37    	14.7503	0.0174	 2.567 	   --- 	 --- 	3282.0 	---   	---   	  --- 	    ---  	  0.4  	ASCC_21
-0.1545	 0.2402	 0.2595	  838.163	   16.384	  244.938	1.534	11	 ---	 82.45289944511	0.1219	  3.36366544166	0.1196	3235993356270439808	  2.6158 	0.1658	  1.171	0.218	 -0.709	0.172	0	     3296.2 	      3.9326 	16.8933	0.0013	      473.34 	      28.891   	18.6635	0.0663	      4582.8 	     18.71    	15.6091	0.0044	 3.0544	   --- 	 --- 	3916.49	0.608 	0.354 	  --- 	    ---  	  0.6  	ASCC_21
-0.1142	-0.3402	 0.2431	  768.111	   24.747	  301.152	1.5  	 9	 ---	 82.30645444583	0.1043	  3.20983072427	0.091 	3235984530113795200	  2.6535 	0.1311	  1.183	0.261	 -0.364	0.156	0	     3896.7 	      5.0731 	16.7116	0.0014	      639.25 	      25.831   	18.3372	0.0439	      5205.0 	     17.284   	15.4709	0.0036	 2.8664	   --- 	 --- 	3909.93	---   	---   	  --- 	    ---  	  0.5  	ASCC_21
-0.254 	-0.0364	 0.3382	  580.446	   17.401	  226.213	1.59 	10	 ---	 82.10251249755	0.1108	  3.50672678757	0.096 	3236057132240813824	  3.2788 	0.1375	  1.144	0.237	 -0.002	0.176	0	     2792.4 	      4.8108 	17.0734	0.0019	      305.71 	      17.569   	19.1381	0.0624	      4135.1 	     18.28    	15.7207	0.0048	 3.4174	   --- 	 --- 	   --- 	---   	---   	  --- 	    ---  	  0.5  	ASCC_21
-0.317 	-0.0626	 0.3248	  293.256	   47.267	   66.5  	1.509	10	 ---	 82.06984798119	0.0572	  3.44072524854	0.0519	3236050432090785920	  3.2089 	0.0718	  1.206	0.125	  0.097	0.096	0	    16444.0 	     56.075  	15.1483	0.0037	     3809.6  	      80.596   	16.3992	0.023 	     21010.0 	    315.94    	13.9559	0.0163	 2.4433	   --- 	 --- 	3689.0 	---   	---   	  0.88	    0.13 	  0.4  	ASCC_21
-0.1096	 0.0881	 0.3361	 1564.087	  583.765	  367.935	1.143	10	 ---	 82.38971122779	0.065 	  3.14792901226	0.0695	3235980303865974528	  2.705  	0.0945	  1.543	0.136	 -0.571	0.119	0	 27521000.0 	  17596.0    	 7.0892	0.0007	 21247000.0  	   36397.0     	 7.0331	0.0019	  10202000.0 	  27728.0     	 7.2402	0.003 	-0.2071	   --- 	 --- 	8868.67	0.109 	0.0557	  --- 	    ---  	  0.5  	ASCC_21
-0.2242	 0.0418	 0.2849	  618.783	   20.11 	  177.39 	1.534	11	 ---	 82.31328604607	0.1131	  3.16205979375	0.1059	3235980883685124864	  2.8101 	0.1465	  1.773	0.232	 -0.381	0.19 	0	     2046.2 	      3.3068 	17.411 	0.0018	      291.47 	      14.494   	19.1899	0.054 	      2848.3 	     16.057   	16.1255	0.0061	 3.0644	   --- 	 --- 	   --- 	---   	---   	  --- 	    ---  	  0.5  	ASCC_21
-0.4719	 0.3628	 0.1261	  248.617	   56.596	   86.966	1.416	10	 ---	 82.4411489315 	0.0615	  3.62077732689	0.0545	3236036756915907072	  2.7446 	0.0685	  1.35 	0.113	 -0.663	0.089	0	    15829.0 	     63.668  	15.1897	0.0044	     3842.3  	      67.89    	16.3899	0.0192	     18576.0 	    213.6     	14.0895	0.0125	 2.3004	   --- 	 --- 	3511.0 	---   	---   	  1.19	    0.195	  0.6  	ASCC_21
-0.5879	-0.0899	 0.4266	  517.816	    7.653	  123.307	1.631	10	 ---	 81.80015604849	0.0943	  3.66515135795	0.0795	3236072422324267008	  2.8739 	0.1143	  1.418	0.218	  0.029	0.198	0	     4600.3 	      8.8841 	16.5314	0.0021	     1149.3  	     150.17    	17.7003	0.1419	      6355.7 	     51.544   	15.254 	0.0088	 2.4463	   --- 	 --- 	3692.95	---   	---   	  0.52	    0.045	  0.4  	ASCC_21
-0.3242	-0.0816	 0.2317	 2028.964	  493.242	  543.401	1.166	 9	 ---	 81.78581075487	0.0438	  3.70282210975	0.0383	3236079328631677824	  2.7746 	0.0497	  1.585	0.096	 -0.229	0.078	0	  2889900.0 	   1424.3    	 9.5362	0.0005	  1864600.0  	    3780.4     	 9.6749	0.0022	   1505400.0 	   2770.3     	 9.3178	0.002 	 0.3571	   --- 	 --- 	7664.0 	0.6943	0.342 	  2.19	   14.956	  0.1  	ASCC_21
-0.0927	 0.0225	 0.2916	 1420.843	  919.43 	  489.757	1.163	 8	 0.0	 82.24878433802	0.0487	  3.36350471258	0.0413	3236004733638734592	  2.8086 	0.0562	  1.63 	0.085	 -0.923	0.076	1	  1518300.0 	   1068.6    	10.2349	0.0008	   952620.0  	    1036.1     	10.4041	0.0012	    813920.0 	   1661.9     	 9.9855	0.0022	 0.4186	  19.7 	 0.56	7210.0 	0.7893	0.396 	  1.76	    7.509	  0.7  	ASCC_21
-0.3454	 0.0643	 0.1447	  884.441	  136.92 	  371.974	1.411	11	 ---	 82.29128859588	0.0452	  3.62852011276	0.0396	3236082867684811264	  2.9094 	0.0485	  1.797	0.092	 -0.738	0.074	0	    12262.0 	     13.864  	15.467 	0.0012	     2817.7  	      20.579   	16.7267	0.0079	     14485.0 	     38.942   	14.3596	0.0029	 2.3671	   --- 	 --- 	3651.53	---   	---   	  0.87	    0.121	  0.5  	ASCC_21
-0.1922	 0.277 	 0.3125	  221.111	   56.818	  100.669	1.355	10	 ---	 82.38623245047	0.0845	  3.73659431787	0.0913	3236085680888177792	  2.9004 	0.1159	  1.117	0.134	 -0.56 	0.114	0	    32061.0 	    145.0    	14.4234	0.0049	     9650.0  	     169.84    	15.3901	0.0191	     33803.0 	    335.78    	13.4395	0.0108	 1.9505	   --- 	 --- 	4129.28	---   	---   	  0.94	    0.232	  1.0  	ASCC_21
-0.0588	 0.1763	 0.244 	  412.937	   56.561	  181.142	1.491	11	 ---	 81.7797966058 	0.0853	  3.19569721316	0.0858	3235951338606344576	  3.0948 	0.1116	  2.131	0.156	 -0.251	0.133	0	     7931.9 	     19.209  	15.9399	0.0026	     1394.5  	      24.655   	17.4903	0.0192	     10429.0 	     57.574   	14.7163	0.006 	 2.7741	   --- 	 --- 	4056.88	---   	---   	  --- 	    ---  	  0.7  	ASCC_21
-0.1767	 0.2219	 0.2878	   73.859	   22.337	   26.995	1.4  	11	 ---	 81.73917895585	0.0399	  3.24962282251	0.0405	3235952747355612672	  2.9889 	0.0537	  1.447	0.071	 -0.505	0.064	0	    19518.0 	    264.26   	14.9623	0.0147	     5444.9  	     243.76    	16.0114	0.0486	     21884.0 	    810.67    	13.9116	0.0402	 2.0998	   --- 	 --- 	3763.56	---   	---   	  0.97	    0.169	  0.9  	ASCC_21
-0.2626	 0.2242	 0.2871	  368.087	   22.398	  162.736	2.42 	10	 ---	 81.67439603371	0.1389	  3.49296089086	0.1332	3236066405075131392	  2.7678 	0.1677	  1.181	0.231	 -0.018	0.205	0	     1831.5 	      4.9759 	17.5313	0.0029	      326.51 	      14.578   	19.0666	0.0485	      4106.3 	     25.233   	15.7283	0.0067	 3.3383	   --- 	 --- 	   --- 	---   	---   	  --- 	    ---  	  0.1  	ASCC_21
-0.3404	 0.0591	 0.0518	 2045.438	 1015.366	 1174.01 	1.157	 9	 ---	 82.12364808619	0.0732	  3.52709352124	0.0585	3236057269679762816	  2.7845 	0.0687	  1.509	0.158	 -0.77 	0.111	0	  2131800.0 	   1042.2    	 9.8665	0.0005	  1460300.0  	    1438.2     	 9.9403	0.0011	   1005100.0 	    856.13    	 9.7564	0.0009	 0.1839	   --- 	 --- 	8380.52	---   	---   	  --- 	    ---  	  1.0  	ASCC_21
-0.2255	-0.003 	 0.3161	  638.161	   78.898	  248.34 	1.482	 9	 ---	 81.97599945631	0.0757	  3.6397880088 	0.0675	3236074415189399936	  2.8058 	0.0937	  1.651	0.161	 -0.961	0.131	0	     5114.3 	      8.0141 	16.4164	0.0017	      912.99 	      11.572   	17.9502	0.0138	      6664.6 	     26.837   	15.2025	0.0044	 2.7477	   --- 	 --- 	3995.73	0.439 	0.2925	  --- 	    ---  	  0.8  	ASCC_21
-0.251 	-0.0705	 0.3201	  650.216	   46.715	  186.946	1.471	10	 ---	 82.10228325658	0.0831	  3.54902610326	0.0731	3236058090018513408	  3.1094 	0.1017	  1.708	0.182	 -0.769	0.136	0	     4234.7 	      6.5128 	16.6213	0.0017	      734.84 	      15.73    	18.1859	0.0232	      5494.3 	     29.39    	15.4121	0.0058	 2.7738	   --- 	 --- 	3871.61	---   	---   	  --- 	    ---  	  0.7  	ASCC_21
 0.039 	-0.1464	 0.1848	  349.833	   82.926	  140.978	1.327	 9	 ---	 82.10394497734	0.0317	  3.56051693775	0.0278	3236058334831649280	  2.9235 	0.0363	  1.379	0.073	 -0.579	0.053	0	    39963.0 	    114.23   	14.1842	0.0031	    12719.0  	     153.38    	15.0903	0.0131	     40307.0 	    285.91    	13.2485	0.0077	 1.8418	   --- 	 --- 	3872.0 	---   	---   	  1.29	    0.335	  1.0  	ASCC_21
-0.1992	 0.2409	 0.272 	  353.296	   75.578	  145.056	1.404	11	 ---	 81.74009108586	0.047 	  3.24869564541	0.0467	3235952743061438336	  2.9238 	0.0621	  1.733	0.083	 -0.669	0.073	0	    15431.0 	     43.677  	15.2174	0.0031	     3801.9  	      50.304   	16.4014	0.0144	     17864.0 	    123.16    	14.1319	0.0075	 2.2694	   --- 	 --- 	3651.87	---   	---   	  0.97	    0.151	  0.4  	ASCC_21
-0.1172	 0.1216	 0.2012	  658.922	   35.937	  376.382	1.517	11	 ---	 82.80101279352	0.0808	  3.58789719031	0.0824	3236024696647868160	  2.7262 	0.1019	  1.144	0.157	 -0.727	0.134	0	     3837.6 	      5.8241 	16.7282	0.0016	      651.57 	      18.131   	18.3165	0.0302	      5168.9 	     13.733   	15.4784	0.0029	 2.8381	   --- 	 --- 	3658.55	---   	---   	  0.52	    0.043	  0.4  	ASCC_21
-0.3937	 0.1145	 0.2058	  866.496	   80.551	  364.525	1.476	11	 ---	 81.77908956167	0.08  	  3.61067411461	0.0719	3236068848911481088	  2.952  	0.086 	  1.268	0.157	 -0.616	0.128	0	     6471.8 	      7.4689 	16.1608	0.0013	     1155.4  	      14.343   	17.6946	0.0135	      8397.6 	     23.037   	14.9515	0.003 	 2.7431	   --- 	 --- 	3957.42	---   	---   	  --- 	    ---  	  1.0  	ASCC_21
-0.5941	 0.3877	 0.0003	  365.924	   89.581	  120.295	1.252	10	 ---	 82.47848787824	0.0348	  3.56746842229	0.0307	3236033213567257088	  2.9144 	0.0313	  1.433	0.061	 -0.536	0.049	0	   107950.0 	    295.0    	13.1053	0.003 	    44714.0  	     499.15    	13.7253	0.0121	     90428.0 	    751.72    	12.3712	0.009 	 1.3541	   --- 	 --- 	4719.7 	---   	---   	  1.15	    0.596	  0.8  	ASCC_21
-0.2347	 0.2038	 0.1402	 1785.001	  516.035	  608.149	1.149	10	 ---	 82.64467658695	0.0567	  3.74697702064	0.0527	3236042426272863616	  2.7067 	0.0645	  1.658	0.108	 -0.588	0.097	0	  4080400.0 	   2285.9    	 9.1616	0.0006	  2927100.0  	    5672.3     	 9.1853	0.0021	   1762200.0 	   2897.7     	 9.1468	0.0018	 0.0385	   --- 	 --- 	9256.0 	0.1733	0.08  	  --- 	    ---  	  0.6  	ASCC_21
-0.3737	 0.0342	 0.1615	  350.109	   80.948	  156.767	1.414	10	 ---	 81.74589671752	0.0424	  3.66739259854	0.0398	3236073281317728768	  2.8587 	0.0454	  1.427	0.084	 -0.776	0.07 	0	    16148.0 	     46.122  	15.1681	0.0031	     3994.8  	      49.351   	16.3476	0.0134	     18843.0 	    120.2     	14.0741	0.0069	 2.2736	   --- 	 --- 	4106.87	---   	---   	  0.69	    0.122	  0.9  	ASCC_21
-0.3275	 0.1729	 0.1384	 1170.767	   72.121	  261.838	1.482	11	 ---	 82.44403725549	0.087 	  3.74078551924	0.0816	3236091423259636608	  2.6864 	0.0978	  0.931	0.15 	 -0.348	0.129	0	     4529.0 	      3.8684 	16.5484	0.0009	      756.77 	      10.493   	18.154 	0.0151	      5953.4 	     22.737   	15.325 	0.0041	 2.829 	   --- 	 --- 	3676.75	0.8057	0.4645	  0.56	    0.051	  0.8  	ASCC_21
-0.3981	 0.2491	 0.3011	   31.349	   12.493	    9.354	1.444	11	 ---	 81.77863093111	0.1119	  3.45075995812	0.1012	3236053417093982080	  2.9374 	0.1397	  1.222	0.202	  0.353	0.175	0	     2838.6 	     90.547  	17.0556	0.0346	      798.66 	      63.93    	18.0955	0.0869	      3301.1 	    352.9     	15.9653	0.1161	 2.1302	   --- 	 --- 	3750.6 	0.113 	0.0713	  --- 	    ---  	  0.3  	ASCC_21
-0.4923	-0.0533	 0.4029	 1168.695	  655.541	  566.363	1.159	10	 ---	 82.04020513225	0.0434	  3.6231578068 	0.0391	3236062458000252544	  2.7459 	0.056 	  1.608	0.095	 -0.9  	0.09 	0	  3269500.0 	   2797.6    	 9.4022	0.0009	  2152700.0  	    3283.9     	 9.5189	0.0017	   1637800.0 	   2891.7     	 9.2263	0.0019	 0.2926	   --- 	 --- 	7800.0 	0.844 	0.4175	  2.29	   17.451	  0.9  	ASCC_21
-0.1815	-0.1076	 0.2921	  422.438	   92.732	  139.527	1.365	10	 ---	 82.10019445545	0.0443	  3.58162873636	0.0391	3236059881019874176	  2.9567 	0.0546	  1.124	0.099	 -0.496	0.072	0	    21064.0 	     49.863  	14.8795	0.0026	     5835.8  	      62.932   	15.9361	0.0117	     22920.0 	    164.27    	13.8614	0.0078	 2.0748	   --- 	 --- 	4019.22	2.2557	1.1293	  0.82	    0.157	  0.9  	ASCC_21
-0.2598	 0.2252	 0.2785	  760.233	   36.774	  186.454	1.537	10	 ---	 81.5666336443 	0.1142	  3.49565130028	0.1164	3235975386128179968	  3.0804 	0.1449	  1.174	0.182	 -0.63 	0.158	0	     2456.1 	      3.2307 	17.2128	0.0014	      353.29 	       9.6072  	18.9811	0.0295	      3421.8 	     18.352   	15.9263	0.0058	 3.0548	   --- 	 --- 	   --- 	---   	---   	  --- 	    ---  	  0.9  	ASCC_21
-0.5655	-0.1574	 0.3511	  396.704	   77.983	  193.371	1.463	10	 ---	 81.80776317257	0.0811	  3.77805991646	0.0674	3236080256344606208	  2.7968 	0.0932	  0.824	0.195	 -0.977	0.158	0	    17523.0 	     44.17   	15.0794	0.0027	     3631.9  	      46.573   	16.4511	0.0139	     22009.0 	    113.82    	13.9054	0.0056	 2.5456	   --- 	 --- 	3957.24	---   	---   	  0.83	    0.152	  0.6  	ASCC_21
-0.4131	 0.1262	 0.3691	  359.741	   61.14 	  110.962	1.503	11	 ---	 81.74586676293	0.0819	  3.54881030038	0.0768	3236066886111533568	  2.9243 	0.1056	  1.425	0.164	 -0.647	0.154	0	     4861.7 	     13.514  	16.4714	0.003 	      851.31 	      13.924   	18.0262	0.0178	      6457.5 	     58.196   	15.2368	0.0098	 2.7894	   --- 	 --- 	4038.51	---   	---   	  --- 	    ---  	  0.8  	ASCC_21
-0.2413	 0.2713	 0.1889	  532.658	   16.804	  137.497	1.554	10	 ---	 82.26479531176	0.1464	  3.81927683135	0.1407	3236090869209303552	  2.9693 	0.1742	  1.359	0.261	 -0.078	0.226	0	     1952.2 	      3.6651 	17.462 	0.002 	      292.77 	      17.423   	19.1851	0.0646	      2741.0 	     19.935   	16.1671	0.0079	 3.0179	   --- 	 --- 	   --- 	---   	---   	  --- 	    ---  	  0.3  	ASCC_21
-0.2773	 0.2818	 0.2397	  475.155	   13.59 	  108.202	1.585	11	 ---	 82.25224221752	0.1333	  3.86330391236	0.1298	3236091354540165632	  2.7602 	0.1695	  0.519	0.243	 -0.246	0.209	0	     1648.4 	      3.4692 	17.6457	0.0023	      201.34 	      14.815   	19.5916	0.0799	      2411.2 	     22.284   	16.3064	0.01  	 3.2852	   --- 	 --- 	   --- 	---   	---   	  --- 	    ---  	  0.6  	ASCC_21
-0.3182	-0.0157	 0.2575	  511.152	   12.063	  288.434	1.572	10	 ---	 82.36434135517	0.1523	  3.35033275136	0.136 	3235993906028135296	  2.7589 	0.1725	  1.647	0.326	 -1.025	0.27 	0	     1306.8 	      2.5566 	17.8978	0.0021	      178.8  	      14.822   	19.7205	0.09  	      1875.9 	      6.5036  	16.5789	0.0038	 3.1416	   --- 	 --- 	   --- 	---   	---   	  --- 	    ---  	  0.9  	ASCC_21
-0.3415	 0.1592	 0.1563	  530.237	   11.739	  172.138	1.558	11	 ---	 82.48800858913	0.1545	  3.35425062477	0.1364	3235993115752258944	  2.8257 	0.1743	  1.41 	0.313	 -0.14 	0.26 	0	     1342.0 	      2.531  	17.869 	0.002 	      164.86 	      14.044   	19.8086	0.0925	      1926.1 	     11.189   	16.5502	0.0063	 3.2583	   --- 	 --- 	   --- 	---   	---   	  --- 	    ---  	  0.7  	ASCC_21
-0.0732	 0.2343	 0.1955	  226.887	   39.696	   85.02 	1.476	11	 ---	 82.29066969758	0.0769	  3.85801663931	0.0692	3236091114021994880	  2.922  	0.0918	  1.245	0.138	 -0.528	0.114	0	     7060.0 	     31.117  	16.0664	0.0048	     1287.7  	      32.438   	17.5769	0.0274	      9129.9 	    107.39    	14.8608	0.0128	 2.7161	   --- 	 --- 	3936.81	---   	---   	  0.51	    0.057	  0.6  	ASCC_21
-0.4478	 0.0623	 0.3943	  180.607	    ---  	    ---  	---  	10	 ---	 82.24715850062	0.175 	  3.42184372665	0.1614	3236008547570756224	  3.075  	0.2286	  1.473	0.362	 -1.072	0.308	0	    14858.0 	     82.27   	15.2584	0.006 	        ---  	       ---     	 ---   	---   	         --- 	      ---     	 ---   	---   	 ---   	   --- 	 --- 	   --- 	---   	---   	  --- 	    ---  	  0.6  	ASCC_21
-0.2848	-0.0891	 0.189 	  620.28 	  172.55 	  219.212	1.235	10	 0.0	 82.06594792812	0.0374	  3.44676537025	0.0319	3236050432091846272	  2.9999 	0.0408	  1.279	0.083	 -0.276	0.06 	0	   415700.0 	    670.18   	11.6414	0.0018	   190180.0  	    1102.2     	12.1535	0.0063	    323010.0 	   1473.5     	10.9889	0.005 	 1.1646	   5.76	11.07	4946.0 	---   	---   	  1.94	    2.039	  0.5  	ASCC_21
-0.2528	 0.2645	 0.2388	  627.63 	   24.142	  150.763	1.624	11	 ---	 81.45023226578	0.1376	  3.24391521687	0.1365	3235961951471226880	  2.991  	0.1748	  1.603	0.252	 -0.584	0.212	0	     1244.7 	      1.9832 	17.9507	0.0017	      137.7  	       5.7039  	20.004 	0.045 	      1883.9 	     12.495   	16.5743	0.0072	 3.4297	   --- 	 --- 	   --- 	---   	---   	  --- 	    ---  	  0.7  	ASCC_21
-0.1735	 0.3003	 0.2241	  261.965	   79.407	   96.017	1.237	11	 0.0	 81.60935133843	0.0366	  3.24522486858	0.0331	3235955427415226112	  2.936  	0.0451	  1.539	0.065	 -0.449	0.056	0	   227390.0 	    868.0    	12.2965	0.0041	   102460.0  	    1290.3     	12.825 	0.0137	    178800.0 	   1862.2     	11.631 	0.0113	 1.194 	  11.94	 5.36	5176.0 	1.2935	0.6183	  1.31	    1.112	  0.7  	ASCC_21
-0.3385	 0.3139	 0.2317	  976.606	  112.085	  330.387	1.419	11	 ---	 82.4848412993 	0.0589	  3.64324608299	0.0565	3236037096217762304	  2.7749 	0.0707	  1.531	0.104	 -0.622	0.089	0	     9873.3 	     10.11   	15.7022	0.0011	     2246.6  	      20.044   	16.9726	0.0097	     11764.0 	     35.608   	14.5855	0.0033	 2.3871	   --- 	 --- 	3438.33	---   	---   	  1.0 	    0.126	  0.6  	ASCC_21
-0.4232	 0.2163	 0.201 	 1898.219	  515.744	  395.118	1.142	11	 ---	 81.72615697092	0.0626	  3.61467150316	0.0556	3236071936992839424	  2.7216 	0.0715	  0.793	0.124	 -0.501	0.102	0	 25843000.0 	  13614.0    	 7.1575	0.0006	 19952000.0  	   38686.0     	 7.1014	0.0021	   9551000.0 	  24173.0     	 7.3118	0.0027	-0.2104	   --- 	 --- 	8868.67	0.0885	0.047 	  --- 	    ---  	  0.8  	ASCC_21
-0.6502	 0.3502	-0.1853	  903.497	   47.548	  256.068	1.535	10	 ---	 82.3388064745 	0.1279	  3.67941249594	0.1096	3236084894909364736	  2.8729 	0.097 	  1.705	0.239	 -0.727	0.195	0	     6151.7 	      6.8088 	16.2159	0.0012	      848.54 	      17.846   	18.0297	0.0228	      8591.7 	     33.552   	14.9267	0.0042	 3.103 	   --- 	 --- 	3653.07	1.46  	0.7992	  0.62	    0.062	  0.6  	ASCC_21
-0.4391	 0.067 	 0.2514	  724.786	   73.917	  208.7  	1.459	10	 ---	 81.6397993398 	0.0838	  3.56130533218	0.0799	3236069914063381120	  2.7748 	0.0955	  1.71 	0.159	 -0.92 	0.139	0	     6416.0 	      8.8522 	16.1702	0.0015	     1214.5  	      16.43    	17.6404	0.0147	      8146.1 	     39.033   	14.9845	0.0052	 2.6559	   --- 	 --- 	3807.39	---   	---   	  0.57	    0.062	  0.7  	ASCC_21
-0.4852	-0.0209	 0.3651	  471.263	   48.041	  244.274	1.61 	10	 ---	 81.80863105386	0.0996	  3.63497757885	0.0832	3236069256933606656	  2.9139 	0.1171	  2.002	0.216	 -0.592	0.184	0	     3767.6 	      7.9947 	16.7482	0.0023	      425.05 	       8.8476  	18.7803	0.0226	      5640.0 	     23.089   	15.3837	0.0044	 3.3966	   --- 	 --- 	4179.63	1.9455	1.099 	  --- 	    ---  	  0.5  	ASCC_21
-0.5081	 0.4097	 0.0414	  540.874	   19.337	   57.809	1.612	10	 ---	 82.10300410463	0.1442	  3.85835843093	0.1207	3236102311002230528	  2.9289 	0.1502	  0.801	0.279	 -0.427	0.213	0	     1937.5 	      3.5822 	17.4703	0.002 	      263.34 	      13.619   	19.3001	0.0561	      2860.5 	     49.481   	16.1208	0.0188	 3.1793	   --- 	 --- 	   --- 	---   	---   	  --- 	    ---  	  0.8  	ASCC_21
-0.41  	 0.1554	 0.1941	  525.17 	  118.653	  135.811	1.433	11	 ---	 81.91766498883	0.0521	  3.82288198216	0.0457	3236082073116285568	  2.9607 	0.0563	  1.284	0.102	 -0.449	0.084	0	    12139.0 	     23.115  	15.4779	0.0021	     2776.6  	      23.401   	16.7426	0.0092	     14621.0 	    107.66    	14.3495	0.008 	 2.3931	   --- 	 --- 	4005.86	---   	---   	  0.63	    0.091	  0.7  	ASCC_21
-0.3769	 0.2919	 0.0653	 2186.234	  882.083	  504.284	1.152	10	 ---	 82.35351938225	0.056 	  3.72514663807	0.0499	3236085341585956864	  2.7124 	0.0592	  1.605	0.103	 -0.589	0.082	0	  2397300.0 	   1096.6    	 9.7391	0.0005	  1668500.0  	    1891.5     	 9.7956	0.0012	   1094200.0 	   2169.8     	 9.6642	0.0022	 0.1314	   --- 	 --- 	8900.0 	0.0747	0.0535	  --- 	    ---  	  0.7  	ASCC_21
-0.3752	 0.2208	 0.256 	  464.896	   90.068	   88.053	1.419	11	 ---	 82.33273463257	0.0524	  3.46285113234	0.0467	3236007585498064000	  2.8947 	0.0624	  1.147	0.102	 -0.494	0.086	0	    13259.0 	     28.521  	15.3821	0.0023	     3231.4  	      35.878   	16.5779	0.0121	     15590.0 	    177.05    	14.2798	0.0123	 2.2981	   --- 	 --- 	3807.03	---   	---   	  0.79	    0.119	  1.0  	ASCC_21
-0.1518	 0.0527	 0.2121	  651.91 	  171.949	  276.246	1.257	11	 0.0	 82.32901455948	0.0313	  3.15530808151	0.0303	3235980814965557760	  2.8234 	0.0401	  1.567	0.064	 -1.006	0.053	0	   129320.0 	    198.37   	12.9092	0.0017	    53982.0  	     313.94    	13.5208	0.0063	    108540.0 	    392.92    	12.1729	0.0039	 1.3478	  12.31	 6.29	4931.0 	---   	---   	  1.16	    0.719	  0.7  	ASCC_21
-0.3554	-0.169 	 0.4015	  914.656	   71.898	  271.954	1.357	10	 ---	 82.08861654905	0.0362	  3.49597293509	0.0321	3236056754283695616	  2.9113 	0.0462	  0.921	0.084	 -0.335	0.071	0	    18479.0 	     20.203  	15.0217	0.0012	     5500.8  	      76.509   	16.0003	0.0151	     19578.0 	     71.99    	14.0325	0.004 	 1.9678	   --- 	 --- 	4099.99	1.9795	0.982 	  0.73	    0.135	  0.7  	ASCC_21
-0.3208	-0.0731	 0.3263	  169.186	   37.034	   67.958	1.435	10	 ---	 82.15380902164	0.0568	  3.52623456973	0.0521	3236057231025026432	  3.0554 	0.071 	  1.185	0.123	 -0.574	0.094	0	    10181.0 	     60.176  	15.6689	0.0064	     2218.0  	      59.89    	16.9865	0.0293	     12395.0 	    182.4     	14.5288	0.016 	 2.4577	   --- 	 --- 	3374.0 	---   	---   	  0.98	    0.113	  1.0  	ASCC_21
-0.8291	-0.4832	 0.6893	  271.567	    ---  	    ---  	---  	 9	 ---	 81.96831559853	0.1333	  3.58693115717	0.1102	3236061942604192000	  3.0617 	0.2027	  1.454	0.443	  0.091	0.495	0	     2419.8 	      8.9104 	17.2289	0.004 	        ---  	       ---     	 ---   	---   	         --- 	      ---     	 ---   	---   	 ---   	   --- 	 --- 	   --- 	---   	---   	  --- 	    ---  	  0.4  	ASCC_21
-0.5584	-0.077 	 0.3923	 1013.378	   48.521	  311.07 	1.532	10	 ---	 82.19783827259	0.0893	  3.42494387044	0.0764	3236008680713836416	  2.7403 	0.1084	  1.083	0.203	 -1.091	0.181	0	     3006.3 	      2.9666 	16.9933	0.0011	      456.77 	       9.4139  	18.7021	0.0224	      4147.6 	     13.333   	15.7174	0.0035	 2.9847	   --- 	 --- 	4462.17	1.084 	0.613 	  --- 	    ---  	  0.6  	ASCC_21
-0.3082	 0.1453	 0.3309	  516.105	   18.077	  162.356	1.641	11	 ---	 81.85305559716	0.1863	  3.3686495608 	0.1808	3236048915968198912	  3.0255 	0.2463	  0.832	0.362	 -0.34 	0.316	0	     1377.0 	      2.668  	17.8411	0.0021	      161.1  	       8.912   	19.8336	0.0601	      2098.6 	     12.926   	16.4571	0.0067	 3.3766	   --- 	 --- 	   --- 	---   	---   	  --- 	    ---  	  0.8  	ASCC_21
-0.4562	 0.2286	 0.0491	  974.428	   60.986	  338.207	1.529	10	 ---	 82.36991981879	0.1188	  3.69670710371	0.1029	3236085028053618304	  2.8507 	0.119 	  1.394	0.214	 -0.761	0.173	0	     5048.9 	      5.1814 	16.4304	0.0011	      679.27 	      11.138   	18.2713	0.0178	      7038.4 	     20.811   	15.1432	0.0032	 3.128 	   --- 	 --- 	3648.42	1.666 	0.9538	  0.57	    0.052	  0.8  	ASCC_21
 0.1414	 0.2942	 0.4064	  734.983	   33.596	  227.6  	1.572	10	 ---	 81.24142004342	0.1216	  3.74889372836	0.1383	3236183159465173120	  2.9495 	0.1936	  1.115	0.234	 -0.83 	0.198	0	     2544.4 	      3.4619 	17.1744	0.0015	      336.8  	      10.025   	19.033 	0.0323	      3662.6 	     16.092   	15.8524	0.0048	 3.1805	   --- 	 --- 	   --- 	---   	---   	  --- 	    ---  	  0.9  	ASCC_21
-0.2377	 0.2857	 0.3334	  942.407	  110.527	  333.225	1.441	11	 ---	 82.29581657204	0.066 	  4.06689159568	0.0679	3236115784314045696	  2.764  	0.0912	  1.807	0.116	 -0.185	0.102	0	     6840.3 	      7.2583 	16.1007	0.0012	     1405.0  	      12.712   	17.4822	0.0098	      8450.7 	     25.36    	14.9447	0.0033	 2.5375	   --- 	 --- 	3745.85	---   	---   	  0.63	    0.07 	  0.1  	ASCC_21
-0.0942	 0.0915	 0.1461	  332.334	   65.421	   44.761	1.4  	11	 ---	 81.52148165189	0.0218	  3.57605003922	0.0211	3236164643862782720	  2.8455 	0.0267	  0.9  	0.039	  0.111	0.034	0	    86391.0 	    259.95   	13.3472	0.0033	    33667.0  	     514.62    	14.0334	0.0166	     87246.0 	   1949.2     	12.4101	0.0243	 1.6233	   --- 	 --- 	4346.1 	---   	---   	  1.34	    0.579	  0.2  	ASCC_21
-0.1813	 0.1565	 0.1508	  185.392	   14.452	   50.055	1.601	11	 ---	 81.31931949864	0.1223	  3.47224707045	0.1071	3236157050360632064	  2.7067 	0.1414	  1.241	0.219	 -0.86 	0.179	0	     1948.7 	     10.511  	17.464 	0.0059	      274.58 	      18.999   	19.2547	0.0751	      2845.3 	     56.843   	16.1266	0.0217	 3.1281	   --- 	 --- 	   --- 	---   	---   	  --- 	    ---  	  0.6  	ASCC_21
-0.4437	 0.0769	 0.3335	  610.024	   44.91 	  388.034	1.524	 9	 ---	 81.53174164616	0.0997	  3.82901726478	0.093 	3236266687989107584	  2.6015 	0.1208	  1.23 	0.199	 -1.007	0.169	0	     3823.3 	      6.2674 	16.7323	0.0018	      672.18 	      14.967   	18.2827	0.0242	      5154.2 	     13.283   	15.4815	0.0028	 2.8012	   --- 	 --- 	3904.36	---   	---   	  --- 	    ---  	  0.4  	ASCC_21
-0.3917	 0.0699	 0.1606	   51.752	   17.831	   13.095	1.557	11	 ---	 81.56588988273	0.142 	  3.67630116578	0.1331	3236260232655296768	  2.7254 	0.1522	  1.498	0.263	 -0.283	0.217	0	     1762.5 	     34.056  	17.573 	0.021 	      220.45 	      12.363   	19.4931	0.0609	      2523.2 	    192.68    	16.2571	0.0829	 3.2361	   --- 	 --- 	   --- 	---   	---   	  --- 	    ---  	  0.6  	ASCC_21
 0.1958	 0.007 	 0.0495	  542.957	   54.752	  174.295	1.573	 9	 ---	 81.16374692281	0.1012	  3.46818106895	0.0977	3236158459108500224	  2.9236 	0.1346	  1.661	0.212	 -0.394	0.161	0	     5711.5 	     10.519  	16.2965	0.002 	      801.23 	      14.634   	18.092 	0.0198	      8184.7 	     46.959   	14.9794	0.0062	 3.1126	   --- 	 --- 	4329.78	1.403 	0.767 	  --- 	    ---  	  0.3  	ASCC_21
-0.434 	-0.0139	 0.2199	  552.197	   19.97 	  203.163	1.588	11	 ---	 81.76699247963	0.1355	  3.93040154491	0.1156	3236274178412163840	  2.9667 	0.1497	  1.633	0.297	 -0.746	0.261	0	     1721.9 	      3.1184 	17.5983	0.002 	      257.16 	      12.877   	19.3259	0.0544	      2477.4 	     12.194   	16.2769	0.0053	 3.049 	   --- 	 --- 	   --- 	---   	---   	  --- 	    ---  	  0.4  	ASCC_21
 0.0132	 0.0179	 0.0987	  314.5  	   77.223	   90.663	1.299	 9	 ---	 82.37813373758	0.0274	  4.04531093567	0.0278	3236112142181844224	  2.8706 	0.0335	  1.316	0.055	 -0.556	0.045	0	    49912.0 	    158.7    	13.9429	0.0035	    17995.0  	     233.03    	14.7135	0.0141	     46831.0 	    516.54    	13.0856	0.012 	 1.6279	   --- 	 --- 	4477.99	---   	---   	  0.92	    0.31 	  0.9  	ASCC_21
-0.2715	 0.2291	 0.1642	   36.269	   10.616	    9.217	1.477	11	 ---	 81.1904743077 	0.1322	  3.60169788085	0.1135	3236179452910046208	  2.785  	0.1517	  1.289	0.237	 -0.939	0.208	0	     1940.0 	     53.489  	17.4689	0.0299	      606.88 	      57.166   	18.3936	0.1023	      2257.9 	    244.97    	16.3777	0.1178	 2.016 	   --- 	 --- 	   --- 	---   	---   	  --- 	    ---  	  0.6  	ASCC_21
-0.3179	 0.1596	 0.2288	  635.297	   96.54 	  174.396	1.412	11	 ---	 81.94900716015	0.0552	  3.91211490869	0.0555	3236293905198829056	  2.9329 	0.0722	  1.488	0.104	 -0.483	0.083	0	    13123.0 	     20.657  	15.3933	0.0017	     3087.5  	      31.982   	16.6274	0.0112	     15444.0 	     88.555   	14.29  	0.0062	 2.3373	   --- 	 --- 	3521.25	---   	---   	  1.01	    0.14 	  0.6  	ASCC_21
-0.5971	-0.1388	 0.317 	  533.112	   77.718	  230.709	1.464	10	 ---	 81.84871642059	0.0718	  3.92510585531	0.0608	3236271433929944832	  2.7975 	0.0799	  1.355	0.172	 -0.993	0.141	0	     7173.6 	     13.456  	16.049 	0.002 	     1388.9  	      17.871   	17.4947	0.014 	      9116.3 	     39.514   	14.8624	0.0047	 2.6324	   --- 	 --- 	3635.82	---   	---   	  0.7 	    0.077	  0.8  	ASCC_21
-0.4477	-0.0442	 0.4033	  713.559	  178.227	  299.024	1.199	 9	 0.0	 81.54448660677	0.0395	  3.85088404011	0.0359	3236267173322427392	  2.8728 	0.05  	  1.302	0.085	 -0.647	0.079	0	  1041400.0 	   1459.4    	10.6444	0.0015	   567940.0  	    3186.6     	10.9656	0.0061	    680750.0 	   2276.6     	10.1795	0.0036	 0.7862	  20.65	 3.79	5855.9 	---   	---   	  2.16	    4.961	  1.0  	ASCC_21
-0.3979	 0.0124	 0.3287	  231.787	   44.765	   97.326	1.404	10	 ---	 81.59022745329	0.0345	  3.81044409937	0.0318	3236266005091323008	  2.848  	0.0412	  1.621	0.073	 -0.562	0.061	0	    20893.0 	     90.139  	14.8884	0.0047	     5695.5  	     127.23    	15.9626	0.0243	     23635.0 	    242.85    	13.828 	0.0112	 2.1346	   --- 	 --- 	3958.07	---   	---   	  0.89	    0.174	  0.6  	ASCC_21
-0.4154	 0.3607	 0.1402	  417.414	   24.064	  168.358	1.605	10	 ---	 81.17292209491	0.1486	  3.41947820211	0.1304	3236157973777589888	  2.9184 	0.1765	  1.563	0.271	 -0.81 	0.212	0	     2086.2 	      4.9979 	17.39  	0.0026	      226.88 	       9.428   	19.4619	0.0451	      3121.8 	     18.543   	16.0259	0.0064	 3.436 	   --- 	 --- 	   --- 	---   	---   	  --- 	    ---  	  0.5  	ASCC_21
-0.4422	 0.0735	 0.0454	  738.513	   24.754	  279.5  	1.622	10	 ---	 81.94993836071	0.1304	  3.96934321937	0.106 	3236294759895484032	  2.8675 	0.1235	  1.547	0.278	 -1.034	0.226	0	     2893.0 	      3.9173 	17.035 	0.0015	      308.51 	      12.463   	19.1282	0.0439	      4385.0 	     15.689   	15.657 	0.0039	 3.4712	   --- 	 --- 	3832.11	---   	---   	  --- 	    ---  	  0.4  	ASCC_21
-0.4084	 0.0364	 0.3569	  588.535	   50.574	  221.705	1.456	10	 ---	 81.59991034504	0.0635	  3.83122320495	0.0572	3236266176890011520	  2.7191 	0.0792	  1.514	0.131	 -0.553	0.109	0	     8413.4 	     14.295  	15.8759	0.0018	     1703.6  	      33.685   	17.273 	0.0215	     10548.0 	     47.577   	14.704 	0.0049	 2.569 	   --- 	 --- 	3340.33	---   	---   	  1.04	    0.122	  0.5  	ASCC_21
-0.2119	 0.0487	-0.1135	 2138.609	 1368.171	 1101.82 	1.162	 9	 ---	 81.92324312469	0.0536	  3.96194846101	0.044 	3236294626753330176	  2.7634 	0.0493	  1.324	0.107	 -0.735	0.082	0	  1673100.0 	    782.33   	10.1296	0.0005	  1114600.0  	     814.7     	10.2335	0.0008	    829430.0 	    752.78    	 9.965 	0.001 	 0.2686	   --- 	 --- 	8438.5 	---   	---   	  --- 	    ---  	  0.6  	ASCC_21
-0.1579	 0.1086	 0.1975	  123.565	   24.703	   43.873	1.481	11	 ---	 81.58191293192	0.0674	  4.12285166733	0.0579	3236292457793217024	  2.9471 	0.0774	  1.382	0.135	 -0.209	0.104	0	    13566.0 	    109.79   	15.3572	0.0088	     2613.9  	     105.81    	16.8082	0.044 	     17473.0 	    398.26    	14.156 	0.0247	 2.6522	   --- 	 --- 	3300.0 	---   	---   	  1.27	    0.173	  0.3  	ASCC_21
-0.4494	 0.1816	 0.0507	  578.876	   19.022	  222.609	1.557	10	 ---	 81.24564478024	0.1376	  3.36307762547	0.1175	3236153850608914816	  3.0715 	0.1362	  1.297	0.252	 -0.732	0.214	0	     2203.1 	      3.8059 	17.3308	0.0019	      252.45 	      13.271   	19.346 	0.0571	      3178.5 	     14.278   	16.0064	0.0049	 3.3396	   --- 	 --- 	   --- 	---   	---   	  --- 	    ---  	  0.7  	ASCC_21
-0.1402	 0.2826	 0.303 	  727.298	  190.763	  291.593	1.328	11	 ---	 82.28546593221	0.0233	  4.05474946764	0.0238	3236115749954308480	  2.8408 	0.0317	  1.476	0.04 	 -0.608	0.036	0	    68332.0 	     93.954  	13.6018	0.0015	    22137.0  	     116.04    	14.4886	0.0057	     68601.0 	    235.26    	12.6711	0.0037	 1.8175	   --- 	 --- 	3932.33	1.917 	0.941 	  1.65	    0.583	  0.8  	ASCC_21
-0.1039	 0.0218	 0.0683	 1723.478	  547.731	  636.666	1.148	11	 ---	 81.82369302303	0.0569	  3.82583914685	0.0482	3236269608566767360	  2.9369 	0.0594	  1.537	0.115	 -0.526	0.088	1	  6652500.0 	   3859.9    	 8.6309	0.0006	  4895000.0  	    8936.9     	 8.627 	0.002 	   2744600.0 	   4310.9     	 8.6657	0.0017	-0.0387	   --- 	 --- 	9438.0 	0.0675	0.031 	  --- 	    ---  	  0.7  	ASCC_21
-0.3705	 0.2545	 0.0212	  510.155	   90.102	  141.204	1.441	10	 ---	 81.92439437604	0.0718	  3.97911246199	0.0587	3236295417027310720	  2.8815 	0.0715	  1.207	0.139	 -0.498	0.107	0	    10382.0 	     20.351  	15.6476	0.0021	     2338.2  	      25.951   	16.9292	0.0121	     12618.0 	     89.358   	14.5095	0.0077	 2.4197	   --- 	 --- 	3389.0 	---   	---   	  1.04	    0.128	  0.9  	ASCC_21
-0.2443	 0.2661	 0.2443	  261.362	   38.713	  135.543	1.467	11	 ---	 82.02146703   	0.0623	  4.23148905888	0.0596	3236308817325223296	  2.8535 	0.0777	  1.181	0.114	 -0.361	0.096	0	     8753.4 	     33.492  	15.8329	0.0042	     1777.0  	      45.902   	17.2272	0.028 	     11066.0 	     81.645   	14.6519	0.008 	 2.5753	   --- 	 --- 	3663.59	---   	---   	  0.74	    0.089	  0.7  	ASCC_21
-0.4769	 0.2035	 0.0293	  232.194	   66.976	   88.978	1.331	10	 ---	 81.56111283231	0.0307	  4.24246521479	0.0253	3236364617540215040	  2.7606 	0.0291	  1.68 	0.06 	 -0.466	0.046	0	    42281.0 	    182.09   	14.123 	0.0047	    14081.0  	     210.23    	14.9798	0.0162	     42187.0 	    474.13    	13.199 	0.0122	 1.7809	   --- 	 --- 	4125.88	---   	---   	  1.14	    0.338	  0.1  	ASCC_21
-0.4484	 0.2126	 0.116 	  766.422	   36.494	  224.566	1.626	10	 ---	 81.5604557176 	0.1157	  4.24329837333	0.0938	3236364617540214912	  3.0061 	0.1173	  1.001	0.23 	 -0.098	0.176	0	     3525.0 	      4.5993 	16.8205	0.0014	      588.11 	      16.115   	18.4277	0.0298	      5144.0 	     22.907   	15.4837	0.0048	 2.9441	   --- 	 --- 	4510.56	1.1187	0.614 	  --- 	    ---  	  0.2  	ASCC_21
-0.2476	 0.2895	 0.1594	  708.726	  172.59 	  286.783	1.209	11	 0.0	 81.87202016092	0.0358	  4.11645692893	0.0339	3236301842298372480	  2.7568 	0.0399	  0.864	0.067	  0.17 	0.057	0	  1053400.0 	   1486.4    	10.6318	0.0015	   537430.0  	    3113.9     	11.0256	0.0063	    736550.0 	   2568.3     	10.0939	0.0038	 0.9317	  20.66	 6.73	5438.33	---   	---   	  2.67	    5.635	  0.1  	ASCC_21
-0.3043	 0.1457	 0.07  	  591.335	   24.924	  105.223	1.575	11	 ---	 82.01155561005	0.1227	  4.01204815367	0.1113	3236296374803234560	  2.998  	0.1256	  1.368	0.238	 -0.556	0.197	0	     2154.4 	      3.6433 	17.355 	0.0018	      297.88 	      11.951   	19.1663	0.0436	      3096.2 	     29.425   	16.0349	0.0103	 3.1314	   --- 	 --- 	   --- 	---   	---   	  --- 	    ---  	  0.8  	ASCC_21
-0.3623	 0.1917	 0.0174	  931.481	  492.258	  589.73 	1.211	11	 0.0	 82.03683868974	0.1454	  4.05282528982	0.1272	3236296963215511168	  3.2361 	0.1462	  0.868	0.285	 -0.228	0.235	0	   561270.0 	    602.56   	11.3154	0.0012	   286820.0  	     582.67    	11.7073	0.0022	    392690.0 	    665.89    	10.7768	0.0018	 0.9306	  27.8 	14.2 	5439.33	---   	---   	  1.66	    2.178	  0.7  	ASCC_21
-0.3587	 0.09  	 0.178 	 1014.329	  123.993	  400.765	1.434	11	 ---	 82.04363456065	0.0551	  4.14777812838	0.0502	3236307477295436928	  2.9004 	0.0621	  1.278	0.106	 -0.287	0.085	0	     8723.5 	      8.6003 	15.8366	0.0011	     1836.1  	      14.808   	17.1917	0.0088	     10678.0 	     26.643   	14.6907	0.0027	 2.5009	   --- 	 --- 	3567.74	---   	---   	  0.79	    0.092	  0.4  	ASCC_21
-0.095 	 0.1257	 0.2296	  274.447	   42.806	  128.334	1.561	11	 ---	 82.91947928193	0.0756	  3.73129977843	0.0751	3236404543555498880	  2.8432 	0.0972	  1.322	0.149	 -0.462	0.126	0	     5372.3 	     19.575  	16.363 	0.004 	      919.55 	      21.482   	17.9424	0.0254	      7465.1 	     58.169   	15.0793	0.0085	 2.8631	   --- 	 --- 	4120.11	0.9287	0.57  	  --- 	    ---  	  0.5  	ASCC_21
-0.27  	 0.1911	 0.2982	  747.887	  134.857	  319.129	1.478	11	 ---	 82.52455678787	0.0655	  4.13314308757	0.0627	3236489549548010752	  2.7631 	0.0831	  1.68 	0.126	 -0.525	0.117	0	     5401.7 	      7.2227 	16.357 	0.0015	     1053.1  	       7.8093  	17.7952	0.0081	      6932.7 	     21.724   	15.1597	0.0034	 2.6355	   --- 	 --- 	3473.5 	---   	---   	  0.72	    0.068	  0.3  	ASCC_21
-0.2355	 0.2132	 0.2685	 1125.4  	   82.574	  424.603	1.41 	11	 ---	 82.41378982621	0.0478	  4.19087105674	0.046 	3236492435766039168	  2.8125 	0.0602	  1.484	0.09 	 -0.712	0.08 	0	    10569.0 	      9.3915 	15.6283	0.001 	     2449.4  	      29.663   	16.8788	0.0131	     12451.0 	     29.323   	14.5239	0.0026	 2.3548	   --- 	 --- 	3965.09	---   	---   	  0.64	    0.09 	  0.6  	ASCC_21
-0.3581	 0.0539	 0.3265	 1816.72 	  572.434	  710.205	1.165	10	 ---	 82.5442107574 	0.0391	  4.36637789844	0.0354	3236502292716415360	  2.7526 	0.049 	  1.424	0.08 	 -0.647	0.068	0	  1700300.0 	    935.91   	10.1121	0.0006	  1081900.0  	    1889.9     	10.266 	0.0019	    899040.0 	   1265.9     	 9.8775	0.0015	 0.3885	   --- 	 --- 	7240.0 	---   	---   	  1.88	    8.763	  0.5  	ASCC_21
-0.3122	 0.2057	 0.2479	  515.624	   74.303	  165.429	1.373	11	 ---	 82.56812678126	0.0408	  4.18597286813	0.036 	3236490408541452288	  2.8149 	0.0485	  1.48 	0.079	 -0.311	0.065	0	    19016.0 	     36.879  	14.9906	0.0021	     5335.6  	      71.809   	16.0334	0.0146	     20782.0 	    125.62    	13.9677	0.0066	 2.0657	   --- 	 --- 	3795.54	2.2553	1.139 	  0.98	    0.181	  0.1  	ASCC_21
-0.1959	 0.1928	 0.1865	  385.598	   72.199	  158.404	1.36 	11	 ---	 82.38125907205	0.0331	  2.66429654037	0.0314	3223852278294458496	  2.8243 	0.0413	  1.831	0.063	 -0.67 	0.053	0	    22443.0 	     58.204  	14.8107	0.0028	     6488.9  	      89.876   	15.821 	0.015 	     24040.0 	    151.76    	13.8096	0.0069	 2.0114	   --- 	 --- 	3686.0 	---   	---   	  1.17	    0.229	  0.6  	ASCC_21
-0.2832	 0.1823	 0.1763	  226.959	   45.276	   79.209	1.501	11	 ---	 82.31044476083	0.082 	  2.73880474569	0.0739	3223865403714513536	  3.0577 	0.0927	  1.474	0.154	 -0.139	0.129	0	     3935.7 	     17.341  	16.7008	0.0048	      629.3  	      13.899   	18.3542	0.024 	      5278.0 	     66.634   	15.4558	0.0137	 2.8985	   --- 	 --- 	3940.25	0.942 	0.5233	  --- 	    ---  	  0.7  	ASCC_21
-0.2677	 0.2627	 0.2218	  754.966	   65.804	  236.017	1.539	11	 ---	 82.26136617737	0.1007	  2.60955527391	0.1002	3223846334059739264	  3.1182 	0.1205	  1.56 	0.185	 -0.224	0.157	0	     2876.9 	      3.8107 	17.041 	0.0014	      415.26 	       6.3105  	18.8056	0.0165	      4012.6 	     17.001   	15.7534	0.0046	 3.0522	   --- 	 --- 	4135.5 	1.307 	0.792 	  --- 	    ---  	  0.4  	ASCC_21
-0.655 	 0.1869	 0.1715	  624.544	   75.626	  246.999	1.479	 9	 ---	 82.18384362269	0.1263	  2.66065469905	0.1169	3223858664910572032	  2.746  	0.1069	  1.407	0.194	 -0.245	0.175	0	     4517.2 	      7.2328 	16.5512	0.0017	      796.58 	      10.533   	18.0983	0.0144	      5884.2 	     23.823   	15.3377	0.0044	 2.7606	   --- 	 --- 	4047.97	---   	---   	  --- 	    ---  	  0.4  	ASCC_21
-0.3274	 0.1926	 0.1427	  318.442	   69.479	  110.605	1.341	11	 ---	 82.18694165659	0.0311	  2.8279210292 	0.0291	3223869767401288704	  2.8127 	0.0334	  1.295	0.054	 -0.222	0.047	0	    28236.0 	     88.668  	14.5614	0.0034	     8608.0  	     123.89    	15.5141	0.0156	     29268.0 	    264.62    	13.5959	0.0098	 1.9182	   --- 	 --- 	3830.68	---   	---   	  1.17	    0.263	  0.2  	ASCC_21
-0.2924	 0.2676	 0.2515	 1294.523	  164.234	  377.272	1.427	10	 ---	 82.30398841433	0.0625	  2.71132733917	0.0596	3223853274726873856	  2.6359 	0.0764	  1.424	0.099	 -0.9  	0.084	0	    18690.0 	     14.438  	15.0093	0.0008	     4367.8  	      26.595   	16.2507	0.0066	     22308.0 	     59.129   	13.8908	0.0029	 2.3599	   --- 	 --- 	3971.09	2.4843	1.2617	  0.9 	    0.18 	  0.4  	ASCC_21
-0.4839	-0.085 	 0.4977	  422.55 	   93.165	   99.615	1.442	10	 ---	 82.90925441409	0.0836	  2.79601204443	0.0815	3223904608176404480	  3.0235 	0.1098	  2.16 	0.191	 -0.699	0.196	0	     7225.5 	     17.1    	16.0412	0.0026	     1544.0  	      16.572   	17.3798	0.0117	      8876.2 	     89.105   	14.8914	0.0109	 2.4884	   --- 	 --- 	3498.0 	---   	---   	  0.74	    0.074	  0.2  	ASCC_21
-0.2411	 0.1805	 0.3097	  925.588	   57.027	   65.391	1.61 	11	 ---	 82.26376874502	0.0809	  2.83702472945	0.0806	3223869969263501184	  2.7854 	0.1071	  1.877	0.157	 -0.72 	0.147	0	     3626.0 	      3.9175 	16.7898	0.0012	      557.89 	       9.7828  	18.485 	0.019 	      5278.5 	     80.723   	15.4556	0.0166	 3.0294	   --- 	 --- 	4168.69	---   	---   	  --- 	    ---  	  0.4  	ASCC_21
-0.26  	 0.0525	 0.2939	 1804.541	  501.575	  479.138	1.148	10	 ---	 82.92177748999	0.0549	  2.83283190572	0.0528	3223905089212727552	  2.666  	0.0635	  1.788	0.114	  0.16 	0.1  	0	 18610000.0 	  10313.0    	 7.514 	0.0006	 14198000.0  	   28306.0     	 7.4708	0.0022	   7166300.0 	  14957.0     	 7.6237	0.0023	-0.1529	   --- 	 --- 	8868.67	0.197 	0.0803	  --- 	    ---  	  0.2  	ASCC_21
-0.1407	 0.0987	 0.145 	  370.399	   86.41 	  125.211	1.268	11	 ---	 82.75479234141	0.0237	  2.78605559239	0.0209	3223899449921318016	  2.8677 	0.0266	  1.249	0.048	 -0.16 	0.038	0	   101600.0 	    274.31   	13.1711	0.0029	    41551.0  	     480.86    	13.8049	0.0126	     87256.0 	    696.88    	12.4099	0.0087	 1.395 	   --- 	 --- 	4495.0 	---   	---   	  1.31	    0.628	  0.3  	ASCC_21
-0.3171	 0.1373	 0.3307	  721.875	   43.936	  291.829	1.514	11	 ---	 82.73310543293	0.0954	  2.67909003238	0.0922	3223896464918476672	  3.0192 	0.1253	  1.589	0.191	  0.137	0.17 	0	     3083.1 	      4.2709 	16.9659	0.0015	      441.88 	      10.057   	18.7381	0.0247	      4225.6 	     14.48    	15.6972	0.0037	 3.0409	   --- 	 --- 	3711.0 	---   	---   	  --- 	    ---  	  0.4  	ASCC_21
-0.3922	 0.2296	 0.2048	  736.572	   40.534	  233.799	1.534	11	 ---	 82.25532334161	0.1123	  2.72503001405	0.1074	3223865158901206912	  2.7166 	0.124 	  1.469	0.192	  0.175	0.165	0	     2877.7 	      3.9068 	17.0408	0.0015	      455.61 	      11.24    	18.7049	0.0268	      3959.2 	     16.934   	15.7679	0.0046	 2.937 	   --- 	 --- 	4630.13	1.086 	0.613 	  --- 	    ---  	  0.2  	ASCC_21
-0.3126	 0.2123	 0.1758	 3447.37 	 1128.128	 1145.708	1.189	11	 0.0	 82.78603641458	0.037 	  2.73711874462	0.0335	3223898320344327424	  2.8897 	0.0423	  2.182	0.071	 -0.37 	0.06 	0	   995210.0 	    288.69   	10.6936	0.0003	   565320.0  	     501.12    	10.9706	0.001 	    618380.0 	    539.73    	10.2838	0.0009	 0.6869	  20.34	 2.81	6248.52	1.216 	0.5955	  1.83	    4.624	  0.6  	ASCC_21
-0.1862	 0.0373	 0.264 	  314.816	    ---  	    ---  	---  	11	 ---	 82.75463314329	0.1139	  2.78548358509	0.1037	3223899454214406656	  2.9829 	0.1365	  1.031	0.236	 -0.629	0.194	0	     2991.1 	      9.5012 	16.9988	0.0034	        ---  	       ---     	 ---   	---   	         --- 	      ---     	 ---   	---   	 ---   	   --- 	 --- 	   --- 	---   	---   	  --- 	    ---  	  0.8  	ASCC_21
-0.5732	 0.3985	-0.1675	  571.263	  118.083	  186.89 	1.323	10	 ---	 82.00245509664	0.0425	  2.71294768984	0.0359	3223862208258876544	  2.9201 	0.0384	  1.955	0.08 	 -0.11 	0.063	0	    32091.0 	     56.176  	14.4224	0.0019	    10578.0  	      89.585   	15.2903	0.0092	     31883.0 	    170.6     	13.503 	0.0058	 1.7873	   --- 	 --- 	4262.15	---   	---   	  0.85	    0.213	  0.3  	ASCC_21
-0.1405	 0.1818	 0.2612	  468.877	   45.215	  143.49 	1.504	10	 ---	 82.67179871328	0.0767	  2.66473841959	0.0737	3223896774156285696	  2.6521 	0.0983	  1.937	0.147	 -0.668	0.132	0	     4540.0 	      9.6828 	16.5457	0.0023	      763.14 	      16.878   	18.1449	0.024 	      6062.9 	     42.253   	15.3052	0.0076	 2.8397	   --- 	 --- 	3884.9 	---   	---   	  --- 	    ---  	  0.8  	ASCC_21
-0.3336	 0.2156	 0.2088	  453.751	   31.552	  151.801	1.564	11	 ---	 82.23710048223	0.1183	  2.76378240326	0.1137	3223866155333660160	  2.9161 	0.1361	  1.481	0.203	  0.136	0.173	0	     2131.4 	      4.6973 	17.3667	0.0024	      293.87 	       9.3137  	19.181 	0.0344	      3040.3 	     20.028   	16.0546	0.0072	 3.1264	   --- 	 --- 	   --- 	---   	---   	  --- 	    ---  	  0.2  	ASCC_21
-0.3616	 0.1876	 0.1491	  666.503	   57.778	  281.995	1.483	11	 ---	 81.956109321  	0.0953	  2.62382302161	0.0876	3223837228729098368	  2.7234 	0.1056	  1.311	0.173	 -0.226	0.148	0	     4042.6 	      6.0653 	16.6717	0.0016	      710.51 	      12.297   	18.2225	0.0188	      5284.9 	     18.741   	15.4543	0.0039	 2.7681	   --- 	 --- 	4038.77	---   	---   	  --- 	    ---  	  0.2  	ASCC_21
-0.4751	 0.2069	 0.1906	  365.005	  101.198	  153.012	1.261	10	 ---	 82.99396794365	0.0268	  2.9293498182 	0.0273	3223907661898178688	  2.87   	0.0282	  1.91 	0.048	 -0.2  	0.046	0	    91205.0 	    249.87   	13.2883	0.003 	    37815.0  	     373.68    	13.9072	0.0107	     77224.0 	    504.7     	12.5425	0.0071	 1.3647	   --- 	 --- 	4838.37	---   	---   	  1.01	    0.502	  0.3  	ASCC_21
-0.2985	 0.2731	 0.2447	  566.43 	    8.609	  191.987	1.612	11	 ---	 82.1455336458 	0.1452	  2.77341674779	0.1475	3223863647072766976	  2.9428 	0.1847	  1.909	0.256	  0.06 	0.232	0	     1670.5 	      2.9492 	17.6313	0.0019	      238.8  	      27.738   	19.4063	0.1261	      2454.8 	     12.786   	16.2869	0.0057	 3.1194	   --- 	 --- 	   --- 	---   	---   	  --- 	    ---  	  0.4  	ASCC_21
-0.2294	 0.0919	 0.1862	  196.207	   42.522	   68.306	1.438	11	 ---	 82.42437228961	0.0436	  2.83636047114	0.0413	3223867774536438528	  2.9454 	0.0517	  1.607	0.085	 -0.665	0.073	0	    16467.0 	     83.928  	15.1468	0.0055	     3734.1  	      87.817   	16.4209	0.0255	     19953.0 	    292.11    	14.0119	0.0159	 2.409 	   --- 	 --- 	3518.75	---   	---   	  1.13	    0.175	  0.6  	ASCC_21
-0.1142	 0.1479	 0.2757	  763.966	   48.671	  312.848	1.49 	11	 ---	 82.64159445875	0.0816	  2.63609957037	0.0795	3223802864695427584	  2.8365 	0.1066	  1.832	0.157	 -0.219	0.135	0	     3620.3 	      4.7388 	16.7915	0.0014	      592.39 	      12.171   	18.4199	0.0223	      4803.6 	     15.354   	15.558 	0.0035	 2.8619	   --- 	 --- 	3755.54	0.8825	0.436 	  --- 	    ---  	  0.2  	ASCC_21
-0.2047	 0.1497	 0.3407	  886.318	   52.06 	  318.104	1.521	11	 ---	 82.40490684429	0.0859	  2.75983242441	0.0822	3223855164512468096	  2.7669 	0.114 	  1.832	0.17 	 -0.246	0.145	0	     2934.0 	      3.3103 	17.0197	0.0012	      449.01 	       8.6248  	18.7208	0.0209	      4012.4 	     12.614   	15.7534	0.0034	 2.9674	   --- 	 --- 	4020.07	---   	---   	  --- 	    ---  	  0.3  	ASCC_21
-0.2229	 0.2048	 0.2493	  270.071	   65.338	   95.34 	1.42 	11	 ---	 82.30042156454	0.0462	  2.89285202294	0.0441	3223872069503741568	  2.9155 	0.0578	  1.322	0.083	 -0.84 	0.071	0	    13535.0 	     50.117  	15.3597	0.004 	     3219.6  	      49.276   	16.5819	0.0166	     15994.0 	    167.75    	14.2521	0.0114	 2.3298	   --- 	 --- 	4236.44	---   	---   	  0.56	    0.091	  1.0  	ASCC_21
-0.3015	 0.2242	 0.2227	  778.069	   42.709	  342.911	1.536	11	 ---	 82.30061791835	0.1067	  2.75893777344	0.0994	3223865708657057280	  2.8123 	0.1274	  1.354	0.19 	 -0.334	0.159	0	     2373.2 	      3.0501 	17.25  	0.0014	      348.68 	       8.1641  	18.9953	0.0254	      3295.4 	      9.6102  	15.9671	0.0032	 3.0282	   --- 	 --- 	   --- 	---   	---   	  --- 	    ---  	  0.4  	ASCC_21
-0.0035	 0.179 	 0.2702	  203.231	   14.605	   80.51 	1.589	10	 ---	 82.46618689098	0.1386	  2.63545809872	0.1332	3223849048479210880	  2.9654 	0.1882	  1.719	0.258	  0.196	0.217	1	     1343.7 	      6.6116 	17.8676	0.0053	      178.53 	      12.224   	19.7221	0.0743	      1956.8 	     24.305   	16.5331	0.0135	 3.1891	   --- 	 --- 	   --- 	---   	---   	  --- 	    ---  	  0.2  	ASCC_21
-0.2637	 0.0806	 0.1923	  625.892	   25.384	  197.122	1.513	10	 ---	 82.23429184409	0.1276	  4.33708365238	0.1283	3236685911157250048	  2.9425 	0.1476	  1.507	0.232	 -0.617	0.201	0	     1831.3 	      2.9259 	17.5315	0.0017	      232.29 	       9.1512  	19.4363	0.0428	      2538.8 	     12.879   	16.2503	0.0055	 3.186 	   --- 	 --- 	   --- 	---   	---   	  --- 	    ---  	  0.3  	ASCC_21
-0.4001	 0.0258	 0.3816	  764.216	   78.126	  246.126	1.517	10	 ---	 82.64942035181	0.084 	  2.95919079157	0.0761	3223958381166715520	  2.9513 	0.1064	  1.317	0.178	 -0.337	0.152	0	     5134.4 	      6.7185 	16.4121	0.0014	      789.97 	      10.111   	18.1074	0.0139	      6998.7 	     28.436   	15.1494	0.0044	 2.958 	   --- 	 --- 	3775.05	---   	---   	  --- 	    ---  	  0.7  	ASCC_21
-0.9127	 0.3753	-0.2269	  318.625	   52.477	   91.222	1.428	 9	 ---	 82.79742282942	0.164 	  3.33148277082	0.1502	3224003804740767744	  2.8158 	0.0665	  1.052	0.264	 -0.371	0.229	0	    12486.0 	     39.187  	15.4473	0.0034	     3064.8  	      58.404   	16.6354	0.0207	     14762.0 	    161.82    	14.3391	0.0119	 2.2963	   --- 	 --- 	4173.94	---   	---   	  0.58	    0.093	  0.6  	ASCC_21
-0.458 	-0.0361	 0.3162	  542.745	   24.639	  171.265	1.554	10	 ---	 82.49344731398	0.0964	  3.15748071675	0.0826	3223976351309873408	  2.7891 	0.1108	  1.949	0.21 	 -0.855	0.177	0	     2325.8 	      4.2852 	17.272 	0.002 	      330.08 	      13.396   	19.0549	0.0441	      3285.1 	     19.181   	15.9706	0.0063	 3.0843	   --- 	 --- 	   --- 	---   	---   	  --- 	    ---  	  0.5  	ASCC_21
-0.2209	 0.1266	 0.2573	  100.221	   15.332	   25.493	1.589	11	 ---	 82.90578005901	0.1252	  2.95794674537	0.1282	3223955254430713472	  2.8798 	0.1634	  1.653	0.241	 -0.377	0.2  	0	     1979.3 	     19.749  	17.4471	0.0108	      283.96 	      18.52    	19.2183	0.0708	      2861.3 	    112.24    	16.1205	0.0426	 3.0978	   --- 	 --- 	   --- 	---   	---   	  --- 	    ---  	  0.1  	ASCC_21
-0.5244	 0.1833	 0.1827	  212.216	   53.065	   86.244	1.405	11	 ---	 82.7807378221 	0.0532	  3.21746853997	0.049 	3223998066664475392	  2.8702 	0.0562	  1.675	0.099	 -0.822	0.089	0	    15046.0 	     70.901  	15.2448	0.0051	     3776.6  	      71.169   	16.4086	0.0205	     17359.0 	    201.28    	14.1631	0.0126	 2.2456	   --- 	 --- 	3537.0 	2.4825	1.2515	  1.09	    0.166	  0.5  	ASCC_21
-0.3813	 0.0957	 0.2083	  603.922	   16.66 	  168.261	1.579	11	 ---	 82.62871816005	0.1248	  3.18879180602	0.1125	3223977446525538304	  2.801  	0.1343	  1.264	0.254	 -0.83 	0.222	0	     1455.1 	      2.4095 	17.7811	0.0018	      168.67 	      10.124   	19.7838	0.0652	      2128.7 	     12.651   	16.4416	0.0065	 3.3422	   --- 	 --- 	   --- 	---   	---   	  --- 	    ---  	  0.7  	ASCC_21
-0.4388	 0.2585	 0.2591	  512.012	   28.142	  156.973	1.596	11	 ---	 82.80421195684	0.1459	  3.16458924942	0.1379	3223996997216646144	  3.2174 	0.1709	  2.086	0.273	 -0.515	0.24 	0	     2880.4 	      5.6256 	17.0397	0.0021	      315.69 	      11.218   	19.1032	0.0386	      4281.7 	     27.277   	15.6829	0.0069	 3.4203	   --- 	 --- 	3890.42	---   	---   	  --- 	    ---  	  0.5  	ASCC_21
-0.3563	 0.1011	 0.2252	  645.008	   64.896	  178.981	1.506	11	 ---	 82.46907105041	0.0645	  2.94670521782	0.0574	3223963432048276864	  3.0342 	0.073 	  1.831	0.128	 -0.187	0.108	0	     8874.9 	     13.759  	15.818 	0.0017	     1569.7  	      24.187   	17.3619	0.0167	     11795.0 	     65.899   	14.5827	0.0061	 2.7792	   --- 	 --- 	4076.08	---   	---   	  --- 	    ---  	  0.6  	ASCC_21
-0.3536	 0.0943	 0.28  	  279.608	   48.254	  110.866	1.473	11	 ---	 82.42907745795	0.0635	  2.9194980497 	0.058 	3223962951011947904	  2.8772 	0.0755	  1.695	0.127	 -0.933	0.108	0	     6552.7 	     23.435  	16.1473	0.0039	     1169.6  	      24.239   	17.6813	0.0225	      8480.5 	     76.493   	14.9409	0.0098	 2.7404	   --- 	 --- 	4107.38	---   	---   	  --- 	    ---  	  0.5  	ASCC_21
-0.3375	 0.2145	 0.1715	  479.943	   23.745	  172.696	1.641	11	 ---	 82.82463387001	0.1456	  3.43685985224	0.1355	3224011393947204992	  2.9541 	0.1605	  1.291	0.264	 -0.019	0.226	0	     1351.2 	      2.8153 	17.8616	0.0023	      139.69 	       5.8829  	19.9885	0.0457	      2078.2 	     12.034   	16.4677	0.0063	 3.5208	   --- 	 --- 	   --- 	---   	---   	  --- 	    ---  	  0.1  	ASCC_21
-0.347 	 0.1422	 0.3338	  598.257	   25.694	  203.479	1.643	11	 ---	 82.61436531136	0.1195	  2.91243032709	0.1129	3223951887176172672	  2.8884 	0.1554	  1.383	0.239	 -0.933	0.208	0	     2420.5 	      4.046  	17.2286	0.0018	      226.09 	       8.7995  	19.4657	0.0423	      3751.6 	     18.437   	15.8264	0.0053	 3.6393	   --- 	 --- 	   --- 	---   	---   	  --- 	    ---  	  0.6  	ASCC_21
-0.2776	 0.1545	 0.2352	  930.689	  107.105	  339.566	1.45 	11	 ---	 82.36117081937	0.0633	  2.95123587451	0.0582	3223966215187096448	  2.8133 	0.0741	  1.281	0.121	 -0.19 	0.104	0	     7227.5 	      7.7658 	16.0409	0.0012	     1418.6  	      13.245   	17.4718	0.0101	      9062.4 	     26.688   	14.8688	0.0032	 2.6029	   --- 	 --- 	3613.19	---   	---   	  0.71	    0.078	  0.2  	ASCC_21
-0.1221	 0.1817	 0.2788	  943.783	  103.841	  324.146	1.508	11	 ---	 82.53170515625	0.0638	  2.79148901065	0.0609	3223948519921838208	  2.8971 	0.0819	  1.612	0.121	 -0.643	0.102	0	     7170.9 	      7.598  	16.0494	0.0012	     1446.8  	      13.933   	17.4503	0.0105	      9366.1 	     28.895   	14.833 	0.0033	 2.6173	   --- 	 --- 	3805.43	---   	---   	  0.58	    0.064	  0.5  	ASCC_21
-0.182 	 0.0706	 0.2811	  663.204	   73.841	  257.75 	1.52 	11	 ---	 82.63683525514	0.076 	  2.81020244218	0.0713	3223945908581979008	  2.9748 	0.0966	  1.935	0.153	 -0.293	0.126	0	     7070.6 	     10.661  	16.0647	0.0016	     1140.6  	      15.447   	17.7086	0.0147	      9604.3 	     37.262   	14.8058	0.0042	 2.9028	   --- 	 --- 	4154.77	1.2867	0.733 	  --- 	    ---  	  0.7  	ASCC_21
-0.4174	-0.0589	 0.3415	  481.862	    6.316	  660.853	1.616	10	 ---	 82.83900764375	0.1698	  2.90351285962	0.1547	3223953467724350336	  3.2448 	0.2062	  1.05 	0.364	 -0.47 	0.297	0	     1548.4 	      3.2133 	17.7137	0.0023	      272.58 	      43.155   	19.2626	0.1719	      2230.1 	      3.3746  	16.3911	0.0016	 2.8715	   --- 	 --- 	   --- 	---   	---   	  --- 	    ---  	  0.6  	ASCC_21
-0.3317	 0.096 	 0.4904	  734.046	  168.181	  172.735	1.385	 9	 ---	 82.71370103852	0.0371	  3.01846719039	0.0365	3223959064065329408	  2.7647 	0.0547	  1.63 	0.076	 -0.664	0.07 	0	    20165.0 	     27.471  	14.9269	0.0015	     5516.0  	      32.798   	15.9973	0.0065	     22416.0 	    129.77    	13.8855	0.0063	 2.1118	   --- 	 --- 	3614.67	---   	---   	  1.21	    0.226	  0.4  	ASCC_21
-0.356 	 0.0443	 0.2672	   64.736	   17.452	   21.457	1.336	11	 ---	 82.45165379474	0.0266	  2.91317244064	0.0243	3223962504335346432	  2.7414 	0.0313	  1.438	0.054	 -1.005	0.05 	0	    59383.0 	    917.31   	13.7542	0.0168	    23720.0  	    1359.2     	14.4136	0.0622	     55610.0 	   2591.7     	12.899 	0.0506	 1.5145	   --- 	 --- 	4437.82	---   	---   	  1.08	    0.411	  0.8  	ASCC_21
-0.532 	 0.13  	 0.1916	  950.198	  182.355	  428.696	1.461	11	 ---	 82.71202738902	0.0605	  3.15035678466	0.0544	3223974289725544960	  2.9023 	0.0636	  1.593	0.123	 -0.643	0.111	0	    10555.0 	     11.108  	15.6298	0.0011	     2133.6  	      11.7     	17.0286	0.006 	     13292.0 	     31.005   	14.453 	0.0025	 2.5756	   --- 	 --- 	3678.0 	---   	---   	  0.79	    0.103	  0.8  	ASCC_21
-0.3684	-0.0992	 0.3802	  271.954	   40.808	  111.914	1.466	10	 ---	 82.72655720361	0.0753	  2.90453550867	0.0659	3223954189278883712	  2.9446 	0.0931	  1.73 	0.165	 -0.646	0.133	0	     5395.8 	     19.841  	16.3582	0.004 	     1002.8  	      24.574   	17.8483	0.0266	      6906.2 	     61.71    	15.1638	0.0097	 2.6845	   --- 	 --- 	3746.63	---   	---   	  0.52	    0.049	  0.6  	ASCC_21
-0.2871	-0.0726	 0.3197	  685.634	  116.126	  295.352	1.483	10	 ---	 82.82477277776	0.0941	  2.8777646585 	0.0859	3223952986688024192	  2.9423 	0.1191	  1.321	0.208	 -0.49 	0.162	0	    15264.0 	     22.263  	15.2292	0.0016	     2926.6  	      25.202   	16.6855	0.0093	     19709.0 	     66.732   	14.0252	0.0037	 2.6602	   --- 	 --- 	3408.86	---   	---   	  1.21	    0.178	  0.7  	ASCC_21
-0.3791	 0.1059	 0.1905	  868.466	   72.903	  364.705	1.496	11	 ---	 82.4752758962 	0.0666	  2.87499709963	0.0585	3223961782780843904	  2.8054 	0.0709	  1.499	0.134	 -0.318	0.111	0	     7265.8 	      8.3663 	16.0352	0.0013	     1222.4  	      16.768   	17.6333	0.0149	      9648.0 	     26.454   	14.8008	0.003 	 2.8325	   --- 	 --- 	4007.05	---   	---   	  0.51	    0.061	  0.2  	ASCC_21
-0.4695	 0.0542	 0.2957	  499.813	   15.524	  259.469	1.628	11	 ---	 82.40411647685	0.1563	  2.92184254316	0.1452	3223963118514337920	  2.7417 	0.1804	  1.344	0.321	 -0.558	0.296	0	     1314.9 	      2.6307 	17.8912	0.0022	      152.11 	       9.7982  	19.896 	0.0699	      1989.1 	      7.6661  	16.5153	0.0042	 3.3807	   --- 	 --- 	   --- 	---   	---   	  --- 	    ---  	  0.7  	ASCC_21
-0.356 	 0.159 	 0.2516	  975.735	   36.213	  269.047	1.607	11	 ---	 82.33993977599	0.1178	  2.93692461865	0.1085	3223966279610284928	  2.9799 	0.1386	  0.843	0.226	 -0.167	0.208	0	     3228.5 	      3.3088 	16.9159	0.0011	      352.24 	       9.7268  	18.9843	0.03  	      4837.5 	     17.98    	15.5504	0.004 	 3.4339	   --- 	 --- 	3966.23	1.358 	0.916 	  --- 	    ---  	  0.5  	ASCC_21
-0.4079	 0.2039	 0.235 	  723.226	  118.724	  209.231	1.439	10	 ---	 82.64641515824	0.0768	  3.26260190038	0.0723	3224002361631783168	  2.8693 	0.0808	  1.872	0.121	 -0.678	0.102	0	    17932.0 	     24.794  	15.0543	0.0015	     3798.4  	      31.994   	16.4024	0.0091	     22008.0 	    105.18    	13.9055	0.0052	 2.4969	   --- 	 --- 	3329.5 	---   	---   	  1.46	    0.235	  0.4  	ASCC_21
-0.3784	 0.061 	 0.2574	  472.424	  123.453	  178.072	1.267	10	 ---	 82.58339171577	0.021 	  3.09165055352	0.0188	3223972399939960064	  2.8181 	0.0244	  1.549	0.042	 -0.475	0.034	0	    88338.0 	    186.99   	13.323 	0.0023	    35067.0  	     284.05    	13.9892	0.0088	     76867.0 	    431.66    	12.5476	0.0061	 1.4416	   --- 	 --- 	4558.62	1.3917	0.6905	  1.19	    0.551	  0.3  	ASCC_21
-0.8132	 0.3596	-0.3213	  374.857	    6.622	   71.566	2.313	 8	 ---	 82.81079922272	0.1506	  3.29260095546	0.14  	3224000467549824768	  2.9665 	0.0832	  0.983	0.255	  0.186	0.216	0	 36536000.0 	  97468.0    	 6.7816	0.0029	 51475000.0  	 7773700.0     	 6.0724	0.164 	  33030000.0 	 461530.0     	 5.9647	0.0152	 0.1077	   --- 	 --- 	5191.27	---   	---   	  --- 	    ---  	  0.2  	ASCC_21
-0.5938	-0.0486	 0.3527	  417.671	   39.117	  144.991	1.508	10	 ---	 82.71461688718	0.095 	  3.08653906458	0.0835	3223972640458114688	  3.0597 	0.1116	  1.37 	0.215	 -0.464	0.196	0	     3975.5 	      9.5183 	16.6899	0.0026	      621.01 	      15.876   	18.3686	0.0278	      5372.9 	     37.057   	15.4364	0.0075	 2.9323	   --- 	 --- 	3740.81	0.9975	0.575 	  --- 	    ---  	  0.8  	ASCC_21
-0.0717	 0.1645	 0.2513	  670.853	   49.936	  252.781	1.487	11	 ---	 83.24088768675	0.0719	  3.23049422512	0.0705	3223990228349637888	  2.8317 	0.0901	  1.747	0.137	 -0.179	0.117	0	     4804.5 	      7.1617 	16.4843	0.0016	      868.19 	      17.386   	18.0048	0.0217	      6274.5 	     24.822   	15.268 	0.0043	 2.7369	   --- 	 --- 	4457.54	---   	---   	  --- 	    ---  	  0.1  	ASCC_21
-0.6303	 0.126 	 0.1837	  332.069	   17.304	   84.026	1.606	11	 ---	 82.64803743883	0.1811	  3.27416028304	0.1664	3224002563494361728	  2.8962 	0.1738	  1.853	0.359	 -0.618	0.326	0	     1406.3 	      4.2348 	17.8182	0.0033	      184.33 	      10.652   	19.6874	0.0627	      2074.5 	     24.688   	16.4697	0.0129	 3.2178	   --- 	 --- 	   --- 	---   	---   	  --- 	    ---  	  0.6  	ASCC_21
-0.3474	 0.1108	 0.2492	  530.66 	  177.021	  239.866	1.263	11	 ---	 82.55297354491	0.0606	  3.01502978059	0.0552	3223965596711776000	  2.6187 	0.0695	  1.745	0.119	 -0.596	0.101	0	   112440.0 	    211.89   	13.061 	0.002 	    44892.0  	     253.6     	13.721 	0.0061	     97156.0 	    405.04    	12.2932	0.0045	 1.4277	   --- 	 --- 	4690.5 	---   	---   	  1.33	    0.776	  0.5  	ASCC_21
-0.4224	-0.0633	 0.4033	  419.365	   17.745	  179.783	1.569	11	 ---	 82.65097911   	0.1306	  2.91843469741	0.1192	3223951474859308032	  3.1042 	0.1662	  1.861	0.283	 -0.252	0.263	0	     1433.6 	      3.4184 	17.7973	0.0026	      193.9  	      10.927   	19.6325	0.0612	      2055.4 	     11.433   	16.4797	0.006 	 3.1528	   --- 	 --- 	   --- 	---   	---   	  --- 	    ---  	  0.7  	ASCC_21
-0.1228	 0.1242	 0.274 	  270.482	   50.54 	  107.651	1.489	11	 ---	 83.19692866709	0.0633	  3.42813413572	0.0612	3224371934977660288	  2.9287 	0.0822	  1.72 	0.124	 -1.015	0.105	0	     7188.4 	     26.576  	16.0468	0.004 	     1291.2  	      25.548   	17.5739	0.0215	      9411.5 	     87.426   	14.8278	0.0101	 2.7462	   --- 	 --- 	4392.51	---   	---   	  --- 	    ---  	  0.3  	ASCC_21
