pmRApmDEcor	PlxpmRAcor	PlxpmDEcor	RFG	RFBP	RFRP	E(BR/RP)	Nper	[Fe/H]temp	RAdeg	e_RAdeg	DEdeg	e_DEdeg	Source	Plx	e_Plx	pmRA	e_pmRA	pmDE	e_pmDE	Dup	FG	e_FG	Gmag	e_Gmag	FBP	e_FBP	BPmag	e_BPmag	FRP	e_FRP	RPmag	e_RPmag	BP-RP	RV	e_RV	Teff	AG	E(BR-RP)	Rad	Lum	Pmemb	Cluster
---	---	---	---	---	---	---	---	---	deg	mas	deg	mas	---	mas	mas	mas/yr	mas/yr	mas/yr	mas/yr	---	e-/s	e-/s	mag	mag	e-/s	e-/s	mag	mag	e-/s	e-/s	mag	mag	mag	km/s	km/s	K	mag	mag	solRad	solLum	---	---
-------	-------	-------	---------	---------	---------	-----	--	----	---------------	------	---------------	------	-------------------	---------	------	-------	-----	-------	-----	-	------------	-------------	-------	------	-------------	---------------	-------	------	-------------	--------------	-------	------	-------	-------	-----	-------	------	------	------	---------	-------	--------------------
-0.1794	-0.0933	 0.3497	 5822.263	 1857.896	 2172.189	1.164	16	 ---	228.28753010104	0.1331	-58.84407877592	0.1306	5877022180299677056	  0.9932 	0.1682	 -3.02 	0.205	 -4.077	0.25 	1	  1563700.0 	    268.58   	10.203 	0.0002	  1076500.0  	     579.42    	10.2714	0.0006	    743740.0 	    342.39    	10.0834	0.0005	 0.188 	   --- 	 --- 	8580.5 	0.5967	0.3113	  --- 	    ---  	  0.4  	ASCC_79
-0.1514	-0.1092	 0.2233	 5776.143	 1025.123	 1123.792	1.202	16	 0.0	232.5898484569 	0.0266	-62.11134818157	0.0213	5827452858900658304	  1.1672 	0.0299	 -2.829	0.047	 -4.299	0.046	0	   317600.0 	     54.985  	11.9337	0.0002	   180140.0  	     175.72    	12.2124	0.0011	    201740.0 	    179.51    	11.5   	0.001 	 0.7124	  31.41	10.64	6297.75	---   	---   	  2.53	    9.037	  0.8  	ASCC_79
-0.2957	-0.1757	 0.2478	 1916.051	  554.102	 1025.037	1.201	14	 ---	232.62330076232	0.0282	-62.21297296896	0.0221	5827451209654399616	  1.0458 	0.0308	 -2.742	0.049	 -4.916	0.051	0	   404410.0 	    211.06   	11.6713	0.0006	   226820.0  	     409.36    	11.9622	0.002 	    258740.0 	    252.42    	11.2298	0.0011	 0.7324	   --- 	 --- 	6162.97	---   	---   	  3.33	   14.37 	  0.3  	ASCC_79
-0.1477	-0.1231	 0.471 	 4335.798	  720.748	 1408.114	1.32 	14	 0.0	233.68397017607	0.2521	-60.20017010277	0.2124	5881718847347186816	  0.9764 	0.3568	 -3.182	0.409	 -3.95 	0.444	0	   121770.0 	     28.084  	12.9745	0.0003	    40679.0  	      56.44    	13.828 	0.0015	    120090.0 	     85.282   	12.0632	0.0008	 1.7648	 -40.43	 1.17	3957.81	1.6745	0.8567	  --- 	    ---  	  0.2  	ASCC_79
-0.1544	-0.0439	 0.1645	 5573.901	  625.745	  857.081	1.222	15	 ---	232.50310456569	0.0175	-62.08283617417	0.0145	5827464579920896512	  1.144  	0.0219	 -2.453	0.029	 -4.736	0.033	0	    75060.0 	     13.466  	13.4998	0.0002	    40086.0  	      64.062   	13.8439	0.0017	     51637.0 	     60.248   	12.9795	0.0013	 0.8644	   --- 	 --- 	5458.75	0.9777	0.502 	  1.71	    2.326	  0.5  	ASCC_79
-0.2048	 0.0711	-0.0078	 3249.012	 1216.915	 1172.94 	1.167	15	 ---	233.60466843916	0.0308	-60.88585134348	0.0268	5827621466488471168	  1.0655 	0.0371	 -2.35 	0.056	 -4.534	0.061	1	  1483400.0 	    456.58   	10.2602	0.0003	  1027200.0  	     844.1     	10.3222	0.0009	    704700.0 	    600.79    	10.1419	0.0009	 0.1803	   --- 	 --- 	8742.33	0.7053	0.3625	  --- 	    ---  	  0.6  	ASCC_79
-0.3032	 0.0282	 0.1462	 2297.367	  517.975	  755.943	1.185	12	 ---	232.5897156918 	0.0391	-59.36542188697	0.0385	5881990907710894080	  1.0882 	0.0609	 -2.592	0.07 	 -3.681	0.086	1	   486160.0 	    211.62   	11.4714	0.0005	   327140.0  	     631.57    	11.5646	0.0021	    248880.0 	    329.24    	11.2719	0.0014	 0.2926	   --- 	 --- 	8785.67	---   	---   	  --- 	    ---  	  0.3  	ASCC_79
-0.4651	 0.023 	 0.2392	 4624.862	  874.784	 1414.48 	1.18 	14	 ---	232.11018929674	0.0274	-59.28294032735	0.0254	5882006090390773504	  1.2611 	0.0395	 -2.571	0.051	 -3.806	0.061	0	   290850.0 	     62.889  	12.0292	0.0002	   192880.0  	     220.49    	12.1382	0.0012	    150400.0 	    106.33    	11.8188	0.0008	 0.3194	   --- 	 --- 	8391.0 	0.366 	0.18  	  --- 	    ---  	  0.8  	ASCC_79
-0.3551	-0.024 	 0.1736	 5318.664	 1201.572	 1007.748	1.201	16	 ---	232.24073699266	0.0284	-59.19614631573	0.0228	5882008087624100096	  1.0098 	0.0331	 -3.06 	0.047	 -4.126	0.052	1	   149820.0 	     28.168  	12.7495	0.0002	    92298.0  	      76.814   	12.9384	0.0009	     87663.0 	     86.989   	12.4049	0.0011	 0.5335	   --- 	 --- 	7067.0 	---   	---   	  1.59	    5.711	  0.3  	ASCC_79
-0.094 	 0.1524	 0.2535	 3804.488	  964.889	 1261.1  	1.228	16	 ---	230.07720608623	0.018 	-61.90499947645	0.0158	5875181185555585408	  1.1662 	0.0237	 -2.983	0.029	 -4.852	0.034	0	   114980.0 	     30.222  	13.0368	0.0003	    57383.0  	      59.471   	13.4544	0.0011	     83868.0 	     66.504   	12.4529	0.0009	 1.0015	   --- 	 --- 	5338.21	---   	---   	  2.18	    3.479	  0.7  	ASCC_79
-0.1883	 0.0742	 0.1857	 2277.1  	  542.738	  879.442	1.177	15	 ---	230.26808262606	0.0303	-61.83973397524	0.0262	5875184548448158976	  1.1055 	0.0385	 -2.728	0.051	 -4.376	0.056	1	   430440.0 	    189.03   	11.6036	0.0005	   298250.0  	     549.52    	11.665 	0.002 	    208280.0 	    236.84    	11.4653	0.0012	 0.1997	   --- 	 --- 	8948.0 	0.3645	0.188 	  --- 	    ---  	  0.8  	ASCC_79
-0.1184	 0.0601	 0.0742	 4707.802	  786.321	  858.734	1.182	15	 ---	230.46446577243	0.0272	-61.82748300567	0.024 	5875185441801355392	  1.1439 	0.036 	 -2.885	0.045	 -4.87 	0.053	0	   257480.0 	     54.692  	12.1615	0.0002	   169690.0  	     215.8     	12.2772	0.0014	    134700.0 	    156.86    	11.9385	0.0013	 0.3388	   --- 	 --- 	7966.5 	---   	---   	  1.49	    8.044	  0.9  	ASCC_79
-0.1507	 0.0353	 0.1539	 1237.89 	  271.071	  431.482	1.227	15	 ---	230.37607765578	0.0175	-61.72716564811	0.0154	5875186957992604800	  1.1455 	0.0234	 -2.917	0.029	 -4.714	0.035	0	    65863.0 	     53.206  	13.6418	0.0009	    33571.0  	     123.84    	14.0365	0.004 	     47212.0 	    109.42    	13.0768	0.0025	 0.9597	   --- 	 --- 	5473.0 	1.1643	0.5957	  1.59	    2.033	  0.8  	ASCC_79
-0.0992	 0.0681	 0.124 	  101.162	   22.948	   47.598	1.254	15	 0.0	230.03076471386	0.0259	-61.80771638104	0.0228	5875182869182836352	  1.0768 	0.0327	 -2.888	0.044	 -4.822	0.05 	0	   276480.0 	   2733.1    	12.0842	0.0107	   129450.0  	    5641.0     	12.5711	0.0473	    217170.0 	   4562.5     	11.4199	0.0228	 1.1512	   5.54	 3.76	5119.77	---   	---   	  4.05	   10.153	  0.7  	ASCC_79
-0.0988	-0.0838	 0.2538	 4972.177	  936.973	 1949.82 	1.209	16	 ---	231.29750041546	0.0172	-62.55591504175	0.0145	5827050785589317760	  1.1833 	0.0216	 -2.782	0.029	 -5.132	0.031	0	    78209.0 	     15.729  	13.4552	0.0002	    43024.0  	      45.918   	13.7671	0.0012	     51538.0 	     26.432   	12.9816	0.0006	 0.7855	   --- 	 --- 	5822.0 	0.434 	0.217 	  1.46	    2.2  	  0.7  	ASCC_79
-0.1444	-0.0981	 0.1785	 5565.772	  828.167	 1325.592	1.216	14	 ---	231.13241886189	0.0199	-62.71020693444	0.0175	5827047968090606208	  1.1444 	0.0226	 -3.268	0.035	 -4.898	0.037	1	    57730.0 	     10.372  	13.7849	0.0002	    30951.0  	      37.373   	14.1247	0.0013	     39242.0 	     29.603   	13.2776	0.0008	 0.8471	   --- 	 --- 	5840.75	0.357 	0.1923	  1.29	    1.734	  0.6  	ASCC_79
-0.1309	-0.1096	 0.2649	 5027.15 	 1140.715	 1685.597	1.215	16	 0.0	230.88774667045	0.064 	-59.36601418986	0.051 	5876035815360189824	  1.0511 	0.0719	 -2.828	0.096	 -3.796	0.103	1	   163570.0 	     32.537  	12.6541	0.0002	    89178.0  	      78.177   	12.9757	0.001 	    109580.0 	     65.007   	12.1626	0.0006	 0.8131	 -45.18	 4.86	5760.0 	---   	---   	  2.43	    5.853	  0.3  	ASCC_79
-0.4527	 0.2725	 0.1073	 5576.487	  782.103	 1182.81 	1.244	14	 ---	229.45514570305	0.0171	-59.41456280447	0.0197	5876747405500963584	  1.0435 	0.0279	 -2.815	0.032	 -3.394	0.045	0	    47930.0 	      8.595  	13.9869	0.0002	    22951.0  	      29.346   	14.4494	0.0014	     36682.0 	     31.013   	13.3508	0.0009	 1.0986	   --- 	 --- 	5048.79	---   	---   	  1.8 	    1.9  	  0.3  	ASCC_79
-0.2406	 0.1088	 0.3152	 7496.885	 1253.918	 1644.695	1.207	15	 ---	228.78436475893	0.0256	-59.38687307313	0.0238	5876739189171379712	  1.292  	0.0348	 -2.507	0.041	 -4.403	0.052	1	   201160.0 	     26.832  	12.4295	0.0001	   110750.0  	      88.325   	12.7405	0.0009	    132090.0 	     80.314   	11.9597	0.0007	 0.7808	   --- 	 --- 	5947.0 	---   	---   	  2.05	    4.718	  0.8  	ASCC_79
-0.184 	 0.0219	 0.26  	 5189.823	  964.111	 1218.835	1.222	15	 ---	232.51770976228	0.0179	-62.3486930036 	0.0153	5827070679879637888	  1.1198 	0.0228	 -3.022	0.031	 -5.277	0.034	0	    48475.0 	      9.3404 	13.9746	0.0002	    25743.0  	      26.701   	14.3247	0.0011	     33494.0 	     27.48    	13.4495	0.0009	 0.8752	   --- 	 --- 	5661.34	0.438 	0.23  	  1.29	    1.539	  0.4  	ASCC_79
-0.1201	-0.0424	 0.1833	 3286.367	  712.282	  724.963	1.214	16	 ---	231.85418130661	0.016 	-62.33501264171	0.0138	5827082465270534400	  1.2159 	0.0207	 -2.723	0.027	 -4.0  	0.03 	0	    53780.0 	     16.365  	13.8618	0.0003	    28694.0  	      40.285   	14.2069	0.0015	     36609.0 	     50.498   	13.353 	0.0015	 0.8539	   --- 	 --- 	5757.0 	---   	---   	  1.21	    1.438	  0.8  	ASCC_79
-0.1496	-0.0567	 0.2787	 4796.417	  903.315	 1500.379	1.205	15	 ---	231.87701885034	0.0286	-62.26326450193	0.0226	5827084389415980160	  1.1674 	0.0345	 -2.565	0.046	 -3.851	0.047	0	   204370.0 	     42.61   	12.4123	0.0002	   120510.0  	     133.41    	12.6488	0.0012	    125700.0 	     83.778   	12.0136	0.0007	 0.6352	   --- 	 --- 	6537.36	---   	---   	  1.88	    5.8  	  0.8  	ASCC_79
-0.0486	 0.0128	 0.3228	 2925.135	  501.24 	  606.725	1.426	15	 ---	228.6960306437 	0.0245	-62.28328846203	0.0255	5875242311507575168	  1.2379 	0.0329	 -2.854	0.04 	 -4.437	0.052	0	    99737.0 	     34.096  	13.1912	0.0004	    23129.0  	      46.144   	14.441 	0.0022	    119120.0 	    196.34    	12.0719	0.0018	 2.3691	   --- 	 --- 	3936.34	2.444 	1.222 	  4.55	    4.471	  0.7  	ASCC_79
 0.0117	 0.1232	 0.2808	 4461.066	  828.699	  943.682	1.269	14	 ---	228.64609916831	0.0167	-61.95134610245	0.018 	5875285673499741696	  1.1915 	0.0242	 -3.006	0.027	 -3.876	0.036	0	    76591.0 	     17.169  	13.4779	0.0002	    32541.0  	      39.267   	14.0703	0.0013	     64643.0 	     68.5     	12.7356	0.0012	 1.3347	   --- 	 --- 	4676.55	---   	---   	  2.44	    2.566	  1.0  	ASCC_79
-0.0095	 0.0691	 0.3301	 1769.998	  491.911	 1487.92 	1.182	15	 ---	229.03625242681	0.0295	-61.88641293617	0.0313	5875284058592029440	  1.2983 	0.0437	 -3.405	0.05 	 -4.729	0.068	0	   537380.0 	    303.61   	11.3627	0.0006	   357370.0  	     726.49    	11.4686	0.0022	    277710.0 	    186.64    	11.1529	0.0007	 0.3157	   --- 	 --- 	8508.0 	---   	---   	  --- 	    ---  	  0.5  	ASCC_79
-0.0057	 0.1298	 0.1406	 4983.656	 1454.159	 1430.823	1.193	15	 ---	227.7775181119 	0.0274	-61.54124971488	0.0265	5876084296935324928	  1.0574 	0.0346	 -2.618	0.041	 -3.596	0.055	1	   130950.0 	     26.275  	12.8956	0.0002	    79522.0  	      54.686   	13.1002	0.0007	     76636.0 	     53.561   	12.5508	0.0008	 0.5493	   --- 	 --- 	7101.29	0.5102	0.2517	  1.41	    4.556	  0.2  	ASCC_79
-0.1375	 0.1247	 0.2229	 3503.744	 1183.488	 1092.748	1.283	14	 0.0	227.48749441785	0.0281	-61.91935191949	0.0259	5875321270191209472	  1.2415 	0.0346	 -3.05 	0.044	 -4.144	0.055	0	  1007800.0 	    287.63   	10.6799	0.0003	   355130.0  	     300.07    	11.4754	0.0009	    937680.0 	    858.09    	 9.8318	0.001 	 1.6436	  18.9 	 0.32	4191.9 	0.8225	0.401 	 11.75	   38.381	  1.0  	ASCC_79
-0.3027	 0.082 	 0.2403	 5564.214	 1108.841	 1376.122	1.226	15	 ---	229.80148139125	0.0152	-59.00695215059	0.0153	5876853611439369216	  0.9852 	0.0212	 -2.457	0.024	 -4.611	0.033	0	   108100.0 	     19.428  	13.1038	0.0002	    57264.0  	      51.643   	13.4567	0.001 	     75236.0 	     54.672   	12.5709	0.0008	 0.8858	   --- 	 --- 	5455.0 	---   	---   	  2.38	    4.519	  0.4  	ASCC_79
-0.3612	-0.0121	 0.3709	 6453.542	 1127.181	 1245.948	1.231	15	 ---	229.91195024471	0.0189	-59.14037005573	0.0167	5876849041594093952	  1.1163 	0.0248	 -2.208	0.03 	 -4.368	0.038	0	    64773.0 	     10.037  	13.6599	0.0002	    32449.0  	      28.788   	14.0734	0.001 	     47313.0 	     37.974   	13.0745	0.0009	 0.9989	   --- 	 --- 	5199.23	---   	---   	  1.82	    2.183	  0.8  	ASCC_79
-0.166 	-0.1341	 0.4917	 5851.286	  727.613	 1332.782	1.225	14	 ---	228.17605361862	0.0196	-61.31989455095	0.021 	5876116010977872768	  1.2354 	0.0272	 -3.84 	0.031	 -4.76 	0.045	0	    64787.0 	     11.072  	13.6596	0.0002	    32190.0  	      44.24    	14.0821	0.0015	     47167.0 	     35.39    	13.0778	0.0008	 1.0043	   --- 	 --- 	5327.0 	0.961 	0.4787	  1.55	    1.75 	  0.8  	ASCC_79
-0.3894	 0.09  	 0.2327	 6843.573	 1264.706	 1471.747	1.242	15	 ---	229.75762478994	0.0174	-58.93048838608	0.0161	5876866114042805632	  1.0871 	0.0225	 -2.15 	0.029	 -4.398	0.036	1	    59354.0 	      8.673  	13.7547	0.0002	    28745.0  	      22.728   	14.205 	0.0009	     44975.0 	     30.559   	13.1295	0.0007	 1.0755	   --- 	 --- 	5034.36	---   	---   	  1.94	    2.174	  0.9  	ASCC_79
-0.1299	 0.0139	 0.3037	 5338.886	 1096.999	 1476.496	1.224	15	 ---	228.91235203175	0.0191	-61.48429779029	0.0214	5875348826703928320	  1.0747 	0.0256	 -2.938	0.032	 -4.579	0.045	0	    47827.0 	      8.9582 	13.9892	0.0002	    24924.0  	      22.72    	14.3598	0.001 	     33626.0 	     22.774   	13.4452	0.0007	 0.9146	   --- 	 --- 	5411.56	0.652 	0.3415	  1.48	    1.688	  0.8  	ASCC_79
-0.2314	-0.1523	 0.4569	 5099.286	  762.028	 1099.728	1.199	14	 0.0	228.55900566145	0.0314	-61.52157485928	0.0291	5875359306425340160	  1.363  	0.0407	 -3.868	0.051	 -4.625	0.061	0	   211800.0 	     41.534  	12.3736	0.0002	   121910.0  	     159.98    	12.6363	0.0014	    132130.0 	    120.15    	11.9594	0.001 	 0.6769	 -25.32	 4.24	6394.0 	1.0193	0.533 	  1.71	    4.414	  0.1  	ASCC_79
-0.4159	-0.0308	 0.3429	 6499.551	  871.818	 1096.212	1.219	15	 ---	228.23510061143	0.0165	-59.38268523937	0.0148	5876923980168273664	  0.9783 	0.0229	 -2.263	0.025	 -3.958	0.035	0	    94453.0 	     14.532  	13.2503	0.0002	    51109.0  	      58.623   	13.5801	0.0012	     64043.0 	     58.422   	12.7457	0.001 	 0.8344	   --- 	 --- 	5753.0 	1.3715	0.7133	  1.99	    3.903	  0.1  	ASCC_79
-0.2362	 0.0228	 0.1164	 3245.378	  808.086	  765.554	1.257	15	 ---	227.38683128905	0.025 	-61.1970988803 	0.0244	5876129995392977664	  1.1656 	0.0354	 -3.64 	0.04 	 -4.892	0.056	1	    56339.0 	     17.36   	13.8114	0.0003	    24784.0  	      30.67    	14.366 	0.0013	     46017.0 	     60.109   	13.1046	0.0014	 1.2613	   --- 	 --- 	4959.49	---   	---   	  1.83	    1.825	  0.9  	ASCC_79
-0.1857	-0.1353	 0.3064	  238.506	   49.483	   70.175	2.034	16	 ---	228.26597558269	0.1399	-59.1083577211 	0.1238	5876946107841308800	  1.104  	0.167 	 -2.353	0.205	 -4.907	0.238	1	   301750.0 	   1265.2    	11.9893	0.0046	     2654.7  	      53.647   	16.7914	0.0219	    611250.0 	   8710.3     	10.2964	0.0155	 6.495 	   --- 	 --- 	3281.33	---   	---   	  --- 	    ---  	  0.3  	ASCC_79
-0.1619	 0.1404	 0.2745	 7313.341	 1348.958	 1288.585	1.207	15	 ---	228.56555641394	0.0296	-59.31558471317	0.0287	5876928412575019776	  1.2655 	0.0378	 -2.453	0.043	 -4.466	0.06 	1	   238690.0 	     32.637  	12.2438	0.0001	   134360.0  	      99.601   	12.5307	0.0008	    153630.0 	    119.22    	11.7957	0.0008	 0.735 	   --- 	 --- 	6250.0 	---   	---   	  2.05	    5.782	  0.8  	ASCC_79
-0.4304	 0.0666	 0.2283	 4556.927	 1618.558	 2304.889	1.188	14	 ---	228.12043292559	0.0293	-59.28276122618	0.0265	5876937483546540416	  1.2406 	0.0381	 -3.138	0.044	 -4.462	0.06 	1	  1189300.0 	    261.0    	10.5001	0.0002	   702490.0  	     434.02    	10.7348	0.0007	    710710.0 	    308.35    	10.1327	0.0005	 0.6021	   --- 	 --- 	6651.86	---   	---   	  4.12	   29.892	  0.9  	ASCC_79
-0.2531	-0.0123	 0.2671	  850.993	   88.054	  199.556	1.838	16	 ---	226.26842086533	0.0939	-60.00989336754	0.0938	5876473691470383616	  1.1534 	0.1212	 -3.844	0.141	 -4.328	0.2  	0	   215350.0 	    253.06   	12.3555	0.0013	     5876.9  	      66.742   	15.9285	0.0123	    390020.0 	   1954.4     	10.7842	0.0054	 5.1443	   --- 	 --- 	3301.0 	2.8347	1.4398	 12.95	   17.948	  0.2  	ASCC_79
-0.1077	-0.0815	 0.2736	 5916.234	  654.72 	 1210.926	1.209	15	 ---	226.75159659774	0.0255	-61.79961229783	0.025 	5874587036958392832	  1.1783 	0.0339	 -2.379	0.041	 -4.148	0.051	0	   135090.0 	     22.834  	12.8618	0.0002	    75846.0  	     115.85    	13.1516	0.0017	     87416.0 	     72.19    	12.4079	0.0009	 0.7436	   --- 	 --- 	6138.19	0.649 	0.3275	  1.72	    3.784	  0.7  	ASCC_79
-0.1264	 0.1026	 0.2136	 4575.595	 1046.316	 1092.092	1.208	15	 ---	233.40280470097	0.0274	-60.79446259796	0.0254	5875662050101885184	  0.992  	0.0355	 -2.844	0.043	 -3.703	0.054	0	   223840.0 	     48.92   	12.3135	0.0002	   122640.0  	     117.21    	12.6298	0.001 	    147710.0 	    135.26    	11.8384	0.001 	 0.7915	   --- 	 --- 	5940.0 	0.5473	0.241 	  2.82	    8.907	  0.1  	ASCC_79
-0.2441	-0.0673	 0.3246	 4327.705	  785.526	 1463.855	1.185	15	 0.0	232.80159547747	0.0263	-61.00833022494	0.0253	5875655006354544640	  1.3281 	0.0359	 -3.953	0.044	 -4.294	0.054	0	   282720.0 	     65.327  	12.06  	0.0003	   175940.0  	     223.98    	12.238 	0.0014	    159060.0 	    108.66    	11.758 	0.0007	 0.48  	 -14.91	12.0 	7204.61	0.6737	0.3295	  1.6 	    6.252	  0.1  	ASCC_79
-0.2042	-0.0746	 0.2968	  848.816	  229.929	  265.734	1.244	15	 ---	231.866193382  	0.0191	-60.21160461094	0.0162	5875934866437790720	  1.1206 	0.0236	 -2.601	0.031	 -4.252	0.033	0	    46623.0 	     54.927  	14.0169	0.0013	    21707.0  	      94.408   	14.5099	0.0047	     36268.0 	    136.48    	13.3631	0.0041	 1.1468	   --- 	 --- 	4942.75	1.5202	0.706 	  1.75	    1.64 	  0.7  	ASCC_79
-0.3768	 0.1728	 0.1319	 5906.526	  541.013	  796.259	1.222	14	 ---	232.99500373434	0.0192	-59.91832531398	0.0153	5875772310514718464	  1.2036 	0.0259	 -3.38 	0.035	 -3.635	0.036	0	    68095.0 	     11.529  	13.6056	0.0002	    35079.0  	      64.839   	13.9888	0.002 	     48148.0 	     60.468   	13.0555	0.0014	 0.9333	   --- 	 --- 	5178.15	0.803 	0.3975	  1.75	    1.981	  1.0  	ASCC_79
-0.2206	 0.0646	 0.322 	 4180.141	  912.213	 1814.572	1.187	15	 ---	227.1753741387 	0.0278	-60.13801520092	0.0294	5876501973831862144	  1.2342 	0.0375	 -3.28 	0.042	 -4.046	0.06 	1	   306140.0 	     73.236  	11.9736	0.0003	   190550.0  	     208.89    	12.1514	0.0012	    172710.0 	     95.181   	11.6686	0.0006	 0.4828	   --- 	 --- 	7385.0 	0.3305	0.1648	  1.72	    7.889	  1.0  	ASCC_79
-0.262 	 0.0086	 0.2168	 1554.815	  687.009	 1031.776	1.169	16	 ---	227.54824785761	0.036 	-60.08409429486	0.0345	5876505993954050048	  1.2786 	0.0478	 -3.197	0.058	 -4.747	0.074	1	   754310.0 	    485.14   	10.9945	0.0007	   508630.0  	     740.36    	11.0854	0.0016	    372980.0 	    361.5     	10.8327	0.0011	 0.2527	   --- 	 --- 	8356.0 	0.613 	0.3   	  --- 	    ---  	  0.7  	ASCC_79
-0.1907	 0.1595	 0.0633	 2843.408	 1062.856	 1146.79 	1.192	15	 ---	229.49540990012	0.0237	-61.58354662823	0.0221	5875388958897113984	  1.0708 	0.0311	 -3.859	0.038	 -4.366	0.05 	0	   413070.0 	    145.27   	11.6483	0.0004	   257540.0  	     242.31    	11.8243	0.001 	    234860.0 	    204.8     	11.3349	0.0009	 0.4894	   --- 	 --- 	7399.75	---   	---   	  2.29	   14.151	  0.1  	ASCC_79
-0.1467	-0.0074	 0.1742	 6195.28 	  876.196	  883.296	1.196	15	 ---	229.65619383366	0.0259	-61.88227406229	0.0255	5875369025883693696	  1.2394 	0.0327	 -3.373	0.044	 -4.362	0.057	0	   231540.0 	     37.373  	12.2768	0.0002	   138580.0  	     158.16    	12.4971	0.0012	    138350.0 	    156.63    	11.9095	0.0012	 0.5877	   --- 	 --- 	6985.75	1.0493	0.5413	  1.65	    5.85 	  0.9  	ASCC_79
-0.1837	 0.1321	 0.1202	 4797.208	  819.7  	  634.272	1.228	15	 ---	229.53153191876	0.0169	-61.68039820444	0.0144	5875374459085856000	  1.232  	0.02  	 -2.3  	0.026	 -4.648	0.032	0	    95245.0 	     19.854  	13.2413	0.0002	    49759.0  	      60.704   	13.6092	0.0013	     67187.0 	    105.93    	12.6937	0.0017	 0.9155	   --- 	 --- 	5389.33	---   	---   	  1.84	    2.565	  0.8  	ASCC_79
 0.0005	 0.1902	 0.459 	 5737.227	  558.143	 1475.442	1.226	13	 0.0	229.21363268124	0.0362	-61.51504301346	0.0302	5875391875110417792	  1.1583 	0.051 	 -2.713	0.051	 -3.948	0.064	0	   168350.0 	     29.343  	12.6229	0.0002	    86163.0  	     154.37    	13.0131	0.0019	    120260.0 	     81.505   	12.0617	0.0007	 0.9514	  -7.42	 7.63	5333.14	---   	---   	  2.66	    5.167	  0.9  	ASCC_79
-0.1506	 0.1229	 0.1145	 3501.783	  765.888	 1046.37 	1.245	15	 ---	229.6204546942 	0.0179	-61.73172212921	0.0166	5875373359574165120	  1.1266 	0.0214	 -3.415	0.029	 -4.201	0.035	0	    44656.0 	     12.752  	14.0637	0.0003	    22923.0  	      29.931   	14.4507	0.0014	     32663.0 	     31.216   	13.4768	0.001 	 0.9739	   --- 	 --- 	5324.0 	---   	---   	  1.42	    1.451	  0.3  	ASCC_79
-0.1061	 0.1558	 0.225 	 1925.031	  535.966	 1192.025	1.171	14	 ---	229.37939184804	0.0358	-61.50056160086	0.0395	5875392532310028544	  1.2238 	0.0496	 -2.164	0.062	 -4.419	0.086	0	   683370.0 	    354.99   	11.1017	0.0006	   473080.0  	     882.67    	11.164 	0.002 	    327330.0 	    274.6     	10.9745	0.0009	 0.1896	   --- 	 --- 	8861.5 	0.577 	0.288 	  --- 	    ---  	  0.9  	ASCC_79
-0.1616	-0.0043	 0.3819	 2626.246	  798.122	  577.476	1.207	15	 ---	228.48216714802	0.0185	-61.26584876801	0.0161	5875367410978516608	  1.1929 	0.0229	 -3.532	0.029	 -4.068	0.035	0	   114330.0 	     43.533  	13.043 	0.0004	    66011.0  	      82.708   	13.3023	0.0014	     71971.0 	    124.63    	12.619 	0.0019	 0.6833	   --- 	 --- 	6395.36	0.5787	0.2827	  1.44	    3.111	  0.5  	ASCC_79
-0.0987	 0.0493	 0.2447	 2763.57 	  638.171	 1259.934	1.187	14	 ---	227.69256022587	0.0294	-60.58859854777	0.0327	5876288874801500288	  1.1846 	0.0443	 -2.585	0.044	 -4.434	0.058	0	   376200.0 	    136.13   	11.7498	0.0004	   247140.0  	     387.26    	11.869 	0.0017	    199380.0 	    158.25    	11.5127	0.0009	 0.3563	   --- 	 --- 	7983.0 	---   	---   	  1.73	   10.979	  0.6  	ASCC_79
-0.2162	 0.0818	 0.261 	 4102.187	  822.663	 1302.679	1.204	16	 ---	227.53090222936	0.0265	-60.26345056485	0.0218	5876309009610416768	  1.1419 	0.0307	 -3.401	0.039	 -3.926	0.047	1	   138600.0 	     33.787  	12.8339	0.0003	    80929.0  	      98.374   	13.0811	0.0013	     85917.0 	     65.954   	12.4267	0.0008	 0.6544	   --- 	 --- 	6350.62	0.9862	0.4963	  1.68	    4.117	  0.9  	ASCC_79
-0.1335	 0.0421	 0.162 	 4169.106	 1197.311	 1058.146	1.202	16	 ---	227.676157443  	0.0221	-60.58271902046	0.0218	5876288874801521152	  0.9981 	0.0286	 -2.298	0.035	 -4.909	0.044	0	   127580.0 	     30.601  	12.9239	0.0003	    73201.0  	      61.138   	13.1901	0.0009	     80199.0 	     75.792   	12.5015	0.001 	 0.6886	   --- 	 --- 	6584.5 	0.923 	0.458 	  1.71	    4.953	  0.3  	ASCC_79
-0.2464	 0.1171	 0.1559	 1903.449	  496.736	  624.347	1.226	14	 ---	228.16259687351	0.0168	-60.45138237555	0.0173	5876294922116692608	  1.2242 	0.0237	 -2.878	0.028	 -3.995	0.04 	0	    47773.0 	     25.098  	13.9904	0.0006	    24531.0  	      49.385   	14.3771	0.0022	     34029.0 	     54.503   	13.4323	0.0017	 0.9448	   --- 	 --- 	5252.25	---   	---   	  1.39	    1.328	  0.9  	ASCC_79
-0.284 	 0.2487	-0.0697	 5533.074	 1300.471	 1276.908	1.227	14	 ---	226.84543770858	0.0179	-61.06454775135	0.0173	5876170642968375936	  1.2033 	0.0238	 -2.332	0.029	 -3.981	0.04 	0	    53937.0 	      9.7482 	13.8586	0.0002	    27083.0  	      20.825   	14.2696	0.0008	     39118.0 	     30.635   	13.281 	0.0009	 0.9887	   --- 	 --- 	5287.38	---   	---   	  1.48	    1.544	  0.7  	ASCC_79
-0.0146	 0.0825	 0.2245	 1531.917	  722.35 	  813.293	1.219	11	 ---	229.76149819995	0.0472	-62.57456169835	0.0327	5875052886248164864	  0.9942 	0.0469	 -2.349	0.064	 -4.467	0.061	1	   528630.0 	    345.08   	11.3805	0.0007	   284040.0  	     393.22    	11.7179	0.0015	    360520.0 	    443.29    	10.8696	0.0013	 0.8483	   --- 	 --- 	5777.33	---   	---   	  4.59	   21.122	  0.3  	ASCC_79
-0.1474	-0.0083	 0.2648	 4924.619	  966.178	  818.61 	1.212	16	 ---	232.83953053205	0.0161	-60.89075911945	0.0142	5875669265647416064	  1.1693 	0.0207	 -2.497	0.027	 -4.463	0.032	0	    86195.0 	     17.503  	13.3497	0.0002	    47123.0  	      48.773   	13.6683	0.0011	     57370.0 	     70.082   	12.8652	0.0013	 0.8031	   --- 	 --- 	5838.33	---   	---   	  1.54	    2.481	  0.8  	ASCC_79
-0.0098	-0.1837	 0.2729	 1046.981	  667.544	  831.052	1.228	15	 ---	232.73148247282	0.1196	-60.87149638821	0.0875	5875668780242281088	  1.0792 	0.1365	 -2.457	0.193	 -4.569	0.18 	1	    63580.0 	     60.727  	13.6801	0.001 	    37327.0  	      55.917   	13.9213	0.0016	     40761.0 	     49.047   	13.2363	0.0013	 0.685 	   --- 	 --- 	6299.0 	0.139 	0.07  	  1.22	    2.116	  0.4  	ASCC_79
-0.3445	-0.0766	 0.2006	 4221.341	  619.653	  786.933	1.224	14	 ---	231.92695593514	0.0216	-61.58597504361	0.0166	5875529077909403648	  1.0767 	0.0221	 -2.994	0.035	 -4.355	0.037	0	    49538.0 	     11.735  	13.951 	0.0003	    25225.0  	      40.708   	14.3468	0.0018	     35418.0 	     45.007   	13.3889	0.0014	 0.958 	   --- 	 --- 	5370.0 	0.7733	0.3853	  1.53	    1.751	  0.6  	ASCC_79
-0.2257	-0.0296	 0.2231	 4534.037	  830.027	 1000.041	1.212	15	 ---	231.73129297604	0.018 	-61.34781373167	0.0161	5875541035099390592	  1.1819 	0.0213	 -3.881	0.029	 -4.801	0.036	0	    72370.0 	     15.962  	13.5395	0.0002	    39548.0  	      47.647   	13.8586	0.0013	     48159.0 	     48.157   	13.0552	0.0011	 0.8033	   --- 	 --- 	5831.0 	0.4815	0.233 	  1.4 	    2.04 	  0.9  	ASCC_79
-0.4546	 0.2401	 0.0909	 3511.494	  966.968	 1447.495	1.198	15	 ---	227.82918803041	0.0268	-59.90221050718	0.0261	5876532309184334720	  1.2433 	0.0358	 -2.413	0.045	 -4.621	0.06 	1	   147230.0 	     41.929  	12.7683	0.0003	    85382.0  	      88.299   	13.023 	0.0011	     91073.0 	     62.918   	12.3634	0.0008	 0.6595	   --- 	 --- 	6412.5 	0.7417	0.375 	  1.56	    3.687	  0.7  	ASCC_79
-0.1116	 0.106 	 0.13  	 2782.424	 1133.634	 1561.659	1.193	16	 ---	230.6862344719 	0.028 	-60.9211838701 	0.0237	5875797977215347712	  1.111  	0.0337	 -3.011	0.044	 -4.05 	0.052	0	   460850.0 	    165.63   	11.5295	0.0004	   269980.0  	     238.15    	11.7731	0.001 	    279890.0 	    179.22    	11.1445	0.0007	 0.6286	   --- 	 --- 	6554.33	---   	---   	  2.95	   14.44 	  0.8  	ASCC_79
-0.1263	 0.0468	 0.2142	 3820.506	  724.767	 1393.546	1.176	16	 ---	230.77733247739	0.0262	-60.92848688956	0.0225	5875797354380219264	  1.2203 	0.0316	 -2.737	0.041	 -3.889	0.048	0	   350270.0 	     91.681  	11.8274	0.0003	   238090.0  	     328.51    	11.9095	0.0015	    173750.0 	    124.68    	11.6621	0.0008	 0.2474	   --- 	 --- 	8804.75	0.341 	0.1542	  --- 	    ---  	  1.0  	ASCC_79
-0.2101	 0.0557	 0.2296	 1061.306	  254.031	  381.374	1.244	16	 ---	230.67458243953	0.0357	-60.87924283537	0.0315	5875798664410151936	  1.0246 	0.0463	 -2.88 	0.061	 -5.212	0.069	0	    79186.0 	     74.612  	13.4417	0.001 	    38440.0  	     151.32    	13.8894	0.0043	     60044.0 	    157.44    	12.8157	0.0028	 1.0737	   --- 	 --- 	4992.63	---   	---   	  2.43	    3.295	  0.4  	ASCC_79
 0.0571	 0.0112	 0.0994	 2080.991	 1195.787	 1553.758	1.164	16	 ---	231.09062950546	0.0344	-62.53007820542	0.029 	5875089823004011776	  1.2657 	0.0393	 -3.676	0.057	 -4.615	0.061	0	   946690.0 	    454.92   	10.7478	0.0005	   641960.0  	     536.85    	10.8326	0.0009	    459830.0 	    295.95    	10.6054	0.0007	 0.2272	   --- 	 --- 	8276.0 	0.6803	0.3355	  --- 	    ---  	  0.3  	ASCC_79
-0.3515	-0.1375	 0.322 	 1878.773	 1103.224	 1641.955	1.18 	15	 ---	229.75336130074	0.0298	-62.13016563745	0.0261	5875082779237850880	  1.1862 	0.0374	 -2.999	0.053	 -3.727	0.059	1	   487000.0 	    259.21   	11.4696	0.0006	   306350.0  	     277.68    	11.6359	0.001 	    268470.0 	    163.51    	11.1897	0.0007	 0.4462	   --- 	 --- 	7465.5 	0.9097	0.4617	  2.21	   13.634	  0.9  	ASCC_79
-0.0617	-0.0536	 0.4244	  209.531	  591.576	  475.15 	1.396	16	 ---	230.66777881786	0.2044	-61.17002213036	0.1655	5875415141020159872	  1.0852 	0.2563	 -2.99 	0.321	 -4.043	0.333	0	   103280.0 	    492.91   	13.1533	0.0052	    62168.0  	     105.09    	13.3675	0.0018	     81968.0 	    172.51    	12.4778	0.0023	 0.8897	   --- 	 --- 	5690.33	---   	---   	  --- 	    ---  	  0.4  	ASCC_79
-0.2001	-0.0435	 0.2775	 1727.195	  765.861	  580.564	1.19 	15	 ---	230.62175986608	0.0395	-61.18079412751	0.0386	5875415759495448320	  1.1497 	0.055 	 -2.945	0.073	 -4.729	0.084	0	   431540.0 	    249.85   	11.6008	0.0006	   299330.0  	     390.84    	11.661 	0.0014	    214170.0 	    368.91    	11.435 	0.0019	 0.226 	   --- 	 --- 	9119.0 	0.38  	0.183 	  --- 	    ---  	  0.8  	ASCC_79
-0.2668	 0.0731	 0.2387	 6742.05 	  993.004	  784.37 	1.208	16	 ---	227.61424242217	0.0258	-60.23401906436	0.0257	5876314850766566272	  1.3436 	0.0372	 -3.286	0.042	 -3.542	0.06 	1	   163120.0 	     24.195  	12.6571	0.0002	    92722.0  	      93.376   	12.9334	0.0011	    104260.0 	    132.92    	12.2166	0.0014	 0.7168	   --- 	 --- 	6037.95	0.9465	0.451 	  1.72	    3.525	  0.7  	ASCC_79
-0.2967	 0.107 	 0.2791	 1416.371	 1004.081	 1465.544	1.177	15	 ---	228.57049272092	0.0289	-60.24705581678	0.028 	5876320863708642688	  1.0746 	0.0383	 -3.165	0.046	 -3.898	0.063	0	   580370.0 	    409.76   	11.2791	0.0008	   362320.0  	     360.85    	11.4536	0.0011	    320600.0 	    218.76    	10.997 	0.0007	 0.4567	   --- 	 --- 	7241.78	---   	---   	  2.81	   19.626	  0.7  	ASCC_79
-0.2441	 0.1253	 0.1855	 5522.774	 1128.02 	 1404.611	1.215	16	 ---	227.6284049206 	0.0163	-60.31540659073	0.014 	5876313579456164096	  1.3073 	0.02  	 -2.554	0.025	 -4.853	0.031	0	    90310.0 	     16.352  	13.299 	0.0002	    48312.0  	      42.829   	13.6413	0.001 	     61385.0 	     43.702   	12.7918	0.0008	 0.8495	   --- 	 --- 	6034.82	0.6155	0.2877	  1.31	    2.062	  0.6  	ASCC_79
-0.2412	-0.15  	 0.3664	 4406.348	  900.676	 1290.758	1.213	15	 ---	230.34041494589	0.017 	-61.1680867344 	0.0146	5875417992878589952	  1.1323 	0.0211	 -3.464	0.027	 -3.553	0.031	0	   109880.0 	     24.937  	13.0861	0.0002	    59680.0  	      66.262   	13.4118	0.0012	     73592.0 	     57.015   	12.5948	0.0008	 0.817 	   --- 	 --- 	5780.5 	---   	---   	  1.83	    3.384	  1.0  	ASCC_79
-0.1227	 0.0638	 0.1551	 1509.582	  393.052	  472.817	1.229	16	 ---	229.57867216175	0.0165	-61.38106918051	0.0135	5875399472977731584	  1.2125 	0.0202	 -2.701	0.026	 -4.079	0.03 	0	    85134.0 	     56.396  	13.3631	0.0007	    42410.0  	     107.9     	13.7827	0.0028	     62251.0 	    131.66    	12.7765	0.0023	 1.0062	   --- 	 --- 	5256.37	---   	---   	  1.87	    2.41 	  0.9  	ASCC_79
-0.192 	-0.0424	 0.2939	 4396.566	  682.566	 1566.115	1.179	16	 ---	230.46502737245	0.0268	-61.26940065192	0.0224	5875413246864794880	  1.0618 	0.034 	 -2.941	0.047	 -4.272	0.049	1	   304160.0 	     69.181  	11.9806	0.0002	   205430.0  	     300.97    	12.0697	0.0016	    153270.0 	     97.869   	11.7982	0.0007	 0.2715	   --- 	 --- 	8694.0 	0.575 	0.2875	  --- 	    ---  	  0.8  	ASCC_79
-0.3763	 0.3085	 0.0053	 3426.113	  728.14 	  749.34 	1.233	13	 ---	228.13978737123	0.0188	-60.06194423168	0.0216	5876339005651839232	  1.1072 	0.0277	 -3.709	0.032	 -4.505	0.049	0	    72558.0 	     21.178  	13.5367	0.0003	    36170.0  	      49.674   	13.9555	0.0015	     53296.0 	     71.125   	12.9452	0.0014	 1.0104	   --- 	 --- 	5294.5 	---   	---   	  1.86	    2.45 	  0.6  	ASCC_79
-0.1558	-0.0321	 0.1617	 5044.703	  193.727	  348.185	1.238	15	 ---	230.13365828272	0.017 	-61.17464251988	0.0157	5875423902754358528	  1.2737 	0.0215	 -2.761	0.027	 -4.573	0.032	0	    76749.0 	     15.214  	13.4757	0.0002	    42318.0  	     218.44    	13.7851	0.0056	     52670.0 	    151.27    	12.958 	0.0031	 0.8271	   --- 	 --- 	5785.0 	0.432 	0.215 	  1.36	    1.867	  0.8  	ASCC_79
-0.2216	-0.2017	 0.3534	 6595.175	 1263.05 	 1373.945	1.221	15	 ---	230.39861593436	0.0783	-61.07086342572	0.0609	5875420050092984320	  1.0116 	0.0952	 -3.661	0.135	 -4.967	0.133	1	   195670.0 	     29.669  	12.4596	0.0002	   101750.0  	      80.557   	12.8326	0.0009	    137070.0 	     99.765   	11.9196	0.0008	 0.913 	   --- 	 --- 	5414.15	---   	---   	  3.17	    7.794	  0.6  	ASCC_79
-0.1598	 0.1751	 0.0458	 4553.56 	  909.539	 1392.824	1.195	15	 ---	229.81147254401	0.0308	-61.26256714354	0.0271	5875422287846604800	  1.2093 	0.0383	 -3.472	0.048	 -4.948	0.058	1	   193070.0 	     42.4    	12.4741	0.0002	   115830.0  	     127.35    	12.6918	0.0012	    114870.0 	     82.472   	12.1114	0.0008	 0.5804	   --- 	 --- 	6999.0 	0.966 	0.479 	  1.54	    5.125	  0.7  	ASCC_79
-0.1055	 0.0592	 0.1424	 1436.597	  742.239	  888.908	1.221	15	 ---	232.31564231808	0.035 	-61.32470103016	0.0262	5875561994541670400	  1.176  	0.04  	 -3.572	0.056	 -4.23 	0.056	1	   909410.0 	    633.03   	10.7915	0.0008	   540740.0  	     728.53    	11.0189	0.0015	    569270.0 	    640.41    	10.3736	0.0012	 0.6453	   --- 	 --- 	6617.25	---   	---   	  3.84	   25.431	  0.3  	ASCC_79
-0.1537	-0.0287	 0.2225	 4788.46 	  767.122	  828.679	1.218	15	 ---	232.59288842625	0.0184	-61.27690845685	0.0158	5875551411741128576	  1.3589 	0.0236	 -3.594	0.03 	 -4.59 	0.033	0	    86450.0 	     18.054  	13.3465	0.0002	    47034.0  	      61.313   	13.6704	0.0014	     58285.0 	     70.335   	12.848 	0.0013	 0.8223	   --- 	 --- 	5704.0 	0.36  	0.1928	  1.4 	    1.858	  0.1  	ASCC_79
-0.5402	 0.0232	 0.1818	 6046.874	 1033.6  	 1314.751	1.222	14	 ---	227.74977417445	0.023 	-59.33937650387	0.022 	5876563890116571648	  1.2477 	0.0255	 -3.636	0.035	 -4.326	0.052	0	    45158.0 	      7.4681 	14.0515	0.0002	    22937.0  	      22.191   	14.4501	0.0011	     32253.0 	     24.532   	13.4905	0.0008	 0.9596	   --- 	 --- 	5360.0 	0.4913	0.228 	  1.27	    1.19 	  0.3  	ASCC_79
-0.4851	-0.0063	 0.3121	 3379.894	 1450.347	 1693.428	1.159	14	 ---	227.92986100673	0.0376	-59.70141076863	0.0441	5876542823264269184	  1.3531 	0.0532	 -3.27 	0.063	 -5.168	0.106	1	  3180500.0 	    941.01   	 9.4321	0.0003	  2270300.0  	    1565.4     	 9.4612	0.0007	   1414400.0 	    835.21    	 9.3855	0.0006	 0.0756	   --- 	 --- 	9193.0 	0.621 	0.309 	  --- 	    ---  	  0.3  	ASCC_79
-0.1657	 0.0398	 0.4435	 4666.473	 1045.718	  843.798	1.194	14	 ---	227.36925232082	0.0314	-60.78727838581	0.0265	5876191911649199872	  1.1668 	0.044 	 -2.693	0.044	 -4.444	0.056	0	   140980.0 	     30.211  	12.8155	0.0002	    84618.0  	      80.919   	13.0327	0.001 	     83761.0 	     99.267   	12.4543	0.0013	 0.5784	   --- 	 --- 	7003.0 	0.577 	0.286 	  1.36	    4.02 	  0.6  	ASCC_79
-0.1711	 0.0564	 0.3294	 4757.8  	  766.962	 1190.29 	1.224	13	 ---	227.57200789472	0.0212	-60.85147530385	0.0222	5876188024609722880	  1.1638 	0.0306	 -2.157	0.031	 -4.412	0.043	0	    51720.0 	     10.87   	13.9042	0.0002	    27245.0  	      35.523   	14.2632	0.0014	     36043.0 	     30.281   	13.3699	0.0009	 0.8933	   --- 	 --- 	5612.1 	---   	---   	  1.31	    1.526	  0.9  	ASCC_79
-0.218 	 0.1194	 0.2891	 2798.932	 1184.416	 1025.414	1.17 	15	 ---	227.37926556568	0.0397	-60.79052388314	0.0335	5876191911649187712	  1.0827 	0.0507	 -3.012	0.056	 -4.386	0.067	0	  2497500.0 	    892.3    	 9.6946	0.0004	  1652900.0  	    1395.6     	 9.8057	0.0009	   1268800.0 	   1237.4     	 9.5034	0.0011	 0.3024	   --- 	 --- 	7965.0 	---   	---   	  4.9 	   87.081	  0.7  	ASCC_79
-0.0921	 0.133 	 0.3576	 2788.905	  624.211	  601.81 	1.221	14	 ---	227.43490884709	0.0235	-60.79849713953	0.0243	5876192049088377216	  1.2696 	0.0327	 -3.351	0.032	 -3.544	0.048	0	    55703.0 	     19.973  	13.8237	0.0004	    29128.0  	      46.663   	14.1906	0.0017	     38863.0 	     64.577   	13.2881	0.0018	 0.9025	   --- 	 --- 	5494.69	0.547 	0.261 	  1.3 	    1.396	  1.0  	ASCC_79
-0.5378	-0.0527	 0.1721	 2238.879	  677.704	  779.506	1.217	13	 ---	232.37915062727	0.0216	-59.56829975183	0.0195	5875983107515292928	  1.3467 	0.0281	 -2.496	0.041	 -3.946	0.049	0	    53269.0 	     23.793  	13.8722	0.0005	    27726.0  	      40.912   	14.2442	0.0016	     37086.0 	     47.576   	13.3389	0.0014	 0.9053	   --- 	 --- 	5395.5 	---   	---   	  1.25	    1.2  	  0.1  	ASCC_79
-0.2722	-0.1954	 0.0874	  136.519	   36.038	   81.338	1.567	13	 ---	232.26992939511	0.1333	-59.62034473079	0.1168	5875981320808445440	  1.2568 	0.1596	 -2.455	0.229	 -4.313	0.259	1	   791690.0 	   5799.1    	10.942 	0.008 	    17032.0  	     472.6     	14.7732	0.0301	   1223500.0 	  15043.0     	 9.5429	0.0133	 5.2304	   --- 	 --- 	3290.25	---   	---   	  --- 	    ---  	  0.3  	ASCC_79
-0.4796	 0.1245	-0.0127	 3406.419	 1688.679	 1646.348	1.172	14	 ---	232.19154198456	0.0282	-59.55231351371	0.024 	5875993449798085248	  1.0096 	0.0349	 -3.383	0.053	 -5.201	0.059	1	  1127700.0 	    331.05   	10.5579	0.0003	   722060.0  	     427.59    	10.705 	0.0006	    599930.0 	    364.4     	10.3167	0.0007	 0.3883	   --- 	 --- 	7548.0 	1.035 	0.517 	  3.87	   43.769	  0.3  	ASCC_79
-0.2456	 0.1395	 0.0741	  630.574	  183.524	  203.551	1.256	14	 ---	231.32770704497	0.019 	-60.64849766892	0.017 	5875828660465066880	  1.1492 	0.0257	 -2.245	0.033	 -3.934	0.039	0	    51651.0 	     81.911  	13.9057	0.0017	    22779.0  	     124.12    	14.4575	0.0059	     42101.0 	    206.83    	13.2012	0.0053	 1.2564	   --- 	 --- 	4883.25	---   	---   	  1.85	    1.753	  0.8  	ASCC_79
-0.252 	 0.0655	 0.0412	 3215.955	 1442.195	 1218.178	1.167	16	 ---	231.34603592184	0.031 	-60.41490210409	0.0257	5875840200975957760	  1.1193 	0.0381	 -2.851	0.051	 -3.564	0.057	1	  2365300.0 	    735.5    	 9.7536	0.0003	  1592100.0  	    1103.9     	 9.8465	0.0008	   1169200.0 	    959.76    	 9.5922	0.0009	 0.2542	   --- 	 --- 	8366.25	---   	---   	  --- 	    ---  	  0.6  	ASCC_79
-0.4025	 0.1622	-0.0232	 2204.452	  877.992	  860.663	1.189	15	 ---	227.22044150365	0.0266	-59.65873376653	0.0267	5876599418076243072	  1.3167 	0.0364	 -3.131	0.041	 -4.421	0.06 	0	   449420.0 	    203.87   	11.5567	0.0005	   298590.0  	     340.08    	11.6637	0.0012	    235560.0 	    273.7     	11.3317	0.0013	 0.3321	   --- 	 --- 	8282.99	0.7575	0.368 	  --- 	    ---  	  0.8  	ASCC_79
-0.3205	 0.1153	-0.1768	 4702.109	  356.192	  339.143	1.24 	14	 ---	226.5028997386 	0.0161	-60.73407730891	0.0148	5876369070437040384	  1.2333 	0.0217	 -3.79 	0.026	 -4.576	0.04 	0	    64071.0 	     13.626  	13.6717	0.0002	    35236.0  	      98.924   	13.9839	0.003 	     44213.0 	    130.37    	13.148 	0.0032	 0.8359	   --- 	 --- 	5759.38	0.366 	0.1913	  1.3 	    1.665	  0.7  	ASCC_79
-0.2421	 0.0917	 0.3447	 3221.776	  913.676	 1339.519	1.191	15	 ---	228.282567278  	0.0261	-59.82942605564	0.0285	5876351164646598912	  1.2276 	0.036 	 -2.711	0.04 	 -5.055	0.062	0	   318720.0 	     98.927  	11.9298	0.0003	   191570.0  	     209.67    	12.1456	0.0012	    187990.0 	    140.34    	11.5766	0.0008	 0.569 	   --- 	 --- 	6891.06	1.2307	0.6175	  2.01	    8.196	  0.7  	ASCC_79
-0.0406	-0.0619	 0.1754	 4625.553	  918.394	 1385.127	1.192	14	 ---	229.18822609342	0.03  	-61.36497541691	0.0356	5875442212127094400	  1.367  	0.0375	 -2.721	0.047	 -4.805	0.077	0	   240160.0 	     51.919  	12.2371	0.0002	   144290.0  	     157.11    	12.4533	0.0012	    141950.0 	    102.48    	11.8816	0.0008	 0.5717	   --- 	 --- 	6958.5 	0.9153	0.457 	  1.54	    4.986	  0.5  	ASCC_79
-0.2249	 0.0254	 0.295 	 3017.913	  975.975	 1131.255	1.157	14	 ---	229.97431843218	0.0378	-61.0498220635 	0.0352	5875434245036703232	  1.2726 	0.0538	 -3.023	0.06 	 -4.107	0.077	1	  2867600.0 	    950.18   	 9.5446	0.0004	  2098700.0  	    2150.4     	 9.5465	0.0011	   1219200.0 	   1077.8     	 9.5467	0.001 	-0.0002	   --- 	 --- 	9542.67	0.4375	0.217 	  --- 	    ---  	  0.8  	ASCC_79
-0.3119	 0.0074	 0.1402	 4873.09 	  751.412	  965.111	1.212	15	 ---	231.68296179908	0.0154	-61.25846736772	0.0147	5875589516695032960	  1.1692 	0.0191	 -2.459	0.028	 -3.75 	0.035	0	    70794.0 	     14.528  	13.5634	0.0002	    38431.0  	      51.146   	13.8897	0.0014	     47340.0 	     49.052   	13.0738	0.0011	 0.8158	   --- 	 --- 	5771.0 	---   	---   	  1.43	    2.046	  0.7  	ASCC_79
-0.1921	 0.0018	 0.2438	 5347.401	  940.246	 1389.066	1.227	16	 0.0	231.36544100268	0.0164	-61.35630212646	0.0137	5875585702763031040	  1.0505 	0.0197	 -3.84 	0.027	 -4.917	0.031	0	    88776.0 	     16.602  	13.3176	0.0002	    45493.0  	      48.384   	13.7065	0.0012	     63403.0 	     45.644   	12.7566	0.0008	 0.9499	 -41.45	 4.55	5321.0 	---   	---   	  2.14	    3.318	  0.7  	ASCC_79
-0.2533	 0.0157	 0.2918	 4256.221	 1149.326	 1663.524	1.176	15	 ---	227.32026292488	0.0259	-60.6813012508 	0.0245	5876205380668909056	  1.1193 	0.0368	 -2.602	0.042	 -4.401	0.052	1	  4916100.0 	   1155.0    	 8.9593	0.0003	  3092100.0  	    2690.3     	 9.1258	0.0009	   2686800.0 	   1615.1     	 8.6888	0.0007	 0.4369	   --- 	 --- 	7306.29	0.9807	0.514 	  7.73	  153.566	  0.6  	ASCC_79
-0.1638	 0.284 	 0.1518	 2567.527	  778.451	  779.966	1.191	13	 ---	228.85398845966	0.0317	-60.75888987601	0.0341	5876225206200518528	  1.2351 	0.044 	 -3.159	0.05 	 -3.695	0.072	1	   197440.0 	     76.901  	12.4498	0.0004	   124600.0  	     160.07    	12.6126	0.0014	    110600.0 	    141.8     	12.1525	0.0014	 0.46  	   --- 	 --- 	7707.0 	0.1325	0.051 	  1.28	    5.172	  1.0  	ASCC_79
-0.2765	 0.0101	 0.3734	 1080.27 	  329.301	  274.194	1.164	15	 ---	227.25940099454	0.0277	-60.57419376682	0.0299	5876210568969249792	  1.0053 	0.0453	 -2.766	0.048	 -4.561	0.065	1	  3114000.0 	   2882.6    	 9.4551	0.001 	  2022300.0  	    6141.3     	 9.5868	0.0033	   1601200.0 	   5839.8     	 9.2508	0.004 	 0.336 	   --- 	 --- 	7738.41	0.9353	0.467 	  6.18	  123.414	  0.8  	ASCC_79
-0.2537	 0.1118	 0.2543	 3410.124	 1582.612	 1876.119	1.171	14	 ---	229.5682618684 	0.0291	-59.98922918646	0.0276	5876649823836322944	  1.2401 	0.0362	 -3.071	0.049	 -4.581	0.059	1	   995370.0 	    291.89   	10.6934	0.0003	   671020.0  	     424.0     	10.7845	0.0007	    494200.0 	    263.42    	10.5272	0.0006	 0.2574	   --- 	 --- 	8363.75	---   	---   	  --- 	    ---  	  0.9  	ASCC_79
-0.1366	 0.0183	 0.3284	 1798.743	  493.953	  525.982	1.163	15	 ---	229.55713325747	0.0353	-60.36466220902	0.0371	5876635186587134976	  1.1653 	0.048 	 -3.239	0.054	 -3.813	0.078	1	  3915800.0 	   2177.0    	 9.2063	0.0006	  2804400.0  	    5677.4     	 9.2318	0.0022	   1749000.0 	   3325.3     	 9.1549	0.0021	 0.0769	   --- 	 --- 	9408.0 	0.505 	0.2485	  --- 	    ---  	  1.0  	ASCC_79
-0.1149	 0.1397	 0.3042	 2697.435	  969.444	 1256.746	1.193	14	 ---	229.58080799281	0.0278	-59.92897661765	0.0251	5876663189775214976	  1.14   	0.0356	 -3.103	0.045	 -3.601	0.051	0	   329610.0 	    122.19   	11.8934	0.0004	   198270.0  	     204.52    	12.1082	0.0011	    194870.0 	    155.06    	11.5375	0.0009	 0.5707	   --- 	 --- 	7136.0 	---   	---   	  2.06	    9.875	  1.0  	ASCC_79
-0.2579	 0.2186	 0.1511	 3507.433	  820.956	 1451.928	1.217	14	 ---	229.4025444651 	0.0163	-59.95988508034	0.0153	5876662227702546176	  1.2489 	0.0227	 -3.068	0.028	 -3.372	0.034	0	    75999.0 	     21.668  	13.4863	0.0003	    40228.0  	      49.001   	13.8401	0.0013	     52239.0 	     35.979   	12.9669	0.0007	 0.8731	   --- 	 --- 	5819.22	---   	---   	  1.36	    1.92 	  1.0  	ASCC_79
 0.1815	-0.0589	 0.3074	 2356.134	  415.045	  534.759	1.174	10	 ---	229.5564673908 	0.0486	-60.36376704414	0.0421	5876635182247318144	  1.1285 	0.0586	 -3.287	0.082	 -3.421	0.097	1	  1704800.0 	    723.57   	10.1092	0.0005	  1178800.0  	    2840.2     	10.1728	0.0026	    822790.0 	   1538.6     	 9.9737	0.002 	 0.1991	   --- 	 --- 	8885.0 	0.908 	0.4535	  --- 	    ---  	  0.8  	ASCC_79
-0.1477	 0.0559	 0.2643	 3789.632	  768.612	 1469.934	1.22 	16	 ---	232.47174734491	0.0175	-60.50349917938	0.0139	5875733067318093440	  1.0056 	0.022 	 -3.068	0.028	 -3.851	0.031	0	   116790.0 	     30.819  	13.0198	0.0003	    61367.0  	      79.841   	13.3816	0.0014	     81170.0 	     55.22    	12.4884	0.0007	 0.8931	   --- 	 --- 	5628.77	---   	---   	  2.26	    4.61 	  0.2  	ASCC_79
-0.2143	-0.0748	 0.4051	 3910.294	  711.207	  950.483	1.219	15	 ---	231.76147269619	0.0187	-60.43255922004	0.0157	5875743203437473536	  1.151  	0.0267	 -2.794	0.03 	 -4.131	0.035	0	    79626.0 	     20.363  	13.4357	0.0003	    41587.0  	      58.474   	13.804 	0.0015	     55458.0 	     58.347   	12.902 	0.0011	 0.902 	   --- 	 --- 	5474.36	1.225 	0.61  	  1.73	    2.434	  1.0  	ASCC_79
-0.106 	-0.1853	 0.246 	  132.614	   26.645	   52.704	1.503	16	 ---	231.95910767198	0.0903	-60.50907029242	0.0734	5875738947204992128	  1.0168 	0.1083	 -2.918	0.149	 -4.799	0.157	0	   924720.0 	   6973.0    	10.7733	0.0082	    50266.0  	    1886.5     	13.5982	0.0407	   1339200.0 	  25410.0     	 9.4448	0.0206	 4.1534	   --- 	 --- 	3295.5 	---   	---   	  --- 	    ---  	  0.4  	ASCC_79
-0.4008	-0.0928	 0.3293	 5434.523	  822.887	 1715.737	1.199	13	 ---	231.39377076236	0.0318	-59.68894167734	0.0314	5876013447118885504	  1.1662 	0.0436	 -2.621	0.055	 -4.22 	0.072	1	   151510.0 	     27.879  	12.7373	0.0002	    88784.0  	     107.89    	12.9806	0.0013	     92826.0 	     54.103   	12.3427	0.0006	 0.6378	   --- 	 --- 	6974.0 	0.991 	0.4817	  1.42	    4.322	  0.8  	ASCC_79
-0.2626	 0.0501	 0.217 	  965.623	  233.124	  273.822	1.223	15	 ---	230.59564974775	0.0182	-60.80112134876	0.0151	5875810862119151232	  1.2034 	0.0228	 -3.209	0.031	 -4.396	0.034	1	    52868.0 	     54.75   	13.8804	0.0011	    26899.0  	     115.38    	14.277 	0.0047	     37760.0 	    137.9     	13.3193	0.004 	 0.9577	   --- 	 --- 	5360.5 	0.67  	0.3398	  1.42	    1.498	  0.9  	ASCC_79
-0.1831	 0.0532	 0.1856	 2738.365	  595.597	  902.635	1.178	16	 ---	230.60527358653	0.0239	-60.87006799602	0.0208	5875810067483411584	  1.1921 	0.0292	 -2.7  	0.041	 -3.971	0.046	0	   403120.0 	    147.21   	11.6748	0.0004	   273280.0  	     458.83    	11.7599	0.0018	    201500.0 	    223.23    	11.5013	0.0012	 0.2586	   --- 	 --- 	8602.5 	0.2675	0.134 	  --- 	    ---  	  0.9  	ASCC_79
-0.183 	 0.0461	 0.1954	 4399.081	  620.26 	  800.043	1.217	16	 ---	230.50567606662	0.0179	-60.53377939594	0.0148	5875823094186808832	  1.1572 	0.0215	 -2.747	0.028	 -3.864	0.033	0	    48595.0 	     11.047  	13.9719	0.0002	    25671.0  	      41.387   	14.3278	0.0018	     33446.0 	     41.805   	13.4511	0.0014	 0.8767	   --- 	 --- 	5981.0 	---   	---   	  1.11	    1.419	  0.9  	ASCC_79
-0.2153	 0.1325	 0.1238	 4933.483	  882.325	 1376.35 	1.208	15	 ---	230.63835151542	0.0159	-60.5732904675 	0.0133	5875823437784123392	  1.0719 	0.0206	 -2.337	0.026	 -4.672	0.03 	0	    97297.0 	     19.722  	13.2181	0.0002	    54576.0  	      61.854   	13.5089	0.0012	     63003.0 	     45.775   	12.7635	0.0008	 0.7454	   --- 	 --- 	6094.09	0.6847	0.339 	  1.63	    3.297	  0.6  	ASCC_79
-0.2504	-0.0081	 0.3361	  944.774	  324.87 	  369.436	1.26 	15	 0.0	230.48518930424	0.0299	-60.64884054888	0.0253	5875822063394524800	  1.1831 	0.0398	 -2.821	0.048	 -3.851	0.056	0	   142110.0 	    150.42   	12.8068	0.0011	    59224.0  	     182.3     	13.4201	0.0033	    119860.0 	    324.45    	12.0652	0.0029	 1.3549	  -6.52	16.61	4707.62	---   	---   	  3.29	    4.781	  1.0  	ASCC_79
-0.1799	 0.1038	 0.0077	 4844.659	  772.005	  969.035	1.192	16	 ---	230.76749806906	0.025 	-60.64674472294	0.022 	5875819860016301056	  1.1694 	0.0328	 -2.847	0.043	 -3.972	0.054	0	   175590.0 	     36.245  	12.5771	0.0002	   108600.0  	     140.67    	12.7618	0.0014	    100690.0 	    103.91    	12.2545	0.0011	 0.5074	   --- 	 --- 	7273.0 	0.5997	0.3057	  1.41	    5.02 	  1.0  	ASCC_79
-0.1506	-0.036 	-0.0109	  301.35 	   56.279	   58.32 	1.494	15	 ---	231.10770388421	0.1013	-60.72937093004	0.0934	5875803302975857536	  1.0157 	0.126 	 -2.445	0.169	 -4.712	0.213	1	  1033300.0 	   3428.8    	10.6528	0.0036	    43210.0  	     767.78    	13.7624	0.0193	   1500400.0 	  25727.0     	 9.3214	0.0186	 4.441 	   --- 	 --- 	3296.33	---   	---   	  --- 	    ---  	  0.6  	ASCC_79
-0.3347	 0.2032	-0.0265	 5798.387	 1034.43 	 1475.03 	1.261	15	 ---	226.23346391502	0.0147	-60.62173192405	0.0155	5876382986133308032	  1.0456 	0.0206	 -2.482	0.025	 -4.942	0.036	0	    51850.0 	      8.9421 	13.9015	0.0002	    21902.0  	      21.173   	14.5002	0.001 	     43475.0 	     29.474   	13.1663	0.0007	 1.3339	   --- 	 --- 	4773.19	---   	---   	  2.16	    2.189	  0.2  	ASCC_79
-0.3355	-0.1545	 0.2881	  362.336	   73.873	  116.223	1.705	15	 ---	226.77938046985	0.11  	-60.52970296346	0.0998	5876395630518267776	  1.0649 	0.1221	 -3.671	0.168	 -3.777	0.213	0	  3057600.0 	   8438.6    	 9.4749	0.003 	   105880.0  	    1433.3     	12.7893	0.0147	   5106800.0 	  43939.0     	 7.9916	0.0093	 4.7978	   --- 	 --- 	3299.33	1.398 	0.975 	  --- 	    ---  	  0.2  	ASCC_79
-0.1408	-0.1002	 0.166 	  282.928	   71.37 	   90.657	1.65 	15	 ---	226.80794845403	0.1157	-60.67547583708	0.1267	5876390751435074944	  1.0134 	0.156 	 -3.418	0.187	 -4.289	0.267	1	   729180.0 	   2577.3    	11.0313	0.0038	    15952.0  	     223.51    	14.8443	0.0152	   1187200.0 	  13095.0     	 9.5756	0.012 	 5.2687	   --- 	 --- 	3295.0 	---   	---   	  --- 	    ---  	  0.2  	ASCC_79
-0.2657	-0.1341	 0.315 	 1774.133	  403.36 	  578.283	1.22 	15	 ---	231.47926710399	0.0189	-61.6382416621 	0.0175	5875156309103008128	  1.3279 	0.0238	 -2.833	0.034	 -3.733	0.04 	1	    47542.0 	     26.797  	13.9957	0.0006	    24529.0  	      60.813   	14.3772	0.0027	     33489.0 	     57.911   	13.4497	0.0019	 0.9275	   --- 	 --- 	5409.0 	0.3953	0.2   	  1.19	    1.1  	  0.6  	ASCC_79
-0.1422	 0.0614	 0.3284	 1254.23 	  468.492	  772.557	1.173	14	 ---	229.28216020031	0.0408	-61.19465299904	0.0455	5875452249541518592	  1.3421 	0.054 	 -3.011	0.063	 -4.581	0.096	1	   840510.0 	    670.14   	10.877 	0.0009	   565850.0  	    1207.8     	10.9696	0.0023	    420030.0 	    543.69    	10.7037	0.0014	 0.2659	   --- 	 --- 	8385.0 	0.7027	0.363 	  --- 	    ---  	  0.9  	ASCC_79
-0.0995	 0.1222	 0.2152	 1400.457	  696.627	 1383.109	1.174	14	 ---	229.32899452661	0.0453	-61.12812107186	0.0449	5875454104967079680	  1.2844 	0.0588	 -3.026	0.069	 -4.447	0.091	0	   478850.0 	    341.93   	11.4879	0.0008	   315050.0  	     452.25    	11.6054	0.0016	    247320.0 	    178.82    	11.2788	0.0008	 0.3267	   --- 	 --- 	8202.5 	0.681 	0.347 	  --- 	    ---  	  0.8  	ASCC_79
-0.1648	 0.0691	 0.2146	  644.432	  195.166	  151.736	1.265	15	 ---	229.74352400429	0.0219	-60.94695571096	0.018 	5875477538311611008	  1.1983 	0.0283	 -3.068	0.032	 -4.241	0.039	0	    66921.0 	    103.85   	13.6245	0.0017	    29866.0  	     153.03    	14.1634	0.0056	     54778.0 	    361.01    	12.9154	0.0072	 1.2481	   --- 	 --- 	4888.1 	---   	---   	  2.01	    2.086	  1.0  	ASCC_79
-0.1821	 0.2508	 0.0514	  519.181	  147.167	  185.879	1.269	13	 ---	229.17928195058	0.0189	-61.02144454912	0.0211	5875467333468273152	  1.205  	0.0265	 -3.363	0.031	 -3.915	0.045	0	    65007.0 	    125.21   	13.656 	0.0021	    26973.0  	     183.28    	14.274 	0.0074	     55492.0 	    298.54    	12.9013	0.0058	 1.3727	   --- 	 --- 	4700.47	---   	---   	  2.19	    2.113	  1.0  	ASCC_79
-0.0042	 0.024 	-0.0316	 1671.075	  806.191	  906.881	1.157	12	 ---	229.24955945685	0.0599	-61.12061759347	0.0566	5875454826522013824	  1.1727 	0.0692	 -2.866	0.089	 -4.049	0.124	1	  9409100.0 	   5630.6    	 8.2545	0.0006	  6975000.0  	    8651.8     	 8.2425	0.0013	   3907300.0 	   4308.5     	 8.2822	0.0012	-0.0397	   --- 	 --- 	8598.67	0.2553	0.125 	  --- 	    ---  	  0.9  	ASCC_79
-0.1688	 0.149 	 0.1139	 4319.565	  690.497	 1264.576	1.18 	13	 ---	229.34691128877	0.0282	-61.05531136298	0.03  	5875455479356667392	  1.2303 	0.0368	 -3.264	0.047	 -4.052	0.061	0	   298730.0 	     69.157  	12.0002	0.0003	   198890.0  	     288.04    	12.1049	0.0016	    153540.0 	    121.42    	11.7964	0.0009	 0.3085	   --- 	 --- 	8149.33	0.366 	0.182 	  --- 	    ---  	  1.0  	ASCC_79
-0.1447	 0.1378	 0.0197	 2080.82 	  991.218	  720.618	1.161	13	 ---	229.25393236156	0.0478	-61.12004026643	0.0473	5875454826522015104	  1.2043 	0.0595	 -3.919	0.073	 -4.65 	0.104	0	  2374200.0 	   1141.0    	 9.7496	0.0005	  1693200.0  	    1708.2     	 9.7796	0.0011	   1064100.0 	   1476.6     	 9.6945	0.0015	 0.0851	   --- 	 --- 	9193.0 	0.5477	0.277 	  --- 	    ---  	  0.6  	ASCC_79
-0.1725	 0.1453	 0.2176	 2761.724	  744.48 	 1563.368	1.181	14	 ---	229.03447010488	0.0313	-61.09309583828	0.032 	5875465581121442176	  1.3153 	0.0417	 -3.257	0.053	 -4.198	0.067	0	   429170.0 	    155.4    	11.6068	0.0004	   292520.0  	     392.92    	11.686 	0.0015	    214420.0 	    137.16    	11.4337	0.0007	 0.2523	   --- 	 --- 	8938.0 	0.4323	0.227 	  --- 	    ---  	  0.7  	ASCC_79
-0.2087	 0.0066	 0.2826	 2442.786	 1180.944	 1198.892	1.165	16	 ---	229.66651034685	0.0399	-60.98450240877	0.038 	5875477229046848768	  1.109  	0.0555	 -3.02 	0.063	 -4.497	0.083	1	  1486700.0 	    608.61   	10.2578	0.0004	  1070100.0  	     906.15    	10.2778	0.0009	    661450.0 	    551.72    	10.2107	0.0009	 0.0671	   --- 	 --- 	9375.75	0.5577	0.2667	  --- 	    ---  	  0.9  	ASCC_79
-0.2259	 0.0638	 0.1309	  198.747	   53.419	   91.24 	1.645	15	 ---	231.4281121618 	0.0967	-61.01585028942	0.0921	5875608861229459840	  1.0821 	0.1281	 -2.709	0.177	 -3.493	0.199	0	   625530.0 	   3147.4    	11.1977	0.0055	    34284.0  	     641.79    	14.0137	0.0203	    994800.0 	  10903.0     	 9.7676	0.0119	 4.2461	   --- 	 --- 	3284.0 	---   	---   	  --- 	    ---  	  0.4  	ASCC_79
-0.0986	 0.0167	 0.0934	 5413.867	 1012.691	 1379.533	1.202	16	 ---	231.74744720579	0.0256	-61.07493045222	0.0223	5875618683740507008	  1.2135 	0.0305	 -2.19 	0.041	 -4.284	0.05 	0	   322270.0 	     59.527  	11.9178	0.0002	   180740.0  	     178.47    	12.2088	0.0011	    206700.0 	    149.83    	11.4736	0.0008	 0.7352	   --- 	 --- 	6154.0 	---   	---   	  2.57	    8.508	  0.7  	ASCC_79
-0.2205	-0.0221	 0.1859	  432.677	  135.39 	  161.321	1.281	15	 ---	231.18769055177	0.017 	-61.02581093909	0.0168	5875610269978669952	  1.1208 	0.0228	 -2.141	0.029	 -4.148	0.039	0	    73656.0 	    170.23   	13.5204	0.0025	    29747.0  	     219.71    	14.1678	0.008 	     64610.0 	    400.5     	12.7362	0.0067	 1.4316	   --- 	 --- 	4465.5 	---   	---   	  2.9 	    3.015	  0.9  	ASCC_79
-0.1827	 0.1058	 0.1656	 4993.234	  930.996	 1191.616	1.211	15	 ---	231.98027821239	0.015 	-61.08172708416	0.0144	5875615179049143552	  1.0283 	0.0209	 -2.598	0.025	 -4.315	0.031	0	    84639.0 	     16.951  	13.3694	0.0002	    46413.0  	      49.853   	13.6848	0.0012	     56046.0 	     47.033   	12.8906	0.0009	 0.7942	   --- 	 --- 	5837.5 	---   	---   	  1.74	    3.15 	  0.4  	ASCC_79
-0.2632	-0.0209	 0.2054	  832.471	  119.634	  104.588	1.546	15	 ---	231.39086929259	0.0242	-61.11029408654	0.0203	5875606078090439424	  1.1763 	0.0281	 -2.297	0.039	 -4.539	0.043	0	    46563.0 	     55.934  	14.0183	0.0013	    18165.0  	     151.83    	14.7033	0.0091	     53817.0 	    514.56    	12.9346	0.0104	 1.7687	   --- 	 --- 	4297.5 	---   	---   	  2.47	    1.868	  0.9  	ASCC_79
-0.1774	-0.0744	 0.1957	 2554.182	  970.462	 1620.574	1.167	16	 ---	231.15021365809	0.0334	-61.08158201562	0.0305	5875604016505553920	  1.2429 	0.0419	 -3.146	0.056	 -4.686	0.066	1	  1015200.0 	    397.47   	10.672 	0.0004	   711090.0  	     732.74    	10.7216	0.0011	    474030.0 	    292.51    	10.5724	0.0007	 0.1492	   --- 	 --- 	9029.0 	0.3927	0.2027	  --- 	    ---  	  0.9  	ASCC_79
-0.1983	-0.0371	 0.2958	 4817.354	  944.122	 1327.82 	1.197	15	 ---	232.2378188385 	0.0308	-60.88934950773	0.0263	5875623803346494976	  1.1194 	0.0434	 -3.062	0.051	 -5.223	0.058	0	   208610.0 	     43.305  	12.39  	0.0002	   123630.0  	     130.95    	12.621 	0.0011	    126150.0 	     95.007   	12.0097	0.0008	 0.6114	   --- 	 --- 	6949.75	0.798 	0.3803	  1.75	    6.458	  0.3  	ASCC_79
-0.3897	 0.1157	 0.133 	 2939.113	  897.314	 1910.947	1.18 	14	 ---	229.81920291349	0.0264	-59.53566844365	0.0257	5876700706262243200	  1.1362 	0.0342	 -3.342	0.044	 -4.206	0.058	0	   369140.0 	    125.6    	11.7704	0.0004	   241740.0  	     269.41    	11.893 	0.0012	    193690.0 	    101.36    	11.5442	0.0006	 0.3489	   --- 	 --- 	8069.0 	0.763 	0.381 	  --- 	    ---  	  0.8  	ASCC_79
-0.3665	 0.0837	 0.2397	 5748.198	  857.416	 1332.521	1.199	14	 ---	230.06768928424	0.0301	-59.4686388564 	0.0318	5876700019067479296	  1.157  	0.0361	 -3.16 	0.049	 -3.681	0.07 	0	   217940.0 	     37.915  	12.3425	0.0002	   132460.0  	     154.49    	12.5462	0.0013	    128870.0 	     96.708   	11.9866	0.0008	 0.5596	   --- 	 --- 	6991.0 	1.0023	0.4825	  1.71	    6.319	  1.0  	ASCC_79
-0.3787	 0.07  	 0.1802	 5223.721	  782.255	 1822.843	1.193	15	 ---	230.32940038985	0.033 	-59.79043360173	0.0262	5876679235774571008	  1.035  	0.0392	 -2.198	0.056	 -4.591	0.06 	0	   152660.0 	     29.225  	12.729 	0.0002	    93917.0  	     120.06    	12.9195	0.0014	     88207.0 	     48.39    	12.3982	0.0006	 0.5214	   --- 	 --- 	7111.9 	0.881 	0.4272	  1.55	    5.546	  0.5  	ASCC_79
-0.0926	-0.0424	 0.2367	  806.178	  610.967	  588.914	1.193	16	 ---	226.98625359971	0.0277	-61.94270337107	0.0279	5874572743305780480	  0.9817 	0.0321	 -3.765	0.044	 -4.669	0.058	0	   601010.0 	    745.5    	11.2412	0.0013	   363100.0  	     594.31    	11.4513	0.0018	    354190.0 	    601.43    	10.8888	0.0018	 0.5625	   --- 	 --- 	7079.25	---   	---   	  3.27	   24.248	  0.5  	ASCC_79
 0.0244	 0.1346	 0.2765	 2392.66 	 1823.553	 2070.201	1.166	15	 ---	226.61174246556	0.0365	-62.13532252667	0.0355	5874564355168689792	  1.2721 	0.0481	 -3.164	0.051	 -4.55 	0.067	0	  1418100.0 	    592.69   	10.3091	0.0005	   981020.0  	     537.97    	10.3722	0.0006	    672700.0 	    324.94    	10.1924	0.0005	 0.1798	   --- 	 --- 	8730.75	0.5765	0.2795	  --- 	    ---  	  0.5  	ASCC_79
-0.2126	 0.0367	 0.4215	 4630.446	 1358.106	 1407.541	1.17 	15	 ---	228.12204088175	0.0301	-60.85167643039	0.0323	5876231906350180096	  1.3508 	0.0446	 -3.024	0.047	 -5.195	0.066	0	  1091800.0 	    235.8    	10.593 	0.0002	   708110.0  	     521.4     	10.7261	0.0008	    569280.0 	    404.45    	10.3736	0.0008	 0.3525	   --- 	 --- 	7863.67	0.86  	0.3983	  2.65	   24.214	  0.3  	ASCC_79
-0.3802	-0.0342	 0.1653	 1674.423	  669.837	 1422.109	1.185	14	 ---	230.92719836475	0.032 	-59.98383945601	0.0267	5875908821741554432	  1.0166 	0.0398	 -2.259	0.055	 -4.421	0.062	1	   449720.0 	    268.58   	11.556 	0.0006	   296070.0  	     442.01    	11.6729	0.0016	    236780.0 	    166.5     	11.3261	0.0008	 0.3468	   --- 	 --- 	7950.0 	0.9165	0.457 	  2.22	   17.759	  0.5  	ASCC_79
-0.2721	-0.0933	 0.2891	  407.393	   78.907	   54.411	1.566	15	 ---	230.06023770699	0.1463	-60.07674620829	0.1299	5875918854785826304	  1.3089 	0.1736	 -3.729	0.242	 -4.045	0.277	0	   738970.0 	   1813.9    	11.0168	0.0027	    17280.0  	     219.0     	14.7575	0.0138	   1139700.0 	  20945.0     	 9.62  	0.02  	 5.1375	   --- 	 --- 	3291.33	---   	---   	  --- 	    ---  	  0.3  	ASCC_79
-0.2253	 0.0938	 0.1425	 4528.108	  651.749	  136.971	1.206	16	 ---	230.35935917443	0.0276	-60.18421249378	0.0236	5875913838263892224	  1.261  	0.0357	 -2.974	0.044	 -4.451	0.05 	0	   272240.0 	     60.123  	12.101 	0.0002	   177230.0  	     271.94    	12.23  	0.0017	    151220.0 	   1104.0     	11.8129	0.0079	 0.4171	   --- 	 --- 	7684.0 	0.659 	0.3532	  1.47	    6.83 	  0.8  	ASCC_79
-0.2996	 0.0195	 0.4674	 1813.729	  453.984	  528.683	1.217	14	 ---	228.8461384485 	0.0171	-59.72551436021	0.017 	5876713492435909760	  1.1338 	0.0248	 -2.911	0.027	 -3.623	0.037	0	    93340.0 	     51.463  	13.2632	0.0006	    51608.0  	     113.68    	13.5696	0.0024	     61948.0 	    117.17    	12.7819	0.0021	 0.7877	   --- 	 --- 	5819.21	---   	---   	  1.66	    2.86 	  0.6  	ASCC_79
-0.1788	 0.015 	 0.2616	 2969.887	  741.256	  734.067	1.238	15	 ---	229.49053021344	0.019 	-61.00965173181	0.0205	5875478706542684928	  1.1477 	0.0276	 -3.405	0.032	 -3.807	0.046	0	    48088.0 	     16.192  	13.9833	0.0004	    25199.0  	      33.995   	14.3479	0.0015	     34354.0 	     46.799   	13.422 	0.0015	 0.9259	   --- 	 --- 	5355.57	0.6027	0.301 	  1.42	    1.499	  0.9  	ASCC_79
-0.0505	 0.0483	 0.2204	 3332.309	  638.461	  885.19 	1.221	15	 0.0	229.41871060561	0.0292	-60.94367291277	0.0305	5875479943493515392	  1.1412 	0.0404	 -3.632	0.046	 -4.417	0.061	1	   252370.0 	     75.733  	12.1833	0.0003	   126950.0  	     198.84    	12.5923	0.0017	    181060.0 	    204.54    	11.6174	0.0012	 0.9749	  -4.56	 2.63	5360.67	---   	---   	  3.27	    7.951	  0.5  	ASCC_79
-0.2251	-0.0147	 0.4316	  748.968	  170.454	  192.902	1.246	14	 0.0	229.69710421964	0.0307	-60.87319965461	0.0285	5875486776707732480	  1.2052 	0.0477	 -3.262	0.05 	 -4.052	0.064	0	   187950.0 	    250.95   	12.5032	0.0014	    94205.0  	     552.67    	12.9162	0.0064	    139990.0 	    725.73    	11.8966	0.0056	 1.0196	 -11.88	11.14	5220.5 	---   	---   	  2.84	    5.416	  1.0  	ASCC_79
-0.2662	-0.0585	 0.4028	  781.057	  182.867	  238.108	1.253	14	 ---	229.95659188419	0.0209	-60.871941495  	0.0181	5875484753857422848	  1.1788 	0.0275	 -2.916	0.033	 -4.095	0.038	0	    64325.0 	     82.356  	13.6674	0.0014	    27921.0  	     152.69    	14.2366	0.0059	     52667.0 	    221.19    	12.9581	0.0046	 1.2785	   --- 	 --- 	4790.66	---   	---   	  2.12	    2.126	  1.0  	ASCC_79
-0.2257	-0.0032	 0.3483	 2335.552	  598.809	 1570.789	1.165	16	 ---	229.99804464141	0.0314	-60.85059182179	0.0276	5875484891296401536	  1.2165 	0.0415	 -3.071	0.05 	 -4.075	0.058	0	   801630.0 	    343.23   	10.9284	0.0005	   541490.0  	     904.28    	11.0174	0.0018	    392700.0 	    250.0     	10.7768	0.0007	 0.2406	   --- 	 --- 	8326.0 	0.4503	0.217 	  --- 	    ---  	  0.9  	ASCC_79
-0.1658	 0.0052	 0.3357	 1531.808	  809.508	 1313.49 	1.166	15	 ---	229.68972396584	0.0371	-60.93372520407	0.0336	5875477813189596288	  1.2735 	0.0523	 -3.008	0.06 	 -4.156	0.071	0	   723020.0 	    472.01   	11.0405	0.0007	   502590.0  	     620.86    	11.0984	0.0013	    340370.0 	    259.13    	10.9321	0.0008	 0.1663	   --- 	 --- 	8809.0 	0.3837	0.1885	  --- 	    ---  	  1.0  	ASCC_79
-0.2612	 0.0275	 0.3785	 2628.512	  558.988	  815.334	1.21 	13	 ---	229.73119204526	0.0176	-60.60348810395	0.0178	5875503101960001024	  1.1119 	0.0262	 -3.212	0.028	 -4.519	0.038	0	    88804.0 	     33.785  	13.3173	0.0004	    49488.0  	      88.531   	13.6151	0.0019	     57990.0 	     71.124   	12.8535	0.0013	 0.7616	   --- 	 --- 	5732.64	0.7333	0.356 	  1.71	    2.845	  0.8  	ASCC_79
-0.1802	 0.0394	 0.3857	 2580.753	  838.302	  810.138	1.176	14	 0.0	229.722318137  	0.0265	-60.621797313  	0.0269	5875502930160981504	  1.1673 	0.0386	 -2.975	0.041	 -3.769	0.056	0	   408790.0 	    158.4    	11.6596	0.0004	   269290.0  	     321.24    	11.7758	0.0013	    211500.0 	    261.07    	11.4486	0.0013	 0.3272	   0.22	 4.27	8179.0 	0.604 	0.315 	  --- 	    ---  	  0.9  	ASCC_79
-0.0546	 0.0462	 0.171 	 2298.637	 1264.753	 1068.043	1.159	13	 ---	229.36262702399	0.0351	-61.00785597406	0.0358	5875479084499894656	  1.1208 	0.0446	 -3.648	0.055	 -4.841	0.072	1	  4136900.0 	   1799.7    	 9.1467	0.0005	  2962500.0  	    2342.3     	 9.1723	0.0009	   1832800.0 	   1716.1     	 9.1041	0.001 	 0.0681	   --- 	 --- 	9365.0 	0.3575	0.184 	  --- 	    ---  	  0.8  	ASCC_79
-0.1617	 0.1864	 0.3321	 4487.174	 1189.691	 1137.176	1.229	13	 ---	229.31453908869	0.0223	-60.75141079185	0.0232	5875498291595645696	  1.0629 	0.0321	 -3.136	0.033	 -4.593	0.051	1	    45592.0 	     10.161  	14.0411	0.0002	    23314.0  	      19.597   	14.4323	0.0009	     32702.0 	     28.757   	13.4755	0.001 	 0.9569	   --- 	 --- 	5381.0 	0.723 	0.3338	  1.48	    1.652	  0.8  	ASCC_79
-0.2161	 0.1327	 0.2259	 5425.122	  755.625	 1191.432	1.231	14	 ---	229.08447547709	0.0181	-60.78939871563	0.0169	5875497020285345792	  1.0998 	0.0248	 -2.623	0.029	 -4.526	0.036	0	    77003.0 	     14.194  	13.4721	0.0002	    38522.0  	      50.98    	13.8871	0.0014	     56291.0 	     47.246   	12.8858	0.0009	 1.0013	   --- 	 --- 	5221.25	1.6245	0.8557	  1.99	    2.664	  0.7  	ASCC_79
-0.0276	 0.2031	 0.4932	  631.06 	  188.375	  251.33 	1.254	13	 ---	229.30543589603	0.0277	-60.73979009689	0.0338	5875498291595673984	  1.2842 	0.0446	 -3.103	0.041	 -3.958	0.063	0	   124470.0 	    197.24   	12.9507	0.0017	    55782.0  	     296.12    	13.4851	0.0058	    100280.0 	    399.02    	12.2588	0.0043	 1.2263	   --- 	 --- 	4897.67	---   	---   	  2.55	    3.37 	  0.8  	ASCC_79
-0.1977	 0.0887	 0.3656	 5877.904	  866.446	 1628.977	1.209	14	 ---	229.23485023091	0.0185	-60.78179156524	0.0165	5875497943624707712	  1.1206 	0.0265	 -3.081	0.029	 -3.916	0.037	0	    94630.0 	     16.099  	13.2483	0.0002	    52264.0  	      60.32    	13.5559	0.0013	     62113.0 	     38.13    	12.779 	0.0007	 0.7769	   --- 	 --- 	5937.0 	---   	---   	  1.62	    2.951	  1.0  	ASCC_79
-0.2199	-0.0489	 0.4246	 2563.363	 1367.029	 1290.628	1.16 	14	 ---	229.89807673708	0.0433	-60.83308271203	0.0406	5875485647210727936	  1.0922 	0.0624	 -2.852	0.067	 -4.01 	0.086	1	  1997200.0 	    779.14   	 9.9373	0.0004	  1461300.0  	    1069.0     	 9.9395	0.0008	    855230.0 	    662.65    	 9.9317	0.0008	 0.0078	   --- 	 --- 	9290.0 	0.457 	0.207 	  --- 	    ---  	  0.7  	ASCC_79
-0.0806	 0.146 	-0.1092	  840.525	  220.48 	  219.949	1.195	13	 ---	229.14840501083	0.0381	-60.90188269036	0.0373	5875495474096816768	  1.2142 	0.0488	 -2.341	0.064	 -4.531	0.093	0	   588690.0 	    700.38   	11.2636	0.0013	   342100.0  	    1551.6     	11.516 	0.0049	    361150.0 	   1642.0     	10.8677	0.0049	 0.6483	   --- 	 --- 	6428.0 	---   	---   	  3.17	   15.454	  0.8  	ASCC_79
-0.3342	 0.1343	 0.0697	 4812.363	  757.973	  996.66 	1.192	13	 ---	228.54743454305	0.029 	-60.35175441404	0.0319	5876273099321042304	  1.1517 	0.0389	 -3.376	0.052	 -3.802	0.076	1	   195230.0 	     40.568  	12.462 	0.0002	   119010.0  	     157.01    	12.6624	0.0014	    113720.0 	    114.1     	12.1224	0.0011	 0.5401	   --- 	 --- 	7132.0 	---   	---   	  1.57	    5.73 	  1.0  	ASCC_79
-0.2288	 0.133 	 0.04  	 3797.795	  808.425	 1388.761	1.274	13	 ---	228.64464880323	0.0296	-60.59412562127	0.033 	5876265402737422592	  1.0257 	0.0419	 -3.353	0.049	 -5.087	0.077	0	   130520.0 	     34.366  	12.8992	0.0003	    54416.0  	      67.311   	13.5121	0.0013	    111840.0 	     80.535   	12.1404	0.0008	 1.3717	   --- 	 --- 	4982.56	---   	---   	  3.13	    5.431	  0.4  	ASCC_79
-0.2202	 0.0669	 0.3164	 5102.142	  904.508	  861.798	1.186	15	 ---	228.8747450522 	0.0288	-60.52336772991	0.0282	5876255644570374528	  1.153  	0.0394	 -3.258	0.048	 -3.694	0.058	0	   264030.0 	     51.748  	12.1342	0.0002	   170890.0  	     188.93    	12.2696	0.0012	    142280.0 	    165.1     	11.879 	0.0013	 0.3906	   --- 	 --- 	8060.0 	0.6463	0.324 	  --- 	    ---  	  1.0  	ASCC_79
-0.2452	 0.2035	-0.0437	 3295.857	  942.676	 1167.737	1.181	13	 ---	228.74561173342	0.0284	-60.54471676471	0.0279	5876265780693194240	  1.1957 	0.0387	 -3.358	0.048	 -3.838	0.066	0	   318680.0 	     96.69   	11.93  	0.0003	   212590.0  	     225.52    	12.0325	0.0012	    163820.0 	    140.29    	11.726 	0.0009	 0.3065	   --- 	 --- 	8370.0 	0.4568	0.2195	  --- 	    ---  	  1.0  	ASCC_79
-0.1084	-0.232 	 0.5888	 1069.138	  641.765	  482.105	1.148	14	 ---	229.70473663009	0.1146	-60.4963484186 	0.1042	5875879684681370624	  1.1966 	0.1684	 -2.953	0.185	 -3.87 	0.206	1	134670000.0 	 125960.0    	 5.3652	0.001 	100940000.0  	  157290.0     	 5.3412	0.0017	  53618000.0 	 111220.0     	 5.4387	0.0023	-0.0974	   --- 	 --- 	8604.75	0.238 	0.11  	  --- 	    ---  	  0.3  	ASCC_79
-0.2516	 0.0427	 0.1196	 4439.636	  985.962	 1752.248	1.177	16	 ---	230.53619731062	0.0231	-60.44520569595	0.0219	5875872331696838528	  1.1595 	0.029 	 -2.104	0.039	 -4.221	0.05 	0	   349890.0 	     78.811  	11.8285	0.0002	   238210.0  	     241.6     	11.909 	0.0011	    173530.0 	     99.033   	11.6635	0.0006	 0.2455	   --- 	 --- 	8763.0 	0.5255	0.265 	  --- 	    ---  	  0.9  	ASCC_79
-0.2495	-0.1032	 0.3775	 4719.592	  736.765	 1225.476	1.182	14	 ---	230.12235755995	0.032 	-60.71563562169	0.0267	5875861405299162752	  1.1647 	0.041 	 -2.599	0.05 	 -3.815	0.059	0	   296280.0 	     62.777  	12.0091	0.0002	   195430.0  	     265.26    	12.1239	0.0015	    154650.0 	    126.2     	11.7886	0.0009	 0.3353	   --- 	 --- 	8471.33	0.646 	0.3367	  --- 	    ---  	  0.6  	ASCC_79
-0.1628	 0.0725	 0.28  	 2115.978	  901.944	 1522.134	1.18 	15	 ---	230.12521476874	0.0305	-60.3133677323 	0.0244	5875887896659438080	  1.1487 	0.0388	 -2.992	0.047	 -4.626	0.052	0	   483570.0 	    228.53   	11.4772	0.0005	   314620.0  	     348.82    	11.6069	0.0012	    256120.0 	    168.26    	11.2408	0.0007	 0.3661	   --- 	 --- 	8160.0 	0.845 	0.417 	  --- 	    ---  	  0.8  	ASCC_79
-0.0705	 0.0784	 0.1461	 2489.08 	  705.64 	 1480.464	1.176	16	 ---	230.24536182923	0.0265	-60.676653863  	0.0227	5875862814048457216	  1.2005 	0.0322	 -3.104	0.043	 -3.46 	0.049	0	   465190.0 	    186.89   	11.5193	0.0004	   316800.0  	     448.95    	11.5994	0.0015	    230120.0 	    155.44    	11.3571	0.0007	 0.2424	   --- 	 --- 	8761.0 	0.4287	0.219 	  --- 	    ---  	  1.0  	ASCC_79
-0.3787	 0.032 	 0.2431	 2500.193	 1054.613	  989.64 	1.175	15	 ---	231.10486499197	0.0306	-60.12948984511	0.0306	5875860030909236864	  1.1728 	0.042 	 -2.423	0.053	 -3.825	0.066	1	  1246300.0 	    498.47   	10.4493	0.0004	   780710.0  	     740.28    	10.6202	0.001 	    683440.0 	    690.59    	10.1752	0.0011	 0.445 	   --- 	 --- 	7293.0 	0.6105	0.274 	  3.73	   35.445	  0.7  	ASCC_79
-0.3367	-0.0615	 0.4339	 5729.597	  824.748	 1127.193	1.183	14	 ---	229.83538998403	0.0318	-60.55715673997	0.0283	5875878340291133824	  1.161  	0.0432	 -3.209	0.055	 -3.431	0.062	0	   267060.0 	     46.61   	12.1218	0.0002	   177890.0  	     215.69    	12.226 	0.0013	    138090.0 	    122.51    	11.9115	0.001 	 0.3145	   --- 	 --- 	8662.5 	0.541 	0.268 	  --- 	    ---  	  1.0  	ASCC_79
-0.2846	-0.0852	 0.4059	 1865.805	  676.962	 1283.998	1.174	15	 ---	229.99756455774	0.0304	-60.64869792184	0.0271	5875865528467942016	  1.2027 	0.0427	 -2.804	0.05 	 -3.83 	0.059	0	   512670.0 	    274.77   	11.4138	0.0006	   351900.0  	     519.83    	11.4853	0.0016	    250200.0 	    194.86    	11.2662	0.0008	 0.2191	   --- 	 --- 	8866.5 	0.3937	0.22  	  --- 	    ---  	  1.0  	ASCC_79
-0.1028	 0.0051	 0.6566	  939.896	  139.851	   85.868	1.279	11	 ---	229.70759524506	0.0386	-60.49697089756	0.0608	5875879684681368960	  1.2435 	0.0712	 -2.812	0.063	 -3.825	0.119	0	   496970.0 	    528.76   	11.4475	0.0012	   370170.0  	    2646.9     	11.4304	0.0078	    265560.0 	   3092.7     	11.2015	0.0126	 0.2289	   --- 	 --- 	8730.0 	---   	---   	  --- 	    ---  	  0.9  	ASCC_79
-0.1989	 0.0677	 0.2607	 1232.645	  318.814	  397.745	1.221	16	 ---	230.23082616996	0.0168	-60.45704427445	0.0145	5875874152762843264	  1.1581 	0.0203	 -2.961	0.027	 -3.581	0.031	0	    52835.0 	     42.863  	13.8811	0.0009	    27559.0  	      86.442   	14.2507	0.0034	     36947.0 	     92.892   	13.343 	0.0027	 0.9078	   --- 	 --- 	5403.33	0.4743	0.2183	  1.45	    1.608	  0.9  	ASCC_79
-0.2853	-0.105 	 0.398 	 2016.494	  636.388	 1015.996	1.175	15	 ---	229.83474564182	0.0362	-60.55537272138	0.0313	5875878344651457408	  1.1523 	0.0475	 -3.274	0.059	 -3.417	0.069	0	   546670.0 	    271.1    	11.3441	0.0005	   375790.0  	     590.5     	11.414 	0.0017	    266430.0 	    262.23    	11.198 	0.0011	 0.216 	   --- 	 --- 	8661.0 	0.446 	0.209 	  --- 	    ---  	  1.0  	ASCC_79
-0.2266	-0.0246	 0.4029	 1854.175	  593.275	 1087.669	1.171	15	 ---	229.84041286495	0.0378	-60.38011196971	0.0372	5875885250959138816	  1.1273 	0.0536	 -3.1  	0.066	 -4.057	0.081	1	   717620.0 	    387.03   	11.0486	0.0006	   482670.0  	     813.57    	11.1423	0.0018	    357750.0 	    328.91    	10.878 	0.001 	 0.2643	   --- 	 --- 	8400.0 	0.644 	0.322 	  --- 	    ---  	  0.8  	ASCC_79
-0.0865	-0.0314	 0.4619	 2016.253	 1048.73 	 1118.164	1.216	14	 ---	229.78315566226	0.0603	-60.3361025752 	0.0614	5875885594556592128	  1.0299 	0.0887	 -3.494	0.097	 -3.572	0.128	0	   106440.0 	     52.793  	13.1206	0.0005	    58978.0  	      56.238   	13.4247	0.001 	     70497.0 	     63.047   	12.6415	0.001 	 0.7832	   --- 	 --- 	5877.33	---   	---   	  1.91	    3.941	  0.4  	ASCC_79
