pmRApmDEcor	PlxpmRAcor	PlxpmDEcor	RFG	RFBP	RFRP	E(BR/RP)	Nper	[Fe/H]temp	RAdeg	e_RAdeg	DEdeg	e_DEdeg	Source	Plx	e_Plx	pmRA	e_pmRA	pmDE	e_pmDE	Dup	FG	e_FG	Gmag	e_Gmag	FBP	e_FBP	BPmag	e_BPmag	FRP	e_FRP	RPmag	e_RPmag	BP-RP	RV	e_RV	Teff	AG	E(BR-RP)	Rad	Lum	Pmemb	Cluster
---	---	---	---	---	---	---	---	---	deg	mas	deg	mas	---	mas	mas	mas/yr	mas/yr	mas/yr	mas/yr	---	e-/s	e-/s	mag	mag	e-/s	e-/s	mag	mag	e-/s	e-/s	mag	mag	mag	km/s	km/s	K	mag	mag	solRad	solLum	---	---
-------	-------	-------	---------	---------	---------	-----	--	----	---------------	------	---------------	------	-------------------	---------	------	-------	-----	-------	-----	-	------------	-------------	-------	------	-------------	---------------	-------	------	-------------	--------------	-------	------	-------	-------	-----	-------	------	------	------	---------	-------	--------------------
-0.0355	 0.1265	 0.0526	  856.238	   56.94 	  152.12 	1.317	15	 ---	154.67440430336	0.1022	-56.41968758929	0.1033	5354891488656981504	  0.3618 	0.1185	 -5.855	0.211	  2.912	0.205	0	     1236.7 	      1.4444 	17.9577	0.0013	      444.49 	       7.8063  	18.7317	0.0191	      1184.3 	      7.785   	17.0783	0.0071	 1.6534	   --- 	 --- 	   --- 	---   	---   	  --- 	    ---  	  0.2  	BH_92
 0.1131	 0.2765	 0.097 	 1413.654	  210.065	  494.07 	1.256	15	 ---	154.78269329231	0.0374	-56.41915791079	0.0355	5354891699126229760	  0.3802 	0.0444	 -5.654	0.076	  3.445	0.072	0	     7306.5 	      5.1685 	16.0291	0.0008	     3501.4  	      16.668   	16.4908	0.0052	      5677.4 	     11.491   	15.3765	0.0022	 1.1143	   --- 	 --- 	5005.4 	1.964 	0.9897	  1.97	    2.201	  1.0  	BH_92
 0.3305	 0.1002	-0.0406	 1038.531	  117.505	  247.993	1.306	15	 ---	154.80185623134	0.0443	-56.42434615109	0.0404	5354890943211986688	  0.3795 	0.0485	 -6.279	0.088	  3.42 	0.086	0	     6498.1 	      6.257  	16.1564	0.001 	     3019.3  	      25.695   	16.6516	0.0092	      5466.7 	     22.044   	15.4176	0.0044	 1.234 	   --- 	 --- 	4900.5 	2.3863	1.207 	  1.97	    2.014	  0.5  	BH_92
 0.3261	 0.1107	-0.0591	 1901.325	   89.933	  208.04 	1.297	15	 ---	154.80281746905	0.0304	-56.42489037271	0.0284	5354890943211986560	  0.4059 	0.0343	 -5.878	0.062	  3.439	0.061	0	    13082.0 	      6.8806 	15.3967	0.0006	     7411.0  	      82.405   	15.6767	0.0121	      9555.5 	     45.931   	14.8113	0.0052	 0.8654	   --- 	 --- 	5634.67	---   	---   	  1.87	    3.167	  1.0  	BH_92
 0.1481	 0.3199	 0.1123	 3644.85 	  571.714	  816.511	1.216	16	 ---	154.79076355919	0.0187	-56.42546904359	0.0189	5354890943211984384	  0.3762 	0.0234	 -5.978	0.038	  3.37 	0.037	0	    36758.0 	     10.085  	14.275 	0.0003	    20494.0  	      35.847   	14.5723	0.0019	     24202.0 	     29.641   	13.8023	0.0013	 0.7701	   --- 	 --- 	5805.67	1.5015	0.74  	  3.16	   10.241	  1.0  	BH_92
 0.0651	 0.264 	 0.0342	 1637.505	  437.288	  625.204	1.386	16	 0.0	154.76743173834	0.0316	-56.41708209232	0.031 	5354891596047011584	  0.3443 	0.0375	 -5.928	0.064	  3.351	0.06 	0	 13305000.0 	   8125.2    	 7.8783	0.0007	  2819100.0  	    6446.8     	 9.2261	0.0025	  15627000.0 	  24995.0     	 6.7772	0.0017	 2.4489	  20.29	 0.16	3630.0 	0.932 	0.4695	246.74	 9523.746	  0.9  	BH_92
 0.0711	 0.1473	 0.0486	 3840.496	  761.574	  366.618	1.237	15	 ---	154.76780652498	0.0189	-56.4195267335 	0.0166	5354891596047010944	  0.3774 	0.0207	 -5.844	0.039	  3.436	0.032	0	    53298.0 	     13.878  	13.8716	0.0003	    29792.0  	      39.119   	14.1661	0.0014	     36137.0 	     98.569   	13.367 	0.003 	 0.7991	   --- 	 --- 	5815.0 	---   	---   	  3.78	   14.746	  1.0  	BH_92
-0.0338	 0.1127	 0.1474	 2958.965	  525.211	  465.44 	1.231	15	 ---	154.75937485576	0.0171	-56.42326911233	0.0167	5354891596047009152	  0.3687 	0.0214	 -6.003	0.036	  3.244	0.033	0	    58158.0 	     19.655  	13.7768	0.0004	    32809.0  	      62.468   	14.0614	0.0021	     38764.0 	     83.286   	13.2908	0.0023	 0.7706	   --- 	 --- 	5873.0 	---   	---   	  3.96	   16.807	  0.9  	BH_92
 0.3115	 0.0878	-0.0474	 1609.754	  212.421	  581.176	1.251	15	 ---	154.81979190166	0.0457	-56.41072224044	0.0431	5354890977571732992	  0.3131 	0.0516	 -6.032	0.094	  3.28 	0.093	0	     5613.1 	      3.4869 	16.3154	0.0007	     2585.7  	      12.173   	16.8199	0.0051	      4434.7 	      7.6306  	15.6448	0.0019	 1.1752	   --- 	 --- 	4895.93	---   	---   	  --- 	    ---  	  0.7  	BH_92
 0.1306	 0.2788	 0.1319	 1629.633	  381.942	  410.974	1.243	16	 ---	154.83559891674	0.0374	-56.42615458195	0.0367	5354890908852253568	  0.3363 	0.0455	 -6.089	0.076	  3.429	0.072	0	     7160.9 	      4.3942 	16.0509	0.0007	     3416.3  	       8.9446  	16.5175	0.0028	      5482.4 	     13.34    	15.4145	0.0026	 1.103 	   --- 	 --- 	4914.06	---   	---   	  --- 	    ---  	  0.9  	BH_92
 0.0854	 0.2102	 0.1055	  832.59 	   46.906	  111.901	1.302	15	 ---	154.75907903383	0.0957	-56.45529466626	0.0987	5354890423505036544	  0.3362 	0.1183	 -6.174	0.2  	  3.405	0.194	0	     1314.9 	      1.5793 	17.8911	0.0013	      514.45 	      10.968   	18.573 	0.0231	      1197.3 	     10.7     	17.0664	0.0097	 1.5067	   --- 	 --- 	   --- 	---   	---   	  --- 	    ---  	  0.4  	BH_92
 0.1276	 0.2714	 0.107 	 2083.059	  414.128	  841.653	1.23 	16	 ---	154.85918119032	0.0281	-56.43818934287	0.0272	5354890702693823616	  0.4124 	0.0338	 -5.931	0.057	  3.59 	0.054	0	    11912.0 	      5.7183 	15.4984	0.0005	     6178.3  	      14.919   	15.8742	0.0026	      8474.0 	     10.068   	14.9417	0.0013	 0.9325	   --- 	 --- 	5203.14	---   	---   	  2.11	    2.94 	  0.9  	BH_92
 0.1186	 0.1439	 0.1191	  981.043	   96.192	  181.644	1.285	16	 ---	154.7921205954 	0.0445	-56.40239256151	0.0426	5354891733485974912	  0.4325 	0.0527	 -5.892	0.095	  3.406	0.086	0	     5558.0 	      5.6654 	16.3261	0.0011	     2665.9  	      27.715   	16.7868	0.0113	      4476.7 	     24.646   	15.6345	0.006 	 1.1523	   --- 	 --- 	4893.59	1.26  	0.63  	  1.6 	    1.328	  1.0  	BH_92
 0.2338	 0.106 	-0.0021	 1205.591	  127.903	  287.532	1.281	16	 ---	154.78838676541	0.0621	-56.41427137972	0.0594	5354891699126231680	  0.3787 	0.071 	 -5.829	0.131	  3.478	0.127	0	     2949.5 	      2.4465 	17.014 	0.0009	     1272.3  	       9.9473  	17.5899	0.0085	      2507.2 	      8.7197  	16.2639	0.0038	 1.326 	   --- 	 --- 	4761.92	---   	---   	  --- 	    ---  	  0.9  	BH_92
 0.2049	 0.3914	 0.1923	 2706.411	  230.759	  211.663	1.262	15	 ---	154.82984835421	0.0225	-56.4315386955 	0.0236	5354890874492511488	  0.4072 	0.0294	 -5.941	0.047	  3.365	0.044	0	   131260.0 	     48.498  	12.8931	0.0004	    76126.0  	     329.89    	13.1476	0.0047	     89539.0 	    423.02    	12.3819	0.0051	 0.7657	   --- 	 --- 	6203.1 	1.803 	0.897 	  4.8 	   30.735	  1.0  	BH_92
 0.0382	 0.1995	 0.0335	 1058.165	  121.794	  187.448	1.312	16	 ---	154.75560516135	0.0631	-56.42888965039	0.0618	5354891557379894912	  0.4521 	0.0748	 -5.778	0.13 	  3.587	0.123	0	     2488.2 	      2.3514 	17.1987	0.001 	     1043.5  	       8.5678  	17.8051	0.0089	      2221.9 	     11.853   	16.3951	0.0058	 1.41  	   --- 	 --- 	   --- 	---   	---   	  --- 	    ---  	  0.6  	BH_92
 0.2418	 0.0422	-0.0083	 1402.922	  179.089	  376.265	1.273	14	 ---	154.80080500308	0.0511	-56.42266239992	0.0489	5354890943211987072	  0.4649 	0.0568	 -5.918	0.107	  3.388	0.107	0	     4780.1 	      3.4073 	16.4898	0.0008	     2181.4  	      12.18    	17.0046	0.0061	      3905.6 	     10.38    	15.7827	0.0029	 1.2219	   --- 	 --- 	4900.1 	0.8947	0.445 	  1.38	    0.987	  0.9  	BH_92
 0.178 	 0.297 	 0.2169	 1506.143	  335.731	  375.657	1.237	15	 ---	154.83705447492	0.0359	-56.42764108356	0.0354	5354890908852253312	  0.3567 	0.0445	 -5.985	0.076	  3.29 	0.068	0	     8702.3 	      5.7779 	15.8393	0.0007	     4197.6  	      12.503   	16.2939	0.0032	      6567.4 	     17.482   	15.2184	0.0029	 1.0755	   --- 	 --- 	5054.53	---   	---   	  2.24	    2.949	  0.7  	BH_92
 0.1824	 0.303 	 0.1011	 1825.287	  644.923	  471.487	1.234	16	 ---	154.85965399934	0.0243	-56.43446960839	0.024 	5354890702693825152	  0.4253 	0.0297	 -5.735	0.05 	  3.765	0.048	0	    38530.0 	     21.109  	14.2239	0.0006	    21588.0  	      33.474   	14.5158	0.0017	     25942.0 	     55.021   	13.7269	0.0023	 0.7889	   --- 	 --- 	5861.0 	---   	---   	  2.81	    8.372	  0.5  	BH_92
 0.1509	 0.2946	 0.1151	 4231.145	  751.76 	  963.848	1.212	16	 ---	154.82580194555	0.0179	-56.45189300058	0.018 	5354890565254859776	  0.3902 	0.0221	 -5.82 	0.036	  3.465	0.035	0	    40643.0 	      9.6056 	14.1659	0.0003	    23298.0  	      30.991   	14.4331	0.0014	     25981.0 	     26.956   	13.7253	0.0011	 0.7078	   --- 	 --- 	6130.0 	---   	---   	  2.86	   10.385	  1.0  	BH_92
 0.3105	 0.2673	-0.0397	 4367.707	  781.882	  915.165	1.218	15	 ---	154.77844144701	0.0181	-56.42087410631	0.0206	5354891596047012352	  0.3112 	0.0224	 -6.049	0.037	  3.503	0.042	0	    62634.0 	     14.34   	13.6963	0.0002	    36141.0  	      46.223   	13.9564	0.0014	     40120.0 	     43.839   	13.2535	0.0012	 0.7029	   --- 	 --- 	6754.5 	---   	---   	  3.65	   25.035	  0.8  	BH_92
 0.1663	 0.2683	 0.0985	 2616.411	  575.614	  849.147	1.226	16	 ---	154.80780698025	0.0225	-56.43318148723	0.0221	5354890874492508800	  0.4388 	0.0272	 -6.042	0.046	  3.541	0.044	0	    20446.0 	      7.8145 	14.9119	0.0004	    11031.0  	      19.164   	15.2448	0.0019	     14026.0 	     16.518   	14.3946	0.0013	 0.8503	   --- 	 --- 	5620.27	---   	---   	  2.17	    4.241	  0.9  	BH_92
-0.047 	 0.2127	-0.022 	  962.072	   94.962	  117.435	1.415	16	 ---	154.751279495  	0.0729	-56.43161388453	0.0724	5354891561687266432	  0.3879 	0.0871	 -6.021	0.155	  3.246	0.151	0	     1947.3 	      2.0241 	17.4648	0.0011	      812.55 	       8.5565  	18.0768	0.0114	      1942.3 	     16.54    	16.5411	0.0092	 1.5357	   --- 	 --- 	   --- 	---   	---   	  --- 	    ---  	  0.3  	BH_92
 0.0869	 0.2663	 0.0162	 2525.468	  651.042	  863.628	1.227	16	 ---	154.7575449879 	0.0226	-56.43639069788	0.0226	5354891561687266176	  0.4633 	0.0276	 -5.663	0.047	  3.539	0.044	0	    17679.0 	      7.0003 	15.0697	0.0004	     9383.4  	      14.413   	15.4205	0.0017	     12315.0 	     14.259   	14.5359	0.0013	 0.8846	   --- 	 --- 	5448.84	---   	---   	  2.05	    3.344	  1.0  	BH_92
 0.1721	 0.3449	 0.1881	 1034.56 	  103.666	  195.33 	1.292	15	 ---	154.79773462652	0.0706	-56.47793059831	0.0707	5354890354785522688	  0.3013 	0.0909	 -5.747	0.154	  3.139	0.146	0	     2378.9 	      2.2994 	17.2474	0.001 	      932.06 	       8.991   	17.9278	0.0105	      2141.4 	     10.963   	16.4352	0.0056	 1.4926	   --- 	 --- 	   --- 	---   	---   	  --- 	    ---  	  0.2  	BH_92
-0.1035	 0.0644	 0.0993	 1124.35 	   55.239	  346.762	1.592	15	 ---	154.70598060921	0.0782	-56.46051770214	0.0731	5354891115010653952	  0.4671 	0.0824	 -5.624	0.158	  3.476	0.146	0	     2478.0 	      2.2039 	17.2031	0.001 	      359.28 	       6.504   	18.9628	0.0197	      3586.1 	     10.342   	15.8753	0.0031	 3.0875	   --- 	 --- 	   --- 	---   	---   	  --- 	    ---  	  0.4  	BH_92
 0.122 	 0.2518	 0.1272	 1485.285	  201.47 	  375.833	1.264	16	 ---	154.78836638987	0.0435	-56.41586153858	0.0428	5354890938901179136	  0.4059 	0.0524	 -5.907	0.089	  3.623	0.086	0	     4996.8 	      3.3642 	16.4416	0.0007	     2256.0  	      11.198   	16.968 	0.0054	      4058.9 	     10.8     	15.7409	0.0029	 1.2271	   --- 	 --- 	4870.0 	1.407 	0.674 	  1.64	    1.364	  0.9  	BH_92
 0.1439	 0.2877	 0.1991	 1577.943	  206.962	  442.203	1.286	15	 ---	154.85679183203	0.0526	-56.41843409911	0.052 	5354892175851759744	  0.3988 	0.065 	 -5.963	0.11 	  3.596	0.104	0	     4014.3 	      2.544  	16.6793	0.0007	     1758.4  	       8.4964  	17.2386	0.0052	      3405.0 	      7.7002  	15.9316	0.0025	 1.307 	   --- 	 --- 	4760.77	---   	---   	  --- 	    ---  	  0.8  	BH_92
-0.0592	 0.3501	 0.0158	  977.823	   98.923	  279.246	1.273	15	 ---	154.8207933148 	0.072 	-56.38681591355	0.0577	5354892489400229248	  0.3123 	0.0733	 -6.52 	0.136	  4.22 	0.111	0	     3421.4 	      3.499  	16.8529	0.0011	     1536.8  	      15.536   	17.3848	0.011 	      2818.9 	     10.095   	16.1367	0.0039	 1.2481	   --- 	 --- 	4863.75	1.5828	0.834 	  --- 	    ---  	  0.1  	BH_92
 0.1335	 0.2667	 0.1279	 1548.78 	  213.997	  367.931	1.262	15	 ---	154.86870841712	0.0468	-56.41689652698	0.05  	5354892214522320768	  0.3645 	0.0601	 -6.089	0.096	  3.504	0.093	0	     4539.6 	      2.9311 	16.5458	0.0007	     1992.9  	       9.3128  	17.1027	0.0051	      3737.2 	     10.157   	15.8306	0.003 	 1.2721	   --- 	 --- 	4948.86	---   	---   	  --- 	    ---  	  0.9  	BH_92
 0.0464	 0.1835	 0.1447	  737.619	   76.765	  124.394	1.283	16	 ---	154.84850535745	0.0914	-56.41529019866	0.0889	5354892386321009152	  0.3125 	0.1099	 -5.772	0.193	  3.755	0.187	0	     1569.4 	      2.1277 	17.699 	0.0015	      639.31 	       8.3282  	18.3371	0.0141	      1375.0 	     11.053   	16.9162	0.0087	 1.4209	   --- 	 --- 	   --- 	---   	---   	  --- 	    ---  	  0.5  	BH_92
 0.0716	 0.1436	-0.0886	 1452.836	  135.201	  334.754	1.271	16	 ---	154.74285119679	0.0518	-56.40614440044	0.0501	5354891664766239488	  0.4422 	0.0607	 -5.872	0.109	  3.374	0.106	0	     3948.0 	      2.7175 	16.6974	0.0007	     1699.6  	      12.571   	17.2755	0.008 	      3317.6 	      9.9105  	15.9599	0.0032	 1.3156	   --- 	 --- 	4768.5 	---   	---   	  1.42	    0.933	  1.0  	BH_92
 0.0829	 0.2064	 0.0354	 2089.897	  526.796	  892.684	1.224	16	 ---	154.77249867536	0.0264	-56.40878586113	0.0246	5354891699125984128	  0.4158 	0.0306	 -5.989	0.054	  3.391	0.048	0	    14937.0 	      7.1472 	15.2527	0.0005	     8150.5  	      15.472   	15.5734	0.0021	     10132.0 	     11.35    	14.7477	0.0012	 0.8257	   --- 	 --- 	5740.0 	1.3785	0.7137	  1.87	    3.421	  1.0  	BH_92
 0.0791	 0.2271	 0.1343	 2727.464	  772.146	  714.919	1.218	16	 ---	154.82737047492	0.0244	-56.38688252283	0.0231	5354892489400230016	  0.3902 	0.0279	 -5.864	0.05 	  3.387	0.045	0	    19316.0 	      7.0819 	14.9736	0.0004	    10579.0  	      13.7     	15.2903	0.0014	     12949.0 	     18.112   	14.4813	0.0015	 0.809 	   --- 	 --- 	5801.67	---   	---   	  2.21	    5.002	  1.0  	BH_92
 0.1376	 0.0479	-0.0681	  830.282	   83.437	  191.906	1.288	16	 ---	154.71459496626	0.0889	-56.39687878271	0.0866	5354891866614141568	  0.3109 	0.1022	 -6.031	0.188	  3.67 	0.181	0	     1636.1 	      1.9705 	17.6539	0.0013	      669.03 	       8.0184  	18.2878	0.013 	      1438.5 	      7.4957  	16.8672	0.0057	 1.4206	   --- 	 --- 	   --- 	---   	---   	  --- 	    ---  	  0.2  	BH_92
 0.0665	 0.1981	-0.0113	 1702.354	  453.813	  838.543	1.239	15	 ---	154.70393597738	0.0282	-56.44574449437	0.0296	5354891218089624064	  0.3869 	0.0339	 -5.881	0.059	  3.426	0.06 	0	    11386.0 	      6.6882 	15.5475	0.0006	     5660.7  	      12.474   	15.9692	0.0024	      8440.9 	     10.066   	14.9459	0.0013	 1.0233	   --- 	 --- 	5168.54	---   	---   	  2.23	    3.211	  1.0  	BH_92
 0.1344	 0.2919	 0.0946	 2367.929	  514.301	  770.556	1.218	16	 ---	154.79085622862	0.0244	-56.43396587977	0.0245	5354890835821935616	  0.3856 	0.0302	 -5.645	0.05 	  3.578	0.048	0	    16371.0 	      6.9138 	15.1532	0.0005	     9075.3  	      17.646   	15.4567	0.0021	     10863.0 	     14.097   	14.6721	0.0014	 0.7847	   --- 	 --- 	5878.25	---   	---   	  2.0 	    4.324	  0.9  	BH_92
 0.3412	 0.1031	-0.1445	 1073.509	  421.328	  411.309	1.224	15	 ---	154.75357314976	0.0238	-56.42273867915	0.0224	5354891591735875328	  0.3852 	0.0272	 -5.948	0.048	  3.517	0.048	0	   129970.0 	    121.07   	12.9038	0.001 	    71956.0  	     170.78    	13.2087	0.0026	     87184.0 	    211.97    	12.4108	0.0026	 0.7979	   --- 	 --- 	5986.57	1.772 	0.869 	  5.44	   34.233	  1.0  	BH_92
 0.0731	 0.0844	-0.0349	 1487.111	   74.448	  218.107	1.306	16	 ---	154.70571020893	0.0576	-56.39228234355	0.0557	5354891939644144128	  0.3779 	0.0657	 -5.96 	0.121	  3.625	0.114	0	     3240.5 	      2.179  	16.9118	0.0007	     1443.3  	      19.387   	17.453 	0.0146	      2789.8 	     12.791   	16.148 	0.005 	 1.305 	   --- 	 --- 	4861.0 	1.4393	0.6998	  --- 	    ---  	  0.7  	BH_92
 0.0393	 0.1588	 0.1277	  887.601	   64.761	  110.814	1.329	16	 ---	154.7982115797 	0.091 	-56.43542766523	0.0884	5354890835821929216	  0.4242 	0.1067	 -6.897	0.19 	  3.489	0.182	0	     1426.2 	      1.6068 	17.8029	0.0012	      508.79 	       7.8564  	18.5851	0.0168	      1387.3 	     12.519   	16.9065	0.0098	 1.6785	   --- 	 --- 	   --- 	---   	---   	  --- 	    ---  	  0.1  	BH_92
 0.0642	 0.2551	 0.1123	 2246.327	  337.636	  791.052	1.233	15	 ---	154.7425719119 	0.0273	-56.4631316881 	0.0278	5354891149370396288	  0.3382 	0.033 	 -6.062	0.056	  3.476	0.056	0	    13295.0 	      5.9184 	15.3792	0.0005	     6944.4  	      20.568   	15.7473	0.0032	      9443.9 	     11.938   	14.824 	0.0014	 0.9233	   --- 	 --- 	5353.7 	---   	---   	  2.54	    4.774	  0.7  	BH_92
 0.0955	 0.1381	-0.0339	  961.994	  103.015	  183.513	1.296	16	 ---	154.72979027101	0.0757	-56.4189295846 	0.0766	5354891630406495360	  0.3127 	0.0901	 -5.995	0.158	  3.377	0.158	0	     1879.5 	      1.9537 	17.5033	0.0011	      737.45 	       7.1586  	18.1821	0.0105	      1698.7 	      9.2566  	16.6866	0.0059	 1.4954	   --- 	 --- 	   --- 	---   	---   	  --- 	    ---  	  0.4  	BH_92
-0.0265	 0.12  	 0.2021	 1461.326	  295.295	  362.545	1.265	14	 ---	154.74466008861	0.0486	-56.48028695685	0.0477	5354890290376933376	  0.3824 	0.054 	 -5.861	0.098	  3.358	0.096	0	     5146.0 	      3.5214 	16.4097	0.0007	     2270.7  	       7.6895  	16.961 	0.0037	      4239.9 	     11.695   	15.6935	0.003 	 1.2675	   --- 	 --- 	4843.64	1.523 	0.811 	  --- 	    ---  	  0.7  	BH_92
 0.0554	 0.0887	-0.0053	 1130.694	   81.837	  196.072	1.311	16	 ---	154.70666558204	0.0784	-56.40950031765	0.0742	5354891836564924160	  0.3109 	0.0896	 -5.809	0.166	  2.834	0.153	0	     1883.9 	      1.6662 	17.5007	0.001 	      738.41 	       9.0229  	18.1806	0.0133	      1730.5 	      8.8259  	16.6665	0.0055	 1.5142	   --- 	 --- 	   --- 	---   	---   	  --- 	    ---  	  0.1  	BH_92
 0.0438	 0.1634	 0.0183	  900.074	   89.743	  134.562	1.312	16	 ---	154.75764127693	0.0802	-56.43266099424	0.0786	5354891561687267584	  0.3287 	0.0945	 -5.917	0.169	  3.264	0.162	0	     1668.3 	      1.8536 	17.6327	0.0012	      667.98 	       7.4433  	18.2895	0.0121	      1520.8 	     11.302   	16.8067	0.0081	 1.4827	   --- 	 --- 	   --- 	---   	---   	  --- 	    ---  	  0.7  	BH_92
 0.0128	 0.1682	 0.0605	 1566.247	  259.971	  530.476	1.283	16	 ---	154.75352810613	0.0388	-56.42844589987	0.0385	5354891561687268352	  0.4209 	0.0471	 -5.387	0.083	  3.316	0.078	0	     5946.8 	      3.7969 	16.2527	0.0007	     2506.6  	       9.642   	16.8537	0.0042	      5123.1 	      9.6575  	15.4881	0.002 	 1.3656	   --- 	 --- 	4853.02	---   	---   	  1.74	    1.516	  0.4  	BH_92
 0.1116	 0.27  	 0.0716	 1626.159	  256.225	  585.973	1.243	16	 ---	154.78559473434	0.0363	-56.44546503976	0.0362	5354890805773024384	  0.3662 	0.0445	 -5.783	0.076	  3.403	0.073	0	     6797.0 	      4.1798 	16.1076	0.0007	     3228.8  	      12.601   	16.5788	0.0042	      5222.9 	      8.9132  	15.4671	0.0019	 1.1116	   --- 	 --- 	5003.0 	1.97  	0.984 	  1.98	    2.209	  1.0  	BH_92
 0.1318	 0.2666	 0.0978	 1646.593	  315.797	  427.859	1.282	16	 ---	154.77138895695	0.0328	-56.43639877492	0.0328	5354891561687268736	  0.441  	0.0404	 -5.487	0.068	  3.38 	0.066	0	     8469.9 	      5.1439 	15.8687	0.0007	     3822.4  	      12.104   	16.3956	0.0034	      7037.8 	     16.449   	15.1433	0.0025	 1.2522	   --- 	 --- 	4878.98	---   	---   	  1.96	    1.953	  0.6  	BH_92
 0.0269	 0.269 	-0.0215	 1443.495	  210.208	  372.62 	1.306	16	 ---	154.7611053789 	0.0511	-56.4261089651 	0.048 	5354891596047194752	  0.4554 	0.0593	 -5.864	0.102	  3.348	0.094	0	     4061.8 	      2.8138 	16.6666	0.0008	     1613.2  	       7.6742  	17.3322	0.0052	      3691.4 	      9.9066  	15.8439	0.0029	 1.4882	   --- 	 --- 	4406.0 	---   	---   	  1.74	    1.033	  0.9  	BH_92
 0.0474	 0.3119	-0.0191	 4059.089	  870.532	 1137.411	1.215	16	 ---	154.75522209406	0.0161	-56.41592288884	0.0163	5354891664766238464	  0.3661 	0.0201	 -5.905	0.034	  3.479	0.032	0	    56806.0 	     13.995  	13.8024	0.0003	    32019.0  	      36.781   	14.0879	0.0012	     37022.0 	     32.549   	13.3408	0.001 	 0.7471	   --- 	 --- 	6155.26	---   	---   	  3.57	   16.473	  0.9  	BH_92
-0.0034	 0.2668	-0.0139	 1287.508	  128.473	  220.507	1.303	16	 ---	154.73565527906	0.0587	-56.44481035929	0.0545	5354891183730137216	  0.388  	0.0662	 -5.745	0.117	  3.546	0.107	0	     3335.0 	      2.5903 	16.8806	0.0008	     1447.8  	      11.269   	17.4496	0.0085	      2896.6 	     13.136   	16.1072	0.0049	 1.3424	   --- 	 --- 	4610.0 	1.577 	0.7643	  --- 	    ---  	  0.8  	BH_92
 0.1488	 0.253 	 0.009 	 1924.639	  531.713	  612.807	1.226	15	 ---	154.72166480595	0.0286	-56.42807559553	0.0317	5354891252449368192	  0.4079 	0.0371	 -5.798	0.058	  3.498	0.057	0	    11998.0 	      6.234  	15.4906	0.0006	     6254.8  	      11.763   	15.8609	0.002 	      8460.4 	     13.806   	14.9434	0.0018	 0.9174	   --- 	 --- 	5361.84	---   	---   	  1.99	    2.958	  1.0  	BH_92
 0.163 	 0.3019	 0.2574	 2288.291	  592.671	  529.739	1.228	15	 ---	154.87546640366	0.0288	-56.39041708098	0.0278	5354892317601671424	  0.35   	0.035 	 -6.115	0.058	  3.281	0.054	0	    16364.0 	      7.1513 	15.1536	0.0005	     8853.3  	      14.938   	15.4836	0.0018	     11249.0 	     21.234   	14.6342	0.002 	 0.8495	   --- 	 --- 	5549.63	---   	---   	  2.51	    5.369	  0.5  	BH_92
 0.687 	-0.2412	-0.3122	  672.012	    ---  	    ---  	---  	12	 ---	154.83017546165	0.0379	-56.43193306622	0.0373	5354890874485901696	  0.3649 	0.042 	 -5.783	0.104	  3.594	0.1  	0	    13130.0 	     19.539  	15.3927	0.0016	        ---  	       ---     	 ---   	---   	         --- 	      ---     	 ---   	---   	 ---   	   --- 	 --- 	   --- 	---   	---   	  --- 	    ---  	  1.0  	BH_92
 0.0502	 0.2459	 0.0453	 3276.856	  218.32 	  577.21 	1.239	15	 ---	154.68789906675	0.0214	-56.44181171382	0.0231	5354891321168837504	  0.3869 	0.0267	 -6.234	0.044	  3.598	0.044	0	    23419.0 	      7.1468 	14.7644	0.0003	    12493.0  	      57.223   	15.1097	0.005 	     16519.0 	     28.618   	14.217 	0.0019	 0.8928	   --- 	 --- 	5449.83	---   	---   	  2.83	    6.352	  0.5  	BH_92
 0.0579	 0.1092	-0.035 	  865.478	   82.268	  196.763	1.303	16	 ---	154.71372261242	0.0968	-56.40117631782	0.0945	5354891866614135040	  0.3671 	0.1129	 -6.822	0.202	  3.613	0.19 	0	     1531.7 	      1.7698 	17.7254	0.0013	      552.95 	       6.7213  	18.4947	0.0132	      1442.8 	      7.3329  	16.8639	0.0055	 1.6308	   --- 	 --- 	   --- 	---   	---   	  --- 	    ---  	  0.1  	BH_92
 0.1115	 0.3211	 0.0649	 2739.679	  689.39 	  817.079	1.214	15	 ---	154.77009585238	0.0234	-56.40679370124	0.0215	5354891699125984384	  0.3981 	0.028 	 -5.9  	0.05 	  3.464	0.042	0	    22181.0 	      8.0963 	14.8234	0.0004	    12619.0  	      18.305   	15.0988	0.0016	     14306.0 	     17.508   	14.3732	0.0013	 0.7256	   --- 	 --- 	6184.65	---   	---   	  2.03	    5.437	  1.0  	BH_92
-0.0947	 0.1915	-0.0521	  916.567	   59.586	  201.431	1.395	16	 ---	154.7288079517 	0.094 	-56.3942380506 	0.0837	5354891870924671872	  0.3322 	0.1017	 -5.263	0.192	  3.473	0.174	0	     1639.3 	      1.7885 	17.6517	0.0012	      448.02 	       7.5189  	18.7232	0.0182	      1839.3 	      9.1312  	16.6003	0.0054	 2.1229	   --- 	 --- 	   --- 	---   	---   	  --- 	    ---  	  0.2  	BH_92
 0.0433	 0.153 	 0.0242	 1476.227	  224.595	  180.458	1.321	16	 ---	154.74029623209	0.0473	-56.40717858262	0.0445	5354891664766238720	  0.3977 	0.0541	 -6.047	0.098	  3.555	0.089	0	     4428.1 	      2.9996 	16.5728	0.0007	     1953.0  	       8.6957  	17.1246	0.0048	      3895.6 	     21.587   	15.7855	0.006 	 1.3391	   --- 	 --- 	4655.37	---   	---   	  1.78	    1.341	  0.8  	BH_92
-0.1035	 0.0762	 0.1063	 1712.248	  298.136	  706.673	1.246	15	 ---	154.77383149753	0.0368	-56.40573309832	0.0327	5354891699125985280	  0.3489 	0.0428	 -6.184	0.078	  3.23 	0.066	0	     8903.3 	      5.1998 	15.8145	0.0006	     4282.6  	      14.364   	16.2721	0.0036	      6810.9 	      9.638   	15.1789	0.0015	 1.0932	   --- 	 --- 	5086.39	---   	---   	  2.28	    3.134	  0.5  	BH_92
 0.1385	 0.3396	 0.1017	 3350.581	  627.94 	  996.352	1.212	16	 ---	154.78676276726	0.022 	-56.42616557241	0.0216	5354890835821631616	  0.3746 	0.0272	 -5.799	0.044	  3.49 	0.042	0	   128780.0 	     38.435  	12.9137	0.0003	    76039.0  	     121.09    	13.1488	0.0017	     80065.0 	     80.358   	12.5033	0.0011	 0.6455	   --- 	 --- 	6485.97	1.603 	0.808 	  4.72	   35.507	  1.0  	BH_92
 0.0907	 0.2807	 0.0334	 1063.944	  343.531	  418.225	1.209	16	 ---	154.77926500293	0.0241	-56.41517042727	0.0243	5354891699126230016	  0.4574 	0.0296	 -5.912	0.049	  3.483	0.047	0	   166670.0 	    156.65   	12.6337	0.001 	   101530.0  	     295.54    	12.8349	0.0032	     99957.0 	    239.0     	12.2624	0.0026	 0.5725	   --- 	 --- 	7004.23	---   	---   	  3.78	   30.932	  1.0  	BH_92
