pmRApmDEcor	PlxpmRAcor	PlxpmDEcor	RFG	RFBP	RFRP	E(BR/RP)	Nper	RAdeg	e_RAdeg	DEdeg	e_DEdeg	Source	Plx	e_Plx	pmRA	e_pmRA	pmDE	e_pmDE	Dup	FG	e_FG	Gmag	e_Gmag	FBP	e_FBP	BPmag	e_BPmag	FRP	e_FRP	RPmag	e_RPmag	BP-RP	RV	e_RV	Teff	AG	E(BR-RP)	Rad	Lum	Pmemb
---	---	---	---	---	---	---	---	deg	mas	deg	mas	---	mas	mas	mas/yr	mas/yr	mas/yr	mas/yr	---	e-/s	e-/s	mag	mag	e-/s	e-/s	mag	mag	e-/s	e-/s	mag	mag	mag	km/s	km/s	K	mag	mag	solRad	solLum	---
-------	-------	-------	---------------	----------------	---------------	-----	--	---------------	------	---------------	------	-------------------	---------	------	-------	-----	-------	-----	-	---------------	-------------	---------	--------	---------------	--------------	---------	--------	---------------	-------------	---------	--------	-------	-------	-----	-------	------	------	------	---------	----
-0.0146	-0.1766	-0.1049	  520.360000000	    20.427000000	  135.392000000	1.618	17	306.33895099998	0.1427	 40.16727105904	0.1487	2067479299314504192	  0.2578 	0.1788	 -0.193	0.321	  2.926	0.290	0	      635.19000	      1.22070	18.681100	0.002100	      145.06000	      7.10160 	19.947500	0.053200	      882.83002	      6.52060	17.397200	0.008000	 2.5503	       	     	       	      	      	      	         	0.00
-0.1060	-0.1083	-0.0575	 1582.618000000	   148.082000000	  629.720000000	1.457	16	306.41148560649	0.0322	 40.19846031568	0.0389	2067479578491424512	  0.5739 	0.0407	 -3.620	0.072	 -4.674	0.086	0	     7062.79980	      4.46270	16.065900	0.000700	     1979.40002	     13.36700 	17.110000	0.007300	     8313.90039	     13.20300	14.962400	0.001700	 2.1476	       	     	3833.8 	2.6925	1.4050	  2.85	    1.579	0.98
-0.2289	 0.0300	-0.0918	 1288.873000000	    97.587000000	  448.365000000	1.483	15	306.41104361775	0.0398	 40.19585758500	0.0483	2067479578491423872	  0.5259 	0.0503	 -4.027	0.094	 -5.157	0.116	0	     6126.50000	      4.75340	16.220300	0.000800	     1689.69995	     17.31500 	17.281900	0.011100	     7393.29980	     16.48900	15.089800	0.002400	 2.1920	       	     	3789.1 	2.5835	1.3150	  3.01	    1.681	0.00
-0.0927	-0.1820	-0.1657	 1696.844000000	   950.722000000	 1489.464000000	1.177	17	306.40537994191	0.0474	 40.18953151579	0.0565	2067479574192400896	  1.1614 	0.0627	 -0.887	0.107	 -2.624	0.111	0	   981560.00000	    578.46002	10.708600	0.000600	   655970.00000	    689.96997 	10.809200	0.001100	   499390.00000	    335.28000	10.515800	0.000700	 0.2934	       	     	8541.8 	      	      	      	         	0.00
-0.0602	-0.1380	 0.0071	 1084.534000000	    41.987000000	  272.157000000	1.777	16	306.40880195742	0.0730	 40.19893078149	0.0888	2067479578491425024	  0.2894 	0.0932	 -2.230	0.164	 -4.552	0.183	0	     2262.00000	      2.08570	17.302100	0.001000	      378.69000	      9.01930 	18.905700	0.025900	     3639.89990	     13.37400	15.859200	0.004000	 3.0465	       	     	       	      	      	      	         	0.30
-0.0418	-0.1555	-0.0367	  943.501000000	    56.321000000	  249.112000000	1.540	17	306.37447799461	0.0701	 40.18331105700	0.0772	2067479647210905344	  0.7222 	0.0876	 -3.119	0.153	 -5.573	0.153	0	     1747.40002	      1.85200	17.582400	0.001200	      466.35001	      8.28020 	18.679600	0.019300	     2223.89990	      8.92750	16.394100	0.004400	 2.2855	       	     	       	      	      	      	         	0.11
-0.0326	-0.2398	-0.0789	  677.514000000	    22.238000000	  144.053000000	1.718	17	306.36465202286	0.1259	 40.19668446186	0.1265	2067479711631377408	  0.1660 	0.1529	 -1.041	0.285	 -4.208	0.246	0	      891.84998	      1.31640	18.312600	0.001600	      197.50999	      8.88160 	19.612400	0.048800	     1334.69995	      9.26520	16.948500	0.007500	 2.6639	       	     	       	      	      	      	         	0.00
 0.0024	-0.2826	-0.0883	  840.936000000	    32.422000000	  199.937000000	1.526	17	306.35441141194	0.0859	 40.17378053884	0.0916	2067479681570646144	  0.6854 	0.1083	  2.052	0.189	  4.294	0.177	0	     1458.00000	      1.73380	17.779000	0.001300	      309.04999	      9.53190 	19.126300	0.033500	     1916.19995	      9.58420	16.555800	0.005400	 2.5705	       	     	       	      	      	      	         	0.00
-0.1029	-0.1529	-0.1492	 1068.548000000	   192.127000000	  343.551000000	1.454	17	306.37543432650	0.0419	 40.17974628521	0.0413	2067479642911891712	  0.4277 	0.0509	 -3.371	0.095	 -4.136	0.085	0	    11786.00000	     11.03000	15.509900	0.001000	     2682.89990	     13.96400 	16.779900	0.005700	    14459.00000	     42.08600	14.361600	0.003200	 2.4183	       	     	3505.0 	2.7233	1.3740	  6.65	    6.004	0.94
-0.0168	-0.2298	-0.0101	  868.027000000	    37.270000000	  245.199000000	1.502	17	306.36976981733	0.0856	 40.19872871311	0.0934	2067479814710594176	  0.9891 	0.1111	  4.342	0.197	  0.862	0.186	0	     1462.59998	      1.68500	17.775600	0.001300	      419.82999	     11.26500 	18.793700	0.029100	     1776.90002	      7.24660	16.637800	0.004400	 2.1559	       	     	       	      	      	      	         	0.00
 0.0296	-0.3060	-0.0731	  641.359000000	    24.808000000	  144.935000000	1.669	17	306.37013025505	0.1010	 40.20077870767	0.1132	2067479814710595968	  0.4950 	0.1349	 -3.600	0.232	 -4.576	0.214	0	     1064.90002	      1.66040	18.120100	0.001700	      250.32001	     10.09100 	19.355100	0.043800	     1526.90002	     10.53500	16.802400	0.007500	 2.5528	       	     	       	      	      	      	         	0.98
-0.0850	-0.1647	-0.1214	 1545.054000000	   354.184000000	  416.612000000	1.385	17	306.37775820484	0.0161	 40.19247903214	0.0181	2067479750290120960	  0.5669 	0.0201	 -3.123	0.035	 -5.524	0.036	0	    44360.00000	     28.71100	14.070900	0.000700	    12948.00000	     36.55700 	15.070900	0.003100	    48481.00000	    116.37000	13.048000	0.002600	 2.0229	       	     	3652.2 	1.7350	0.8540	  8.48	   11.526	0.12
-0.0073	-0.1297	-0.0367	 1291.569000000	    82.042000000	  252.155000000	1.452	17	306.37363770124	0.0553	 40.20606010581	0.0584	2067479819009600000	  0.8160 	0.0689	 -0.534	0.126	 -1.867	0.124	0	     2783.00000	      2.15470	17.077100	0.000800	      911.88000	     11.11500 	17.951600	0.013200	     3128.80005	     12.40800	16.023500	0.004300	 1.9281	       	     	       	      	      	      	         	0.00
-0.0474	-0.1593	-0.1012	 2437.603000000	   284.856000000	  722.166000000	1.365	17	306.38268772584	0.0224	 40.20681713790	0.0221	2067479819009599488	  0.5552 	0.0274	 -3.024	0.049	 -4.443	0.045	0	    13665.00000	      5.60600	15.349300	0.000400	     4536.89990	     15.92700 	16.209500	0.003800	    14113.00000	     19.54200	14.387900	0.001500	 1.8216	       	     	3964.3 	      	      	  3.66	    2.988	1.00
-0.0265	-0.2437	 0.0325	  791.361000000	    50.920000000	  160.702000000	1.534	17	306.38972116930	0.0866	 40.21178698064	0.1067	2067479849070341376	  0.7220 	0.1129	 -2.419	0.199	 -8.448	0.205	0	     1490.50000	      1.88350	17.755000	0.001400	      450.20999	      8.84160 	18.717800	0.021300	     1836.90002	     11.43100	16.601700	0.006800	 2.1162	       	     	       	      	      	      	         	0.00
-0.0440	-0.1930	-0.0399	 1212.145000000	    83.764000000	  356.737000000	1.647	17	306.37536783179	0.0680	 40.19492961637	0.0689	2067479819009599104	  0.2347 	0.0853	 -2.873	0.155	 -4.454	0.144	0	     3089.60010	      2.54880	16.963600	0.000900	      469.60999	      5.60630 	18.672000	0.013000	     4619.89990	     12.95000	15.600300	0.003000	 3.0717	       	     	4070.3 	2.8340	1.4340	      	         	0.45
-0.0354	-0.2728	-0.0271	 1356.715000000	   158.701000000	  459.365000000	1.398	15	306.41178807304	0.0390	 40.23235875342	0.0423	2067481360898837632	  0.9084 	0.0508	 -2.322	0.086	  1.195	0.083	0	     5243.10010	      3.86460	16.389400	0.000800	     1653.69995	     10.42000 	17.305300	0.006800	     5674.29980	     12.35200	15.377100	0.002400	 1.9281	       	     	3845.0 	2.4155	1.1813	  1.54	    0.464	0.00
-0.0980	-0.2708	-0.2374	 1721.368000000	   400.034000000	  275.849000000	1.238	16	306.40232340495	0.0160	 40.23825624041	0.0162	2067481365198335104	  1.9788 	0.0208	  7.285	0.034	  2.789	0.034	0	    37155.00000	     21.58500	14.263300	0.000600	    17678.00000	     44.19300 	14.732800	0.002700	    28324.00000	    102.68000	13.631500	0.003900	 1.1013	       	     	4955.7 	0.2487	0.1220	  0.88	    0.418	0.00
 0.1160	-0.2894	 0.0870	 1771.781000000	   219.900000000	  344.750000000	1.356	15	306.42320848008	0.0409	 40.23223488301	0.0455	2067481296478345600	  1.5488 	0.0571	  5.961	0.085	 -0.234	0.090	0	     5088.29980	      2.87180	16.421900	0.000600	     1944.09998	      8.84080 	17.129600	0.004900	     4957.89990	     14.38100	15.523700	0.003100	 1.6059	       	     	4316.9 	0.6457	0.2953	  0.61	    0.117	0.00
 0.0255	-0.2832	-0.0139	  960.190000000	    50.226000000	  212.736000000	1.514	15	306.40957457712	0.0744	 40.21814449013	0.0875	2067481262118607616	  1.3691 	0.0971	 -4.603	0.159	-12.200	0.169	0	     1915.19995	      1.99460	17.482900	0.001100	      498.84000	      9.93190 	18.606500	0.021600	     2400.39990	     11.28400	16.311200	0.005100	 2.2953	       	     	       	      	      	      	         	0.00
-0.0203	-0.1975	-0.0939	 1114.096000000	    98.510000000	  264.173000000	1.421	16	306.32223765077	0.0525	 40.20075822843	0.0585	2067482327270513408	  0.6676 	0.0674	 -1.887	0.118	 -8.872	0.124	0	     2864.50000	      2.57110	17.045800	0.001000	     1035.30005	     10.50900 	17.813800	0.011000	     3035.50000	     11.49100	16.056300	0.004100	 1.7574	       	     	4040.9 	      	      	  1.31	    0.413	0.00
-0.0073	-0.2099	-0.1027	  947.840000000	    43.773000000	  181.552000000	1.505	17	306.32949379911	0.0709	 40.18532828127	0.0779	2067482258551031680	  0.5804 	0.0904	 -5.724	0.159	 -7.996	0.152	0	     1800.09998	      1.89920	17.550100	0.001100	      520.35999	     11.88800 	18.560600	0.024800	     2189.19995	     12.05800	16.411200	0.006000	 2.1494	       	     	       	      	      	      	         	0.00
 0.0038	-0.1656	-0.1652	 1369.255000000	   135.795000000	  364.644000000	1.440	16	306.31127739738	0.0421	 40.18211481338	0.0488	2067482292910773504	  0.6375 	0.0567	 -7.057	0.095	 -8.843	0.095	0	     4161.79980	      3.03940	16.640200	0.000800	     1102.50000	      8.11860 	17.745500	0.008000	     4888.89990	     13.40700	15.538900	0.003000	 2.2066	       	     	3968.5 	2.4833	1.2420	  1.76	    0.688	0.00
-0.0664	-0.1645	-0.1132	  882.883000000	    65.629000000	  213.796000000	1.497	17	306.32964038945	0.0814	 40.17378394877	0.0905	2067482258551028480	  0.6916 	0.1049	 -6.090	0.180	 -2.719	0.178	0	     2450.10010	      2.77510	17.215400	0.001200	      628.17999	      9.57160 	18.356200	0.016500	     3039.80005	     14.21900	16.054800	0.005100	 2.3014	       	     	       	      	      	      	         	0.00
-0.1117	-0.0868	-0.2099	 2170.694000000	   548.676000000	  922.898000000	1.231	17	306.29148220925	0.2378	 40.17792576408	0.2368	2067482395989993088	  1.2960 	0.3010	  2.248	0.554	 -0.290	0.499	0	    50526.00000	     23.27600	13.929600	0.000500	    25036.00000	     45.63000 	14.355000	0.002000	    37152.00000	     40.25600	13.337000	0.001200	 1.0180	       	     	5325.4 	0.7400	0.3585	      	         	0.00
-0.0166	-0.1854	-0.1203	 1495.407000000	   126.835000000	  392.838000000	1.346	16	306.27500367370	0.0373	 40.18954468523	0.0433	2067482464709476608	  1.7879 	0.0515	  6.023	0.084	 14.331	0.080	0	     5265.39990	      3.52100	16.384800	0.000700	     1858.69995	     14.65400 	17.178400	0.008600	     5227.39990	     13.30700	15.466200	0.002800	 1.7122	       	     	4106.9 	0.1070	0.0747	  0.63	    0.102	0.00
 0.0235	-0.1675	-0.0985	  963.682000000	    51.912000000	  296.316000000	1.450	17	306.30334839757	0.0718	 40.19058830840	0.0814	2067482499069207808	  1.2782 	0.0954	  3.995	0.162	 -6.560	0.166	0	     1746.59998	      1.81240	17.582900	0.001100	      580.38000	     11.18000 	18.442100	0.020900	     1951.69995	      6.58660	16.535900	0.003700	 1.9062	       	     	       	      	      	      	         	0.00
-0.0362	-0.1555	-0.2212	 3301.778000000	   695.034000000	  899.656000000	1.228	16	306.30744350382	0.0161	 40.19831496636	0.0169	2067482533428947072	  1.1246 	0.0214	 -5.808	0.036	 -7.052	0.035	0	    35316.00000	     10.69600	14.318400	0.000300	    17981.00000	     25.87100 	14.714300	0.001600	    25400.00000	     28.23300	13.749800	0.001200	 0.9645	       	     	5351.0 	0.4827	0.2543	  1.25	    1.147	0.00
-0.0328	-0.1722	-0.1780	 2462.327000000	   448.455000000	  739.682000000	1.236	17	306.30020753037	0.0197	 40.18908300283	0.0203	2067482499069208576	  1.1598 	0.0255	 -7.723	0.044	 -9.517	0.042	0	    18700.00000	      7.59440	15.008800	0.000400	     9279.50000	     20.69200 	15.432600	0.002400	    13839.00000	     18.70900	14.409200	0.001500	 1.0234	       	     	5186.9 	0.2440	0.1200	  0.95	    0.585	0.00
-0.0680	-0.1552	-0.1367	 4975.347000000	   419.415000000	  506.077000000	1.287	17	306.30502533708	0.0204	 40.21446461742	0.0216	2067482602148428288	  0.5542 	0.0264	 -3.166	0.043	 -4.118	0.043	0	   135740.00000	     27.28300	12.856600	0.000200	    60459.00000	    144.14999 	13.397700	0.002600	   114260.00000	    225.78000	12.117200	0.002100	 1.2806	       	     	4907.3 	      	      	  6.14	   19.685	1.00
 0.0514	-0.1559	-0.0768	  723.286000000	    34.045000000	  130.203000000	1.536	16	306.30995059398	0.0913	 40.19525920264	0.1055	2067482529129923072	  0.6862 	0.1175	 -0.614	0.205	 -4.736	0.221	0	     1222.90002	      1.69080	17.969900	0.001500	      388.73001	     11.41800 	18.877300	0.031900	     1490.09998	     11.44400	16.828900	0.008300	 2.0484	       	     	       	      	      	      	         	0.00
 0.0471	-0.1626	-0.0799	  817.581000000	    44.448000000	  163.066000000	1.469	16	306.29069729683	0.0839	 40.19481483354	0.0940	2067482494768536832	  1.1328 	0.1104	  2.685	0.184	 -8.018	0.191	0	     1434.59998	      1.75470	17.796500	0.001300	      481.20999	     10.82600 	18.645500	0.024400	     1626.50000	      9.97440	16.733800	0.006700	 1.9117	       	     	       	      	      	      	         	0.00
-0.1054	-0.1974	-0.2442	 1286.115000000	   233.656000000	  440.630000000	1.411	16	306.33347486818	0.0292	 40.21374866745	0.0300	2067482705227635328	  5.5759 	0.0371	 13.225	0.063	 -5.034	0.062	0	    16667.00000	     12.96000	15.133700	0.000800	     4314.39990	     18.46500 	16.264100	0.004600	    19201.00000	     43.57700	14.053600	0.002500	 2.2105	       	     	3842.0 	0.2690	0.1455	      	         	0.00
-0.0627	-0.2603	-0.1467	 1415.778000000	   432.431000000	  343.688000000	1.282	16	306.32888481604	0.0183	 40.21189830722	0.0190	2067482705227636480	  0.5593 	0.0240	 -3.142	0.039	 -4.180	0.036	0	   123500.00000	     87.23400	12.959200	0.000800	    51602.00000	    119.33000 	13.569700	0.002500	   106770.00000	    310.66000	12.190800	0.003200	 1.3789	       	     	4788.8 	      	      	  6.19	   18.147	1.00
-0.0358	-0.2383	-0.2308	  819.491000000	   116.017000000	  334.201000000	1.372	16	306.35098853445	0.0284	 40.21021362492	0.0290	2067482670867891968	  0.8248 	0.0365	  2.385	0.062	 -5.676	0.056	0	     9455.20020	     11.53800	15.749200	0.001300	     3131.10010	     26.98800 	16.612200	0.009400	     9843.29980	     29.45300	14.779100	0.003200	 1.8331	       	     	4038.0 	      	      	  1.93	    0.895	0.00
-0.0980	-0.3174	-0.1498	 2380.036000000	   533.934000000	  747.000000000	1.295	17	306.34485307989	0.0157	 40.20521359904	0.0149	2067482670867892352	  0.5944 	0.0194	 -3.254	0.035	 -4.293	0.029	0	    49678.00000	     20.87300	13.948000	0.000500	    20040.00000	     37.53200 	14.596700	0.002000	    44306.00000	     59.31200	13.145800	0.001500	 1.4509	       	     	4434.0 	      	      	  4.59	    7.326	1.00
-0.2246	-0.0951	-0.4928	 3129.470000000	   477.862000000	 1260.979000000	1.299	13	306.33678898688	0.0163	 40.21637760628	0.0199	2067482735291629056	  0.6065 	0.0245	 -3.445	0.034	 -3.811	0.048	0	    55034.00000	     17.58600	13.836800	0.000300	    22093.00000	     46.23300 	14.490800	0.002300	    49393.00000	     39.17000	13.027800	0.000900	 1.4630	       	     	4368.0 	      	      	  4.95	    8.030	0.73
-0.0142	-0.3294	-0.0849	  861.971000000	    52.892000000	  215.690000000	1.637	16	306.35719366953	0.0817	 40.20265744893	0.0882	2067482670867887872	  2.6227 	0.1091	  6.016	0.185	  1.998	0.170	0	     1736.50000	      2.01450	17.589200	0.001300	      403.12000	      7.62160 	18.837800	0.020500	     2440.19995	     11.31300	16.293400	0.005000	 2.5444	       	     	       	      	      	      	         	0.00
-0.0663	-0.2086	-0.1806	 2893.091000000	   255.079000000	  794.798000000	1.260	17	306.34080929171	0.0223	 40.20071156718	0.0224	2067482632209873280	  1.0566 	0.0279	 -9.499	0.050	-17.522	0.044	0	    13474.00000	      4.65720	15.364700	0.000400	     6219.89990	     24.38400 	15.866900	0.004300	    10752.00000	     13.52800	14.683200	0.001400	 1.1837	       	     	4873.8 	0.5820	0.2860	  1.03	    0.542	0.00
-0.0066	-0.1595	-0.0866	 4015.394000000	   516.575000000	 1138.960000000	1.256	17	306.33601211173	0.0180	 40.18759784284	0.0195	2067482636508151936	  2.3264 	0.0239	 -1.332	0.040	 -0.568	0.037	1	    26152.00000	      6.51290	14.644600	0.000300	    11165.00000	     21.61400 	15.231700	0.002100	    21688.00000	     19.04200	13.921400	0.001000	 1.3103	       	     	4726.6 	0.2925	0.1453	  0.71	    0.226	0.00
-0.0499	-0.2407	-0.0855	 1819.757000000	   171.306000000	  503.899000000	1.502	16	306.36000800024	0.0430	 40.24132349842	0.0443	2067482877026326528	  0.2639 	0.0556	 -1.190	0.090	 -3.706	0.085	0	     5515.89990	      3.03110	16.334300	0.000600	     1528.69995	      8.92380 	17.390600	0.006300	     6754.70020	     13.40500	15.187900	0.002200	 2.2027	       	     	3754.0 	      	      	      	         	0.00
-0.0644	-0.3164	-0.0552	  826.301000000	    76.311000000	  209.889000000	1.501	16	306.34874371146	0.0678	 40.22857587451	0.0728	2067482842666588288	  0.8116 	0.0893	 -3.390	0.143	  0.536	0.139	0	     2164.19995	      2.61910	17.350100	0.001300	      778.37000	     10.20000 	18.123400	0.014200	     2469.19995	     11.76400	16.280500	0.005200	 1.8429	       	     	       	      	      	      	         	0.00
-0.0013	-0.2329	-0.0839	 1162.525000000	   133.488000000	  276.941000000	1.532	15	306.36945046188	0.0534	 40.22879383490	0.0531	2067482808306844416	  0.4869 	0.0683	 -2.441	0.111	 -4.814	0.098	0	     3500.00000	      3.01070	16.828200	0.000900	      981.45001	      7.35230 	17.871700	0.008100	     4379.79980	     15.81500	15.658300	0.003900	 2.2134	       	     	3627.8 	      	      	  2.84	    1.254	0.94
-0.0083	-0.2574	-0.0940	  593.124000000	    71.724000000	  259.092000000	1.662	16	306.36314797456	0.0855	 40.22260200671	0.0887	2067482769648834176	  0.0366 	0.1140	 -3.349	0.183	 -5.322	0.172	0	     3621.19995	      6.10520	16.791300	0.001800	      874.34998	     12.19100 	17.997200	0.015100	     5143.20020	     19.85100	15.483800	0.004200	 2.5133	       	     	3692.9 	      	      	      	         	0.00
-0.0886	-0.3018	-0.1235	 5287.233000000	   614.930000000	 1129.225000000	1.286	16	306.36722692524	0.0173	 40.23921234103	0.0146	2067482877026323712	  0.5757 	0.0189	 -2.890	0.035	 -4.450	0.029	0	    50316.00000	      9.51650	13.934100	0.000200	    21519.00000	     34.99400 	14.519400	0.001800	    43176.00000	     38.23500	13.173800	0.001000	 1.3455	       	     	4812.2 	      	      	  3.79	    6.932	1.00
-0.0896	-0.2970	-0.0292	  633.960000000	    91.339000000	  205.905000000	1.476	16	306.36729600040	0.0442	 40.23626647548	0.0445	2067482877026323200	  0.5533 	0.0555	 -2.911	0.091	 -4.617	0.088	0	     5673.20020	      8.94890	16.303800	0.001700	     1582.80005	     17.32900 	17.352800	0.011900	     6791.00000	     32.98100	15.182100	0.005300	 2.1707	       	     	3810.1 	2.7430	1.3670	  2.70	    1.386	1.00
-0.0584	-0.2641	-0.1097	 1992.160000000	   220.489000000	  598.154000000	1.386	17	306.37360032625	0.0265	 40.21690278496	0.0281	2067482773947101952	  0.7481 	0.0342	  0.429	0.060	 -2.467	0.056	1	     9949.50000	      4.99430	15.693900	0.000500	     3178.50000	     14.41600 	16.595800	0.004900	    10614.00000	     17.74400	14.697300	0.001800	 1.8986	       	     	3920.7 	      	      	  2.41	    1.234	0.00
-0.0085	-0.1527	-0.1338	 1331.601000000	    46.890000000	  414.110000000	1.716	16	306.37515672014	0.0653	 40.21916680451	0.0693	2067482808306840448	  0.4014 	0.0847	 -1.946	0.146	 -3.904	0.141	0	     3742.19995	      2.81030	16.755500	0.000800	      544.20001	     11.60600 	18.512000	0.023200	     5877.20020	     14.19300	15.339000	0.002600	 3.1730	       	     	4022.4 	2.8798	1.4525	      	         	0.02
-0.0787	-0.2355	-0.1922	 2645.290000000	   712.876000000	  935.018000000	1.276	17	306.37037576701	0.0202	 40.21501516937	0.0220	2067482773947102208	  0.6009 	0.0269	 -3.140	0.045	 -4.242	0.041	0	   801480.00000	    302.98001	10.928600	0.000400	   309690.00000	    434.42999 	11.624100	0.001500	   713320.00000	    762.89001	10.128700	0.001200	 1.4954	       	     	4347.0 	0.3980	0.1870	 19.34	  120.294	1.00
-0.0638	-0.4346	 0.0231	 1501.921000000	   183.032000000	  375.275000000	1.317	16	306.37444224133	0.0456	 40.22891293299	0.0442	2067482808306842880	  1.3692 	0.0561	-11.036	0.096	-15.134	0.085	0	     5447.00000	      3.62670	16.348000	0.000700	     2307.39990	     12.60700 	16.943600	0.005900	     4867.00000	     12.96900	15.543800	0.002900	 1.3998	       	     	4497.0 	0.2540	0.1230	  0.63	    0.147	0.00
-0.0432	-0.1288	-0.1057	 4921.500000000	   735.916000000	 1287.190000000	1.212	16	306.36938510827	0.0157	 40.22517005757	0.0154	2067482808306843264	  1.1492 	0.0196	  3.069	0.034	  6.512	0.030	0	    53383.00000	     10.84700	13.869900	0.000200	    29147.00000	     39.60600 	14.189900	0.001500	    35541.00000	     27.61100	13.385100	0.000800	 0.8048	       	     	5816.8 	0.0910	0.0473	  1.24	    1.593	0.00
-0.0576	-0.2891	-0.1811	 2996.866000000	   420.712000000	 1060.136000000	1.306	16	306.35322899258	0.0226	 40.22654423569	0.0221	2067482842666586240	  0.9497 	0.0285	 -1.394	0.048	 -0.508	0.044	0	    14245.00000	      4.75340	15.304200	0.000400	     5630.20020	     13.38300 	15.975100	0.002600	    12980.00000	     12.24400	14.478700	0.001000	 1.4964	       	     	4408.4 	      	      	  1.56	    0.832	0.00
 0.0036	-0.2610	-0.0426	  359.451000000	    59.942000000	   83.319000000	1.570	16	306.31966163778	0.0636	 40.23641335826	0.0744	2067483014465289088	  0.6750 	0.0850	 -3.188	0.131	 -4.333	0.146	0	     2403.39990	      6.68630	17.236300	0.003000	      719.42999	     12.00200 	18.208900	0.018100	     3054.69995	     36.66300	16.049500	0.013000	 2.1594	       	     	       	      	      	      	         	1.00
 0.0389	-0.1705	 0.0423	 1808.223000000	   162.950000000	  437.976000000	1.309	16	306.31826853368	0.0325	 40.21729601579	0.0381	2067482911386070784	  1.0534 	0.0447	 -2.250	0.071	 -8.314	0.081	0	     6733.70020	      3.72390	16.117700	0.000600	     2835.60010	     17.40200 	16.719800	0.006700	     5981.60010	     13.65700	15.319900	0.002500	 1.3999	       	     	4495.0 	0.7110	0.3470	  0.92	    0.308	0.00
-0.0463	-0.2071	-0.0717	 3998.667000000	   466.302000000	  858.609000000	1.296	16	306.34169331353	0.0185	 40.22816722833	0.0184	2067482945745805440	  0.5826 	0.0230	 -3.040	0.039	 -4.181	0.034	0	    30874.00000	      7.72100	14.464400	0.000300	    12972.00000	     27.81800 	15.068900	0.002300	    27045.00000	     31.49900	13.681700	0.001300	 1.3872	       	     	4828.4 	      	      	  2.91	    4.135	1.00
-0.0593	-0.2165	-0.1625	 1637.304000000	   434.955000000	  504.562000000	1.301	17	306.33492837891	0.0126	 40.21972396615	0.0140	2067482945745805312	  0.5753 	0.0168	 -3.300	0.027	 -4.409	0.029	0	    78852.00000	     48.16000	13.446300	0.000700	    31650.00000	     72.76700 	14.100400	0.002500	    70905.00000	    140.53000	12.635200	0.002200	 1.4652	       	     	4345.3 	      	      	  6.34	   12.923	1.00
-0.0500	-0.0375	-0.0405	 3252.620000000	   685.781000000	  934.156000000	1.261	15	306.33230413843	0.3665	 40.23405901918	0.3084	2067482945745809280	  1.8023 	0.3806	-14.001	0.798	 -6.403	0.609	1	   181110.00000	     55.68100	12.543500	0.000300	    84525.00000	    123.25000 	13.033900	0.001600	   143940.00000	    154.09000	11.866500	0.001200	 1.1675	       	     	4942.0 	1.7700	0.8760	      	         	0.00
-0.0439	-0.1731	 0.0769	 3506.906000000	   484.240000000	  679.623000000	1.276	16	306.32886820653	0.0206	 40.23128869913	0.0245	2067482945745809664	  0.8730 	0.0298	  1.154	0.044	 -1.017	0.046	0	    24034.00000	      6.85330	14.736300	0.000300	    10465.00000	     21.61100 	15.302000	0.002200	    20207.00000	     29.73300	13.998200	0.001600	 1.3039	       	     	5015.2 	      	      	  1.55	    1.371	0.00
-0.0545	-0.2320	-0.1452	 4304.788000000	   609.066000000	 1204.838000000	1.306	16	306.31511944277	0.0175	 40.23975799385	0.0177	2067483014465290624	  0.6453 	0.0226	 -1.809	0.036	 -4.203	0.036	0	    28614.00000	      6.64710	14.546900	0.000300	    11040.00000	     18.12600 	15.244000	0.001800	    26345.00000	     21.86600	13.710200	0.000900	 1.5338	       	     	4353.0 	      	      	  3.39	    3.713	0.00
-0.0757	-0.0471	-0.0989	 2022.277000000	    98.933000000	  338.790000000	1.388	16	306.34069888451	0.0258	 40.23440875217	0.0246	2067483048825021952	  3.4745 	0.0316	 14.238	0.057	  8.302	0.046	0	    14683.00000	      7.26080	15.271300	0.000500	     4989.60010	     50.43400 	16.106200	0.011000	    15391.00000	     45.43100	14.293700	0.003200	 1.8125	       	     	3993.8 	0.3965	0.1813	  0.59	    0.080	0.00
-0.0925	-0.1522	-0.1103	 2314.921000000	   685.677000000	 1162.787000000	1.235	16	306.34039787600	0.0255	 40.23266310530	0.0229	2067483044525974784	  0.6250 	0.0308	 -3.211	0.053	 -4.134	0.045	0	   522600.00000	    225.75000	11.392900	0.000500	   255440.00000	    372.53000 	11.833200	0.001600	   389870.00000	    335.29001	10.784600	0.000900	 1.0486	       	     	5448.4 	      	      	  8.27	   54.314	1.00
-0.0183	-0.1667	-0.0428	 1183.898000000	    67.832000000	  260.101000000	1.449	16	306.26281044885	0.0618	 40.21502631945	0.0729	2067483285043906688	  1.0224 	0.0817	 -1.321	0.130	 -2.192	0.151	0	     2909.00000	      2.45720	17.029000	0.000900	     1092.19995	     16.10200 	17.755600	0.016000	     3122.69995	     12.00600	16.025600	0.004200	 1.7300	       	     	4288.7 	      	      	  0.71	    0.155	0.00
-0.0094	-0.1170	-0.0647	  806.406000000	    45.081000000	  211.204000000	1.472	16	306.27595833485	0.0694	 40.20360035269	0.0897	2067483216323065088	  1.4097 	0.0941	 -3.531	0.155	-12.436	0.198	0	     1819.59998	      2.25640	17.538500	0.001300	      605.32001	     13.42700 	18.396400	0.024100	     2073.00000	      9.81530	16.470400	0.005100	 1.9260	       	     	       	      	      	      	         	0.00
-0.0570	-0.1403	-0.1484	 2929.570000000	   365.524000000	  827.847000000	1.324	17	306.26755744350	0.0220	 40.21036781199	0.0243	2067483220623725440	  0.6731 	0.0294	 -3.158	0.048	 -2.075	0.048	0	    14647.00000	      4.99960	15.274000	0.000400	     5391.20020	     14.74900 	16.022200	0.003000	    14005.00000	     16.91800	14.396200	0.001300	 1.6260	       	     	4282.2 	      	      	  2.44	    1.809	0.00
-0.0122	-0.2193	-0.1169	 1441.631000000	   220.565000000	  438.569000000	1.383	17	306.25503635046	0.0662	 40.22276511600	0.0783	2067483289343207296	  0.1276 	0.0917	 -3.069	0.146	 -5.977	0.154	0	     6823.39990	      4.73310	16.103400	0.000800	     2532.50000	     11.48200 	16.842500	0.004900	     6906.70020	     15.74800	15.163700	0.002500	 1.6788	       	     	4173.7 	1.1628	0.6558	      	         	0.00
-0.0536	-0.1942	-0.1111	 1173.210000000	    31.594000000	  340.515000000	1.875	16	306.26938714485	0.0773	 40.21996555184	0.0908	2067483392422418944	  0.1128 	0.1061	 -2.588	0.167	 -4.931	0.169	0	     3474.00000	      2.96110	16.836300	0.000900	      292.89999	      9.27090 	19.184600	0.034400	     6222.10010	     18.27300	15.277100	0.003200	 3.9075	       	     	3709.0 	2.7950	1.4200	      	         	0.01
 0.0534	-0.1359	-0.0248	 1015.095000000	    95.253000000	  216.476000000	1.444	17	306.28184646003	0.0732	 40.22483651679	0.0864	2067483353764387584	  1.1755 	0.0934	-10.621	0.158	 -5.500	0.169	0	     1753.80005	      1.72770	17.578400	0.001100	      668.71997	      7.02040 	18.288300	0.011400	     1863.69995	      8.60910	16.586000	0.005000	 1.7023	       	     	       	      	      	      	         	0.00
 0.0382	-0.0917	 0.0522	 2036.449000000	   335.305000000	  469.631000000	1.393	16	306.27831388485	0.0388	 40.22631267100	0.0470	2067483323702940800	  0.6995 	0.0514	 -3.266	0.084	 -2.567	0.105	0	    20039.00000	      9.84010	14.933700	0.000500	     5900.70020	     17.59800 	15.924100	0.003200	    22019.00000	     46.88600	13.904900	0.002300	 2.0192	       	     	3692.7 	2.0168	1.0993	  4.45	    3.322	0.00
-0.0399	-0.2461	-0.1305	 1340.703000000	   124.474000000	  362.605000000	1.497	17	306.28662192373	0.0615	 40.23201041366	0.0628	2067483358062678400	  0.2405 	0.0779	 -1.584	0.131	 -5.212	0.123	0	     4128.10010	      3.07910	16.649000	0.000800	     1239.50000	      9.95830 	17.618200	0.008700	     4939.29980	     13.62200	15.527800	0.003000	 2.0905	       	     	3865.3 	      	      	      	         	0.00
-0.0424	-0.2078	-0.1407	 1820.707000000	   122.533000000	  730.140000000	1.467	17	306.27037366718	0.0324	 40.21777363956	0.0356	2067483323702940928	  0.3367 	0.0433	 -2.965	0.069	 -4.674	0.070	0	     8786.50000	      4.82590	15.828800	0.000600	     2337.10010	     19.07300 	16.929700	0.008900	    10552.00000	     14.45200	14.703600	0.001500	 2.2261	       	     	3828.0 	2.2837	1.1525	  5.44	    5.727	0.07
-0.0035	-0.2208	 0.0133	 1699.959000000	   118.656000000	  563.687000000	1.365	16	306.27787263895	0.0329	 40.23036714437	0.0405	2067483426782157440	  0.7373 	0.0441	 -3.632	0.069	 -8.682	0.084	0	     6981.10010	      4.10670	16.078500	0.000600	     2444.10010	     20.59800 	16.881100	0.009200	     7087.89990	     12.57400	15.135600	0.001900	 1.7455	       	     	4215.4 	2.8160	1.4210	  1.62	    0.744	0.00
-0.0539	-0.1573	-0.1363	 2123.457000000	   187.663000000	  350.327000000	1.548	17	306.28852662236	0.0412	 40.22628324917	0.0413	2067483358062676864	  0.4805 	0.0518	 -4.465	0.089	 -4.631	0.084	0	    13069.00000	      6.15450	15.397800	0.000500	     2135.89990	     11.38200 	17.027400	0.005800	    18096.00000	     51.65600	14.117900	0.003100	 2.9095	       	     	4480.1 	2.8310	1.4340	  2.82	    2.893	0.00
-0.0296	-0.1891	-0.1300	 1738.120000000	   148.030000000	  340.676000000	1.423	17	306.29430512348	0.0430	 40.23222157053	0.0480	2067483358062676736	  0.6044 	0.0576	  4.357	0.092	 -1.923	0.094	0	     5275.20020	      3.03500	16.382800	0.000600	     1773.50000	     11.98000 	17.229300	0.007300	     5732.79980	     16.82800	15.366000	0.003200	 1.8633	       	     	4095.0 	      	      	  1.88	    0.897	0.00
-0.0505	-0.1978	-0.1537	 4553.666000000	   686.187000000	 1079.123000000	1.273	17	306.27586345782	0.0159	 40.24401001881	0.0170	2067483426782160256	  0.6176 	0.0209	 -3.624	0.033	 -6.451	0.034	0	    31374.00000	      6.88990	14.446900	0.000200	    14037.00000	     20.45700 	14.983200	0.001600	    25891.00000	     23.99200	13.729100	0.001000	 1.2541	       	     	4907.3 	      	      	  2.65	    3.665	0.00
 0.0436	-0.3202	-0.1775	 1258.019000000	    72.762000000	  473.983000000	1.460	15	306.25457140824	0.0524	 40.23322060206	0.0625	2067483598580855424	  0.5510 	0.0761	 -2.840	0.113	 -5.406	0.110	0	     3300.00000	      2.62320	16.892100	0.000900	     1082.69995	     14.88000 	17.765100	0.014900	     3735.89990	      7.88190	15.830900	0.002300	 1.9342	       	     	3999.0 	      	      	  1.76	    0.716	0.46
-0.0114	-0.2028	-0.0656	 1340.645000000	   129.757000000	  343.986000000	1.405	16	306.25311335542	0.0468	 40.23244585994	0.0567	2067483594281563648	  0.6884 	0.0646	 -0.300	0.101	-13.798	0.107	0	     3387.30005	      2.52660	16.863700	0.000800	     1176.40002	      9.06610 	17.675000	0.008400	     3582.80005	     10.41600	15.876400	0.003200	 1.7987	       	     	4100.0 	      	      	  1.32	    0.443	0.00
-0.0360	-0.2324	-0.1732	 5365.003000000	   682.270000000	 1385.143000000	1.256	16	306.26172947967	0.0149	 40.24128503997	0.0169	2067483598580855168	  0.7842 	0.0206	 -2.266	0.031	 -3.096	0.031	0	    50329.00000	      9.38100	13.933800	0.000200	    23005.00000	     33.71800 	14.446900	0.001600	    40188.00000	     29.01300	13.251700	0.000800	 1.1952	       	     	4893.4 	      	      	  2.66	    3.658	0.00
-0.0501	-0.1932	-0.1218	 1694.612000000	   188.553000000	  636.361000000	1.389	16	306.25418887987	0.0379	 40.24044663882	0.0454	2067483598580856320	  0.5446 	0.0527	 -2.526	0.082	 -7.576	0.083	0	     5762.10010	      3.40020	16.286900	0.000600	     1841.09998	      9.76430 	17.188700	0.005800	     6160.70020	      9.68110	15.287900	0.001700	 1.9008	       	     	3975.0 	2.1595	1.0810	  2.40	    1.300	0.00
-0.0005	-0.2103	-0.0444	  962.982000000	    55.980000000	  144.409000000	1.524	16	306.25732708450	0.0694	 40.24546179983	0.0853	2067483598580856704	  0.6023 	0.0964	  0.882	0.150	  0.791	0.161	0	     1781.50000	      1.84990	17.561400	0.001100	      607.76001	     10.85700 	18.392100	0.019400	     2106.50000	     14.58700	16.453000	0.007500	 1.9390	       	     	       	      	      	      	         	0.00
-0.0708	-0.1885	-0.1152	  937.561000000	   174.970000000	  420.872000000	1.421	16	306.25866384527	0.1506	 40.23260719871	0.1794	2067483598580854272	 -0.2621 	0.2104	  2.514	0.327	 -1.012	0.335	0	     5639.39990	      6.01500	16.310300	0.001200	     1901.50000	     10.86800 	17.153600	0.006200	     6111.79980	     14.52200	15.296500	0.002600	 1.8571	       	     	4100.0 	      	      	      	         	0.00
-0.0419	-0.1969	-0.2340	  402.093000000	   469.835000000	  722.764000000	1.299	14	306.30362439814	0.4020	 40.25776570304	0.4109	2067483766081274624	  5.3559 	0.5356	 -1.559	0.840	 -8.499	0.874	1	    20701.00000	     51.48400	14.898400	0.002700	    10029.00000	     21.34500 	15.348300	0.002300	    16854.00000	     23.31900	14.195200	0.001500	 1.1531	       	     	4911.2 	0.1210	0.0818	      	         	0.00
 0.0106	-0.2781	-0.1585	 1672.257000000	   135.436000000	  311.777000000	1.358	15	306.30296269654	0.0411	 40.25273048957	0.0460	2067483766081270528	  0.7320 	0.0561	 -7.510	0.086	 -5.002	0.089	0	     4850.39990	      2.90050	16.473900	0.000600	     1843.30005	     13.61000 	17.187400	0.008000	     4744.60010	     15.21800	15.571400	0.003500	 1.6160	       	     	4311.2 	      	      	  1.27	    0.499	0.00
-0.1055	-0.1444	-0.1702	  872.641000000	   104.902000000	  402.927000000	1.441	16	306.29932901110	0.1233	 40.25283977350	0.1284	2067483770379540096	  1.8819 	0.1628	 -6.676	0.262	 11.686	0.257	0	     5021.29980	      5.75420	16.436300	0.001200	     1495.80005	     14.25900 	17.414200	0.010300	     5742.00000	     14.25100	15.364300	0.002700	 2.0500	       	     	3639.0 	1.9560	0.9460	  0.87	    0.120	0.00
-0.0211	-0.1896	-0.1250	 1398.538000000	   139.279000000	  309.872000000	1.354	16	306.31066588612	0.0405	 40.24391946425	0.0405	2067483770379536128	  0.7196 	0.0511	 -3.898	0.084	 -4.579	0.079	0	     5359.29980	      3.83210	16.365600	0.000800	     2113.60010	     15.17500 	17.038900	0.007800	     5142.10010	     16.59400	15.484100	0.003500	 1.5548	       	     	4438.7 	1.6022	0.8110	  1.24	    0.538	0.53
-0.0183	-0.2130	-0.1830	 2675.246000000	   412.365000000	  551.799000000	1.255	16	306.29295027097	0.0263	 40.25758297133	0.0258	2067483804739281152	  1.2489 	0.0340	-16.098	0.056	 -8.955	0.053	0	    11690.00000	      4.36990	15.518800	0.000400	     5412.10010	     13.12400 	16.018000	0.002600	     9260.79980	     16.78300	14.845300	0.002000	 1.1727	       	     	4888.8 	0.1915	0.0840	  0.81	    0.335	0.00
 0.0056	-0.2731	-0.1463	 1313.619000000	    98.329000000	  353.099000000	1.428	16	306.29867072944	0.0490	 40.26484066913	0.0504	2067483839099019648	  0.5517 	0.0646	 -3.078	0.103	 -5.543	0.099	0	     3585.10010	      2.72920	16.802100	0.000800	     1114.19995	     11.33200 	17.733900	0.011000	     4006.10010	     11.34500	15.755100	0.003100	 1.9788	       	     	3845.8 	      	      	  2.09	    0.860	0.13
 0.0161	-0.1700	-0.0091	 1275.155000000	    97.449000000	  183.638000000	1.489	15	306.32133186734	0.0500	 40.27772160349	0.0563	2067483976538452480	  0.4642 	0.0655	 -0.907	0.107	 -1.914	0.122	0	     3025.80005	      2.37290	16.986300	0.000900	     1009.70001	     10.36200 	17.840900	0.011100	     3496.50000	     19.04000	15.902800	0.005900	 1.9380	       	     	4027.3 	      	      	  1.96	    0.911	0.00
 0.1174	-0.2813	-0.0923	  734.334000000	    35.756000000	  325.412000000	1.578	15	306.31008689727	0.0821	 40.28710834883	0.0934	2067483937879243648	  0.4783 	0.1131	 -3.827	0.179	 -4.858	0.189	0	     1397.40002	      1.90290	17.825100	0.001500	      360.23999	     10.07500 	18.959900	0.030400	     1844.50000	      5.66810	16.597200	0.003300	 2.3627	       	     	       	      	      	      	         	0.75
 0.0520	-0.2477	-0.0998	 1766.613000000	   173.944000000	  471.120000000	1.336	16	306.32205839124	0.0336	 40.26944902217	0.0363	2067483873458753152	  1.5324 	0.0445	  2.077	0.069	 -4.979	0.080	0	     5969.89990	      3.37930	16.248500	0.000600	     2184.19995	     12.55700 	17.003200	0.006200	     5794.29980	     12.29900	15.354400	0.002300	 1.6488	       	     	4201.0 	0.8338	0.4103	  0.73	    0.148	0.00
-0.0578	-0.1627	-0.1568	 2362.763000000	   338.089000000	  906.173000000	1.340	16	306.31334686205	0.0244	 40.26343678511	0.0242	2067483873458754048	  0.6429 	0.0313	 -1.174	0.051	 -7.021	0.049	0	    13357.00000	      5.65320	15.374100	0.000500	     4922.70020	     14.56000 	16.120900	0.003200	    12981.00000	     14.32500	14.478600	0.001200	 1.6423	       	     	4261.9 	      	      	  2.48	    1.827	0.00
 0.0586	-0.2774	-0.0672	 1512.985000000	   200.078000000	  572.973000000	1.372	16	306.32152881831	0.0364	 40.27322676015	0.0395	2067483873458754176	  0.6973 	0.0491	 -1.371	0.076	 -6.312	0.075	0	     5044.39990	      3.33410	16.431300	0.000700	     1824.30005	      9.11790 	17.198700	0.005400	     5096.29980	      8.89450	15.493800	0.001900	 1.7049	       	     	4133.6 	2.0693	1.0763	  1.55	    0.630	0.00
 0.0301	-0.3372	-0.1639	  580.897000000	   122.100000000	  502.468000000	1.473	15	306.32034197827	0.2684	 40.26959033969	0.2844	2067483873458753664	  2.3435 	0.3709	 -2.422	0.580	 -4.863	0.584	0	     4723.79980	      8.13180	16.502600	0.001900	     1462.09998	     11.97400 	17.439000	0.008900	     5494.50000	     10.93500	15.412100	0.002200	 2.0269	       	     	3787.4 	      	      	      	         	0.00
 0.0458	-0.2813	-0.0396	 2169.479000000	   191.782000000	  465.149000000	1.380	16	306.33140959915	0.0258	 40.28777534116	0.0308	2067483907818492928	  0.6122 	0.0355	 -5.786	0.054	 -7.662	0.056	0	     9790.29980	      4.51270	15.711400	0.000500	     3220.89990	     16.79500 	16.581400	0.005700	    10294.00000	     22.13000	14.730500	0.002300	 1.8509	       	     	4116.2 	      	      	  2.49	    1.602	0.00
 0.0736	-0.2967	-0.0209	  906.072000000	    74.159000000	  300.275000000	1.745	16	306.32621233973	0.0804	 40.29166526397	0.0901	2067483976537972224	  0.1570 	0.1104	 -2.770	0.170	 -5.618	0.178	0	     2446.00000	      2.69950	17.217200	0.001200	      426.48999	      5.75090 	18.776600	0.014600	     3842.10010	     12.79500	15.800500	0.003600	 2.9761	       	     	       	      	      	      	         	0.00
 0.0584	-0.2492	-0.1439	 2804.135000000	   391.962000000	  707.007000000	1.311	16	306.31454101094	0.0235	 40.27668178022	0.0248	2067483942178233600	  0.9293 	0.0315	  4.036	0.049	 -8.985	0.050	0	    11494.00000	      4.09890	15.537200	0.000400	     4444.39990	     11.33900 	16.231800	0.002800	    10626.00000	     15.03000	14.696000	0.001500	 1.5358	       	     	4355.5 	      	      	  1.49	    0.718	0.00
 0.0998	-0.2514	-0.0314	 4992.968000000	   716.832000000	 1189.750000000	1.217	14	306.32035054373	0.0148	 40.29031367067	0.0163	2067483976537973248	  1.1781 	0.0208	 -0.922	0.030	-16.992	0.032	0	    54100.00000	     10.83500	13.855400	0.000200	    28778.00000	     40.14500 	14.203800	0.001500	    37035.00000	     31.12800	13.340400	0.000900	 0.8634	       	     	5779.0 	0.4620	0.2300	  1.24	    1.539	0.00
-0.0092	-0.2184	-0.1918	 1847.974000000	   142.871000000	  781.670000000	1.544	16	306.27231998306	0.0447	 40.26136509356	0.0427	2067484010897716608	  0.3223 	0.0573	 -3.087	0.097	 -2.671	0.088	0	    13554.00000	      7.33460	15.358200	0.000600	     2202.89990	     15.41900 	16.993900	0.007600	    18723.00000	     23.95300	14.081000	0.001400	 2.9129	       	     	4570.2 	      	      	      	         	0.00
-0.0114	-0.1943	-0.1444	 1784.098000000	   160.589000000	  584.530000000	1.529	16	306.28959661303	0.0360	 40.27403353501	0.0393	2067484045257454080	  0.3613 	0.0487	 -2.849	0.077	 -4.884	0.083	0	    10865.00000	      6.08980	15.598300	0.000600	     1927.00000	     12.00000 	17.139200	0.006800	    14684.00000	     25.12000	14.344800	0.001900	 2.7943	       	     	3955.0 	2.8835	1.4530	  5.06	    5.645	0.23
 0.0778	-0.2798	-0.0733	 1297.881000000	    84.668000000	  284.354000000	1.410	16	306.29374761794	0.0501	 40.27920408319	0.0572	2067484045257454336	  0.5030 	0.0692	  1.070	0.104	  2.998	0.111	0	     3157.30005	      2.43270	16.940100	0.000800	     1023.90002	     12.09300 	17.825700	0.012800	     3428.30005	     12.05600	15.924200	0.003800	 1.9015	       	     	3867.0 	      	      	  2.11	    0.898	0.00
-0.0529	-0.2022	-0.2026	 1421.465000000	    56.643000000	  325.414000000	1.716	15	306.30404436090	0.0687	 40.28579110892	0.0831	2067484148337144704	  0.3386 	0.0996	 -4.430	0.148	 -5.899	0.167	0	     5148.50000	      3.62200	16.409200	0.000800	      508.35999	      8.97490 	18.586000	0.019200	     8325.59961	     25.58500	14.960900	0.003300	 3.6251	       	     	3899.8 	2.9005	1.4600	      	         	0.00
 0.0283	-0.2408	-0.0135	 1571.287000000	   113.027000000	  612.843000000	1.613	16	306.38844239165	0.0446	 40.26302765437	0.0506	2067484388854811776	  0.3127 	0.0603	 -2.471	0.093	 -5.411	0.100	0	     6033.79980	      3.84000	16.236900	0.000700	     1304.59998	     11.54200 	17.562700	0.009600	     8427.90039	     13.75200	14.947600	0.001800	 2.6151	       	     	3825.5 	      	      	      	         	0.00
-0.0448	-0.2691	-0.0064	 1825.309000000	   135.486000000	  687.893000000	1.448	14	306.39485687779	0.0396	 40.24212882039	0.0471	2067484285776096640	  0.3863 	0.0538	 -2.159	0.080	 -4.530	0.084	0	     5578.60010	      3.05620	16.322100	0.000600	     1872.30005	     13.81900 	17.170400	0.008000	     6205.50000	      9.02100	15.280000	0.001600	 1.8904	       	     	4060.0 	      	      	      	         	0.23
-0.0237	-0.1954	-0.1462	 4147.318000000	   354.669000000	  901.876000000	1.329	16	306.38086225655	0.0155	 40.25988967300	0.0160	2067484388854813184	  0.5236 	0.0197	 -3.123	0.032	 -4.234	0.031	0	    30525.00000	      7.36010	14.476700	0.000300	    11520.00000	     32.48000 	15.197800	0.003100	    29042.00000	     32.20100	13.604400	0.001200	 1.5934	       	     	4346.5 	      	      	  4.33	    6.035	1.00
-0.0001	-0.3128	-0.0853	 2290.594000000	   443.689000000	  708.733000000	1.273	16	306.38395607543	0.0233	 40.25463213798	0.0240	2067484350196824576	  1.1833 	0.0294	-10.969	0.047	-16.937	0.047	0	    12993.00000	      5.67250	15.404100	0.000500	     6210.70020	     13.99800 	15.868500	0.002400	    10333.00000	     14.58000	14.726300	0.001500	 1.1422	       	     	4900.9 	0.3965	0.1830	  0.89	    0.414	0.00
-0.0145	-0.3035	-0.1053	 4455.684000000	   532.488000000	 1007.746000000	1.282	16	306.37026716982	0.0167	 40.24758368362	0.0167	2067484354495074944	  0.7566 	0.0211	  0.295	0.034	 -3.397	0.033	0	    27226.00000	      6.11050	14.600900	0.000200	    11646.00000	     21.87100 	15.186000	0.002000	    23268.00000	     23.08900	13.845000	0.001100	 1.3409	       	     	4826.3 	      	      	  2.10	    2.163	0.00
 0.0302	-0.2282	-0.0723	 2533.277000000	   215.508000000	  312.248000000	1.442	16	306.38444761207	0.0260	 40.27545953681	0.0275	2067484595013245824	  0.5321 	0.0341	 -2.170	0.054	 -3.501	0.055	0	    11406.00000	      4.50260	15.545500	0.000400	     3634.39990	     16.86500 	16.450300	0.005000	    12819.00000	     41.05300	14.492300	0.003500	 1.9580	       	     	3914.0 	      	      	  3.65	    2.810	0.00
 0.0455	-0.2317	-0.0033	 1414.109000000	   134.640000000	  515.036000000	1.721	15	306.37238212819	0.0544	 40.26845715878	0.0665	2067484560653508992	  0.2864 	0.0758	 -2.190	0.113	 -3.999	0.135	0	     5498.60010	      3.88840	16.337700	0.000800	      779.00000	      5.78580 	18.122600	0.008100	     8684.20020	     16.86100	14.915100	0.002100	 3.2075	       	     	3984.1 	2.9140	1.4660	      	         	0.03
 0.0325	-0.2632	-0.0876	 5329.843000000	   691.205000000	 1250.347000000	1.261	16	306.36041922271	0.0136	 40.28787719914	0.0146	2067484663732731776	  0.9789 	0.0183	 -1.454	0.028	 -9.069	0.029	0	    47405.00000	      8.89420	13.998800	0.000200	    21517.00000	     31.13000 	14.519400	0.001600	    38265.00000	     30.60400	13.304900	0.000900	 1.2145	       	     	4857.1 	      	      	  2.11	    2.232	0.00
 0.0809	-0.2938	-0.1556	 2338.577000000	   712.713000000	  802.965000000	1.188	16	306.34806304171	0.0625	 40.29089720612	0.0620	2067485385287239936	  1.7075 	0.0801	  1.576	0.131	 -8.967	0.120	0	   630510.00000	    269.60999	11.189100	0.000500	   364960.00000	    512.08002 	11.445800	0.001500	   384000.00000	    478.23001	10.801100	0.001400	 0.6447	 -22.21	 1.26	6360.0 	1.5110	0.7530	  2.38	    8.375	0.00
 0.0701	-0.2695	-0.0217	 1199.289000000	    96.696000000	  319.981000000	1.434	16	306.34540680229	0.0500	 40.28335938037	0.0570	2067485385287239168	  0.6442 	0.0677	  0.010	0.105	 -2.228	0.110	0	     3279.30005	      2.73440	16.898900	0.000900	     1219.40002	     12.61100 	17.636000	0.011200	     3483.80005	     10.88700	15.906800	0.003400	 1.7292	       	     	4141.6 	      	      	  1.34	    0.477	0.00
 0.0338	-0.2611	-0.1669	 6704.920000000	   945.072000000	 1370.961000000	1.211	16	306.34294474919	0.0195	 40.29080304497	0.0220	2067485385287240832	  1.4659 	0.0272	  3.656	0.040	  0.386	0.044	0	   143510.00000	     21.40300	12.796200	0.000200	    76546.00000	     80.99500 	13.141600	0.001100	    97177.00000	     70.88200	12.293000	0.000800	 0.8486	 -66.85	 3.08	5760.5 	0.9070	0.4963	  1.63	    2.640	0.00
