pmRApmDEcor	PlxpmRAcor	PlxpmDEcor	RFG	RFBP	RFRP	E(BR/RP)	Nper	[Fe/H]temp	RAdeg	e_RAdeg	DEdeg	e_DEdeg	Source	Plx	e_Plx	pmRA	e_pmRA	pmDE	e_pmDE	Dup	FG	e_FG	Gmag	e_Gmag	FBP	e_FBP	BPmag	e_BPmag	FRP	e_FRP	RPmag	e_RPmag	BP-RP	RV	e_RV	Teff	AG	E(BR-RP)	Rad	Lum	Pmemb	Cluster
---	---	---	---	---	---	---	---	---	deg	mas	deg	mas	---	mas	mas	mas/yr	mas/yr	mas/yr	mas/yr	---	e-/s	e-/s	mag	mag	e-/s	e-/s	mag	mag	e-/s	e-/s	mag	mag	mag	km/s	km/s	K	mag	mag	solRad	solLum	---	---
-------	-------	-------	---------	---------	---------	-----	--	----	---------------	------	---------------	------	-------------------	---------	------	-------	-----	-------	-----	-	------------	-------------	-------	------	-------------	---------------	-------	------	-------------	--------------	-------	------	-------	-------	-----	-------	------	------	------	---------	-------	--------------------
 0.0065	 0.319 	-0.0859	 1004.457	   29.512	  152.08 	1.585	16	 ---	131.47646210857	0.0795	-49.64435050065	0.0762	5328090622157311744	  6.9705 	0.0937	-24.89 	0.168	 22.207	0.145	0	     2339.0 	      2.3287 	17.2658	0.0011	      257.46 	       8.724   	19.3246	0.0368	      3450.3 	     22.687   	15.9173	0.0071	 3.4073	   --- 	 --- 	   --- 	---   	---   	  --- 	    ---  	  0.7  	IC_2391
-0.0969	 0.1063	 0.1976	 1082.748	   45.437	  319.968	1.576	14	 ---	127.72734605974	0.0651	-50.59371203424	0.0783	5322769913589393280	  6.5075 	0.0836	-23.049	0.141	 22.703	0.165	0	     3888.3 	      3.5911 	16.714 	0.001 	      534.41 	      11.761   	18.5317	0.0239	      5592.5 	     17.478   	15.3929	0.0034	 3.1388	   --- 	 --- 	4063.99	1.38  	0.7963	  --- 	    ---  	  1.0  	IC_2391
-0.031 	 0.2748	-0.1543	 3736.005	 1052.305	 1197.709	1.177	15	 ---	129.10297070067	0.0246	-50.25541405658	0.0279	5322839182824535808	  6.5293 	0.031 	-23.548	0.051	 22.482	0.06 	0	  3431400.0 	    918.47   	 9.3497	0.0003	  2022300.0  	    1921.8     	 9.5868	0.001 	   2014800.0 	   1682.2     	 9.0013	0.0009	 0.5854	   --- 	 --- 	6437.13	0.1555	0.0812	  1.42	    3.115	  1.0  	IC_2391
-0.1031	 0.0066	 0.1767	 1006.597	   51.289	  311.746	1.54 	14	 ---	133.62231860388	0.0532	-52.10434919733	0.0645	5324423991395670912	  6.738  	0.0662	-26.215	0.123	 22.539	0.14 	0	     6567.7 	      6.5247 	16.1448	0.0011	     1016.0  	      19.808   	17.8342	0.0212	      9100.5 	     29.192   	14.8643	0.0035	 2.97  	   --- 	 --- 	4544.2 	---   	---   	  --- 	    ---  	  1.0  	IC_2391
 0.039 	 0.2324	-0.0454	 1387.905	   75.62 	  445.303	1.501	15	 ---	132.78934539   	0.0494	-52.3086391808 	0.0483	5324452681777685632	  6.3499 	0.055 	-24.377	0.1  	 21.972	0.088	0	     6266.1 	      4.5148 	16.1959	0.0008	     1086.3  	      14.366   	17.7615	0.0144	      8318.8 	     18.681   	14.9618	0.0024	 2.7997	   --- 	 --- 	3895.13	0.7295	0.4123	  --- 	    ---  	  1.0  	IC_2391
-0.144 	-0.2006	-0.1569	 1766.514	  346.912	  386.077	1.363	14	 ---	124.00307131906	0.1105	-51.83760792929	0.1224	5320964103175704448	  6.3352 	0.1294	-24.949	0.305	 23.963	0.293	0	    49630.0 	     28.095  	13.949 	0.0006	    14134.0  	      40.741   	14.9758	0.0031	     53494.0 	    138.56    	12.9412	0.0028	 2.0346	   --- 	 --- 	4065.0 	1.524 	0.773 	  0.56	    0.078	  0.9  	IC_2391
 0.039 	 0.2638	-0.1239	  830.032	  226.604	  360.5  	1.251	16	 ---	128.93948781978	0.0195	-53.25662514438	0.0232	5321154967220812032	  6.5437 	0.024 	-24.649	0.043	 23.58 	0.044	0	   256070.0 	    308.51   	12.1675	0.0013	   106150.0  	     468.43    	12.7866	0.0048	    214260.0 	    594.34    	11.4346	0.003 	 1.3521	   --- 	 --- 	4680.96	0.6847	0.328 	  0.81	    0.284	  1.0  	IC_2391
-0.0627	 0.2015	-0.0143	  845.326	  192.516	  231.584	1.343	14	 ---	128.69313323174	0.0167	-53.46232219246	0.0193	5321145900554309760	  6.4972 	0.0181	-23.94 	0.033	 23.738	0.035	0	    62628.0 	     74.087  	13.6964	0.0013	    19033.0  	      98.867   	14.6526	0.0056	     65056.0 	    280.92    	12.7287	0.0047	 1.9239	   --- 	 --- 	3797.0 	---   	---   	  0.77	    0.112	  1.0  	IC_2391
-0.01  	 0.1435	-0.028 	  572.587	   80.865	  162.454	1.546	16	 ---	128.67749587131	0.0539	-53.28395195174	0.0636	5321150951435896064	  6.7111 	0.0635	-23.815	0.123	 24.172	0.147	0	     7364.5 	     12.862  	16.0205	0.0019	     1112.4  	      13.756   	17.7358	0.0134	     10272.0 	     63.23    	14.7328	0.0067	 3.003 	   --- 	 --- 	4305.7 	---   	---   	  --- 	    ---  	  1.0  	IC_2391
 0.0147	 0.3085	 0.1267	  449.213	   13.79 	  139.057	1.681	16	 ---	128.03357665219	0.111 	-53.18479369375	0.1224	5321120813646018688	  6.8519 	0.1283	-23.726	0.234	 24.256	0.237	0	     1260.1 	      2.8052 	17.9373	0.0024	      183.58 	      13.312   	19.6918	0.0787	      1935.3 	     13.917   	16.5451	0.0078	 3.1468	   --- 	 --- 	   --- 	---   	---   	  --- 	    ---  	  0.9  	IC_2391
-0.121 	-0.1047	 0.0474	 1282.053	   93.291	  456.628	1.492	15	 ---	127.41268139667	0.0406	-53.09448121883	0.0444	5321134149526405120	  6.6335 	0.0462	-23.46 	0.1  	 24.337	0.095	0	    10934.0 	      8.5286 	15.5914	0.0008	     1946.8  	      20.869   	17.1281	0.0116	     14366.0 	     31.462   	14.3686	0.0024	 2.7595	   --- 	 --- 	4125.91	---   	---   	  --- 	    ---  	  1.0  	IC_2391
-0.0317	 0.2643	-0.1506	  961.11 	  228.014	  326.127	1.343	17	 ---	129.25924807339	0.0127	-52.78305074728	0.0134	5321193729310746240	  6.5529 	0.0147	-23.256	0.027	 23.695	0.026	0	    66662.0 	     69.359  	13.6287	0.0011	    20290.0  	      88.985   	14.5832	0.0048	     69222.0 	    212.26    	12.6613	0.0033	 1.9219	   --- 	 --- 	3797.0 	1.4123	0.675 	  0.79	    0.117	  1.0  	IC_2391
 0.0074	 0.1876	-0.0261	  398.66 	  107.419	  153.016	1.285	17	 0.0	129.3524789885 	0.0216	-52.90293982763	0.0237	5321188953307253760	  6.5438 	0.025 	-23.945	0.05 	 22.514	0.045	0	   131710.0 	    330.37   	12.8894	0.0027	    48890.0  	     455.13    	13.6283	0.0101	    120290.0 	    786.14    	12.0613	0.0071	 1.567 	  15.5 	 4.71	4259.57	0.7245	0.3525	  0.77	    0.174	  1.0  	IC_2391
-0.0832	 0.1177	 0.0803	 1099.858	  135.409	  473.656	1.504	16	 ---	129.22310532809	0.047 	-52.84200923917	0.0552	5321192457993772672	  6.3145 	0.0566	-24.025	0.106	 22.887	0.112	0	     7877.8 	      7.1626 	15.9473	0.001 	     1377.0  	      10.169   	17.5041	0.008 	     10473.0 	     22.112   	14.7117	0.0023	 2.7924	   --- 	 --- 	3991.59	---   	---   	  --- 	    ---  	  1.0  	IC_2391
 0.1501	 0.1651	-0.0117	  723.507	   80.216	  272.894	1.507	14	 ---	128.77954912956	0.0436	-53.07352843669	0.0551	5321172323192731008	  6.525  	0.0516	-23.438	0.1  	 23.922	0.111	0	    11139.0 	     15.396  	15.5713	0.0015	     1911.3  	      23.827   	17.148 	0.0135	     14876.0 	     54.512   	14.3307	0.004 	 2.8173	   --- 	 --- 	3848.88	---   	---   	  --- 	    ---  	  1.0  	IC_2391
-0.2649	 0.112 	 0.1045	   72.14 	   10.124	   42.326	1.672	15	 ---	129.32556166582	0.1146	-52.93236456418	0.1277	5321188059954151168	  6.5012 	0.1258	-24.49 	0.279	 22.993	0.315	0	     1405.0 	     19.476  	17.8192	0.0151	      298.99 	      29.532   	19.1622	0.1072	      2050.5 	     48.447   	16.4822	0.0257	 2.68  	   --- 	 --- 	   --- 	---   	---   	  --- 	    ---  	  1.0  	IC_2391
 0.022 	 0.3042	 0.0119	  599.115	  103.464	  255.785	1.477	17	 ---	128.39901473706	0.0355	-53.1638084753 	0.0395	5321167959506065280	  6.3018 	0.042 	-23.303	0.081	 23.666	0.075	0	    13145.0 	     21.941  	15.3914	0.0018	     2482.7  	      23.995   	16.8641	0.0105	     16935.0 	     66.207   	14.19  	0.0042	 2.6741	   --- 	 --- 	3334.33	---   	---   	  0.57	    0.036	  1.0  	IC_2391
 0.0224	-0.1644	-0.0115	  859.541	   63.612	  426.385	1.586	16	 ---	129.08697111058	0.0834	-52.66988179111	0.096 	5321209809668118912	  6.3545 	0.1015	-23.866	0.221	 23.572	0.188	0	     4899.2 	      5.6998 	16.463 	0.0013	      629.48 	       9.8956  	18.3539	0.0171	      7140.2 	     16.746   	15.1276	0.0025	 3.2263	   --- 	 --- 	4062.62	---   	---   	  --- 	    ---  	  1.0  	IC_2391
-0.0471	 0.2654	 0.0202	  876.476	  291.387	  311.212	1.232	15	 0.0	128.55421118573	0.0192	-52.97213606289	0.0237	5321176205843037440	  6.699  	0.0227	-24.411	0.041	 24.29 	0.045	0	   342770.0 	    391.07   	11.8509	0.0012	   155550.0  	     533.82    	12.3717	0.0037	    266770.0 	    857.2     	11.1966	0.0035	 1.1752	  15.12	 1.26	4937.57	0.163 	0.094 	  0.79	    0.338	  1.0  	IC_2391
-0.269 	 0.0215	 0.1806	  955.707	   37.177	  260.166	1.586	14	 ---	129.00919244645	0.0711	-52.62100747828	0.0932	5321210870519453440	  6.4274 	0.0887	-24.179	0.173	 24.373	0.212	0	     2583.3 	      2.703  	17.1579	0.0011	      318.24 	       8.5602  	19.0945	0.0292	      3778.2 	     14.522   	15.8187	0.0042	 3.2758	   --- 	 --- 	   --- 	---   	---   	  --- 	    ---  	  1.0  	IC_2391
-0.3215	-0.0845	 0.3186	 1167.207	   51.065	  306.314	1.523	15	 ---	129.23349834484	0.0417	-52.52256147805	0.055 	5321212730245914752	  6.3887 	0.0529	-23.565	0.102	 22.758	0.126	0	     6937.0 	      5.9433 	16.0854	0.0009	     1195.7  	      23.415   	17.6574	0.0213	      9367.5 	     30.582   	14.8329	0.0035	 2.8245	   --- 	 --- 	3701.43	1.032 	0.5525	  --- 	    ---  	  1.0  	IC_2391
-0.1188	 0.152 	 0.0299	  653.508	   39.614	  207.832	1.583	16	 ---	128.57547176295	0.0561	-52.6457631025 	0.0756	5321254030652860544	  6.4688 	0.0665	-23.205	0.131	 23.158	0.158	0	     3840.9 	      5.8774 	16.7273	0.0017	      566.03 	      14.289   	18.4693	0.0274	      5512.5 	     26.524   	15.4085	0.0052	 3.0608	   --- 	 --- 	4022.39	0.948 	0.54  	  --- 	    ---  	  1.0  	IC_2391
-0.1552	 0.0807	 0.0197	  805.409	   44.561	  300.154	1.569	15	 ---	128.86642637077	0.0614	-52.6754489911 	0.0722	5321251591111558400	  6.6112 	0.0745	-23.131	0.148	 22.713	0.148	0	     4410.1 	      5.4756 	16.5772	0.0013	      622.64 	      13.973   	18.3658	0.0244	      6295.1 	     20.973   	15.2644	0.0036	 3.1014	   --- 	 --- 	4437.26	---   	---   	  --- 	    ---  	  1.0  	IC_2391
-0.134 	 0.1332	 0.0294	 1091.82 	  131.313	  411.147	1.501	15	 ---	128.36681043488	0.0977	-52.4986370825 	0.1116	5321248017697959808	  6.6273 	0.1128	-23.747	0.209	 23.88 	0.211	0	    21962.0 	     20.115  	14.8342	0.001 	     3893.6  	      29.651   	16.3755	0.0083	     29076.0 	     70.72    	13.6031	0.0026	 2.7724	   --- 	 --- 	4049.05	---   	---   	  --- 	    ---  	  1.0  	IC_2391
 0.0101	-0.0855	-0.0769	  970.657	   49.472	  373.991	1.531	14	 ---	128.93069946002	0.0534	-52.33787667396	0.065 	5321265816043488512	  6.6372 	0.0654	-24.389	0.129	 23.201	0.135	0	     6125.7 	      6.3109 	16.2205	0.0011	     1004.5  	      20.304   	17.8465	0.0219	      8372.8 	     22.388   	14.9547	0.0029	 2.8918	   --- 	 --- 	4120.11	1.189 	0.659 	  --- 	    ---  	  1.0  	IC_2391
-0.1102	 0.0073	 0.1555	 1206.606	   85.561	  213.323	1.565	16	 ---	128.61321658224	0.0625	-52.21332105269	0.0695	5321281449724262400	  6.6752 	0.0749	-24.146	0.151	 24.173	0.144	0	     4163.8 	      3.4509 	16.6396	0.0009	      555.77 	       6.4956  	18.4892	0.0127	      5961.5 	     27.946   	15.3235	0.0051	 3.1656	   --- 	 --- 	3933.15	1.5955	0.892 	  --- 	    ---  	  1.0  	IC_2391
 0.0173	 0.3175	-0.0288	  488.964	  153.921	  217.525	1.232	17	 0.0	128.75479579544	0.0199	-52.23362557616	0.0217	5321280728169745536	  6.8265 	0.0233	-24.522	0.044	 24.358	0.044	0	   326640.0 	    668.03   	11.9032	0.0022	   144850.0  	     941.07    	12.4491	0.0071	    257500.0 	   1183.8     	11.235 	0.005 	 1.2141	  17.26	 2.55	4752.82	0.323 	0.142 	  0.84	    0.326	  1.0  	IC_2391
-0.451 	-0.3377	 0.4252	  734.791	   16.464	  330.447	1.602	13	 ---	128.5144702847 	0.0812	-52.41943690825	0.0965	5321271932076900736	  6.7699 	0.094 	-24.134	0.203	 23.991	0.232	0	     2944.9 	      4.0078 	17.0157	0.0015	      423.0  	      25.692   	18.7855	0.0659	      4295.9 	     13.0     	15.6793	0.0033	 3.1063	   --- 	 --- 	4218.42	0.631 	0.3693	  --- 	    ---  	  1.0  	IC_2391
-0.1075	 0.0097	-0.034 	 1079.727	   57.946	  379.493	1.53 	14	 ---	128.84056368404	0.0659	-52.32795471119	0.0808	5321276295763603072	  6.5586 	0.0795	-23.783	0.15 	 23.578	0.19 	0	     4419.6 	      4.0932 	16.5749	0.001 	      655.87 	      11.319   	18.3093	0.0187	      6107.5 	     16.094   	15.2973	0.0029	 3.0121	   --- 	 --- 	4283.49	1.038 	0.564 	  --- 	    ---  	  1.0  	IC_2391
 0.0274	 0.3489	-0.0068	  731.287	  172.656	  276.22 	1.233	17	 0.0	128.57545852379	0.0203	-52.26594145695	0.0231	5321275295028390912	  6.4401 	0.0246	-23.474	0.045	 23.069	0.042	0	   294870.0 	    403.22   	12.0143	0.0015	   132740.0  	     768.81    	12.5439	0.0063	    230870.0 	    835.82    	11.3535	0.0039	 1.1904	  14.9 	 0.59	4947.0 	0.323 	0.1437	  0.76	    0.314	  1.0  	IC_2391
-0.0161	 0.2499	-0.0607	  785.888	  110.945	  243.198	1.509	17	 ---	129.50491793827	0.0439	-52.53374835943	0.0426	5321572442349020160	  6.7282 	0.0482	-24.78 	0.096	 23.777	0.082	0	     9876.3 	     12.567  	15.7019	0.0014	     1677.2  	      15.117   	17.2899	0.0098	     13229.0 	     54.396   	14.4581	0.0045	 2.8318	   --- 	 --- 	3881.1 	---   	---   	  --- 	    ---  	  1.0  	IC_2391
-0.0873	-0.0531	 0.0471	 1072.994	   60.645	  491.997	1.538	16	 ---	129.86578454491	0.0498	-52.5495259864 	0.0548	5321575122408647552	  6.5435 	0.0586	-24.066	0.126	 22.422	0.114	0	     4383.3 	      4.0851 	16.5839	0.001 	      671.56 	      11.074   	18.2837	0.0179	      6069.9 	     12.337   	15.304 	0.0022	 2.9797	   --- 	 --- 	4462.17	0.9395	0.5173	  --- 	    ---  	  1.0  	IC_2391
-0.2332	 0.0635	 0.1935	  470.691	   36.542	  188.806	1.618	13	 ---	129.67591929052	0.0693	-52.51022045482	0.0793	5321573370061907072	  6.7201 	0.0849	-25.048	0.152	 23.855	0.18 	0	     2342.9 	      4.9777 	17.264 	0.0023	      272.86 	       7.4672  	19.2615	0.0297	      3518.7 	     18.636   	15.896 	0.0058	 3.3655	   --- 	 --- 	   --- 	---   	---   	  --- 	    ---  	  1.0  	IC_2391
-0.1258	 0.1391	 0.1578	  855.137	   53.89 	  311.596	1.522	14	 ---	129.94368008543	0.0511	-52.32111533944	0.0632	5321581959996214016	  6.6503 	0.0647	-24.22 	0.116	 23.521	0.134	0	     5637.1 	      6.5921 	16.3107	0.0013	      915.43 	      16.987   	17.9473	0.0201	      7662.8 	     24.592   	15.051 	0.0035	 2.8964	   --- 	 --- 	4197.0 	0.871 	0.5027	  --- 	    ---  	  1.0  	IC_2391
-0.0649	 0.153 	-0.1806	  407.819	  124.815	  156.106	1.188	16	 0.0	127.18997868246	0.0208	-52.09066822127	0.0207	5321517672922567040	  6.4187 	0.0224	-23.034	0.045	 23.049	0.041	0	  1417400.0 	   3475.6    	10.3096	0.0027	   773650.0  	    6198.4     	10.63  	0.0087	    909950.0 	   5829.1     	 9.8644	0.007 	 0.7657	  12.65	 1.79	5865.47	0.091 	0.044 	  1.13	    1.352	  1.0  	IC_2391
 0.1016	 0.1023	-0.0609	 2299.207	  651.728	  629.303	1.156	16	 ---	129.81870196859	0.037 	-52.31373632072	0.0435	5321582715910437376	  6.6728 	0.0444	-23.845	0.087	 22.427	0.093	1	  8003300.0 	   3480.9    	 8.4302	0.0005	  5259400.0  	    8070.0     	 8.549 	0.0017	   3990400.0 	   6341.0     	 8.2594	0.0017	 0.2897	   --- 	 --- 	7836.25	0.0875	0.0425	  1.46	    7.256	  1.0  	IC_2391
-0.2009	 0.094 	 0.1029	  711.908	   26.973	  195.605	1.667	14	 ---	130.52614946868	0.0895	-52.00165074426	0.1201	5321613124279975296	  6.7316 	0.1158	-25.826	0.201	 23.136	0.29 	0	     1601.0 	      2.2488 	17.6774	0.0015	      225.67 	       8.3667  	19.4677	0.0403	      2443.7 	     12.493   	16.2918	0.0056	 3.1759	   --- 	 --- 	   --- 	---   	---   	  --- 	    ---  	  1.0  	IC_2391
-0.1072	 0.0199	 0.1262	 1103.404	  111.468	  241.929	1.51 	16	 ---	129.92067682788	0.0437	-52.1952729496 	0.0478	5321618724917007104	  6.4896 	0.0525	-24.889	0.099	 23.803	0.093	0	    12573.0 	     11.395  	15.4398	0.001 	     2344.4  	      21.032   	16.9263	0.0097	     16643.0 	     68.791   	14.2089	0.0045	 2.7174	   --- 	 --- 	3686.93	---   	---   	  --- 	    ---  	  1.0  	IC_2391
 0.0078	 0.1572	 0.0551	 1109.111	   64.805	  469.655	1.55 	14	 ---	130.07521429638	0.0862	-51.80296336065	0.111 	5321633637043888896	  6.6995 	0.1002	-24.335	0.185	 22.055	0.207	0	     8830.7 	      7.962  	15.8234	0.001 	     1332.0  	      20.554   	17.5401	0.0168	     12355.0 	     26.307   	14.5323	0.0023	 3.0078	   --- 	 --- 	4305.7 	---   	---   	  --- 	    ---  	  1.0  	IC_2391
-0.0762	 0.0735	-0.03  	 1136.91 	  293.305	  448.744	1.269	15	 0.0	129.65021919175	0.026 	-52.11067387383	0.0228	5321600445535344000	  6.6277 	0.0253	-24.972	0.053	 23.59 	0.042	0	   181140.0 	    159.33   	12.5433	0.001 	    71428.0  	     243.53    	13.2167	0.0037	    158450.0 	    353.1     	11.7622	0.0024	 1.4545	  11.74	 6.47	4472.75	0.711 	0.342 	  0.77	    0.211	  1.0  	IC_2391
-0.0422	 0.0657	-0.0321	 1143.048	   43.376	  399.736	1.569	16	 ---	129.31672097707	0.0636	-52.36091384924	0.0672	5321589862736049920	  6.5765 	0.0747	-24.334	0.147	 23.266	0.135	0	     3330.3 	      2.9135 	16.8822	0.0009	      449.61 	      10.365   	18.7193	0.025 	      4776.6 	     11.949   	15.5641	0.0027	 3.1552	   --- 	 --- 	3950.47	1.072 	0.6207	  --- 	    ---  	  1.0  	IC_2391
-0.0241	 0.2182	-0.1807	 1294.773	  109.799	  464.657	1.5  	15	 ---	129.33692771336	0.0491	-51.86770239921	0.0513	5321665965252347136	  6.6567 	0.0587	-24.24 	0.116	 23.997	0.093	0	    10059.0 	      7.7693 	15.6819	0.0008	     1735.6  	      15.807   	17.2528	0.0099	     13356.0 	     28.744   	14.4477	0.0023	 2.805 	   --- 	 --- 	3921.1 	---   	---   	  --- 	    ---  	  1.0  	IC_2391
-0.1418	 0.0038	 0.1308	  703.898	   19.196	  208.084	1.605	14	 ---	130.54784234332	0.0766	-51.92044690436	0.0949	5321708163317209472	  6.6208 	0.0984	-24.455	0.176	 24.619	0.192	0	     2448.9 	      3.479  	17.216 	0.0015	      317.87 	      16.559   	19.0958	0.0566	      3611.7 	     17.357   	15.8676	0.0052	 3.2281	   --- 	 --- 	   --- 	---   	---   	  --- 	    ---  	  1.0  	IC_2391
-0.0222	 0.2106	 0.0399	  615.967	  192.194	  270.687	1.21 	11	 0.0	130.91000746449	0.03  	-51.50793743795	0.0442	5321723109802924416	  6.543  	0.0467	-25.614	0.058	 23.414	0.058	0	   479460.0 	    778.39   	11.4865	0.0018	   234090.0  	    1218.0     	11.9279	0.0056	    345840.0 	   1277.6     	10.9147	0.004 	 1.0132	  16.05	 1.57	5100.0 	0.074 	0.0463	  0.89	    0.479	  1.0  	IC_2391
 0.0627	 0.18  	-0.0276	 1385.069	  534.948	  543.203	1.182	15	 ---	129.98080755883	0.0222	-51.36552929668	0.0276	5321795845062877312	  6.5401 	0.0256	-24.615	0.046	 22.365	0.052	0	  1754700.0 	   1266.9    	10.0778	0.0008	   977900.0  	    1828.0     	10.3757	0.002 	   1096400.0 	   2018.4     	 9.662 	0.002 	 0.7137	   --- 	 --- 	6103.4 	0.052 	0.0287	  1.13	    1.597	  1.0  	IC_2391
-0.0952	-0.0341	 0.1011	  591.934	   16.914	  166.915	1.659	15	 ---	130.9207326609 	0.08  	-51.1822499708 	0.0938	5321766471793523840	  6.5909 	0.1006	-25.681	0.176	 22.356	0.184	0	     1839.8 	      3.1082 	17.5264	0.0018	      246.86 	      14.595   	19.3703	0.0642	      2804.7 	     16.803   	16.1422	0.0065	 3.2281	   --- 	 --- 	   --- 	---   	---   	  --- 	    ---  	  1.0  	IC_2391
 0.1634	 0.2394	-0.0702	  977.927	  100.219	  375.827	1.504	14	 ---	134.12474752789	0.0474	-52.71259498477	0.0499	5323642616594496000	  6.6018 	0.055 	-26.095	0.097	 21.963	0.097	0	    11320.0 	     11.576  	15.5537	0.0011	     2155.4  	      21.507   	17.0176	0.0108	     14875.0 	     39.58    	14.3308	0.0029	 2.6868	   --- 	 --- 	3731.87	---   	---   	  --- 	    ---  	  1.0  	IC_2391
-0.0937	 0.0364	 0.2478	  715.951	   43.808	  287.216	1.553	14	 ---	129.65222766147	0.065 	-50.19758721134	0.0682	5322112646157544576	  6.638  	0.0756	-23.939	0.146	 22.279	0.161	0	     3700.4 	      5.1684 	16.7678	0.0015	      490.06 	      11.187   	18.6258	0.0248	      5255.6 	     18.299   	15.4604	0.0038	 3.1654	   --- 	 --- 	3669.45	1.298 	0.742 	  --- 	    ---  	  1.0  	IC_2391
 0.069 	 0.302 	-0.1731	  777.053	  177.507	  231.626	1.344	15	 ---	129.97028986373	0.0157	-49.96227955877	0.0157	5322121820207826048	  6.6166 	0.0185	-24.544	0.032	 21.933	0.028	0	    66659.0 	     85.784  	13.6287	0.0014	    20182.0  	     113.7     	14.589 	0.0061	     69379.0 	    299.53    	12.6589	0.0047	 1.9301	   --- 	 --- 	3862.0 	1.401 	0.679 	  0.74	    0.11 	  1.0  	IC_2391
-0.1343	-0.179 	 0.1526	  808.665	    9.531	   94.037	1.685	15	 ---	130.28508258104	0.098 	-55.74350010143	0.1141	5316888728975186304	  6.3296 	0.1167	-25.366	0.261	 24.926	0.258	0	     1474.8 	      1.8238 	17.7665	0.0013	      234.26 	      24.578   	19.4271	0.1139	      2251.5 	     23.942   	16.3808	0.0115	 3.0464	   --- 	 --- 	   --- 	---   	---   	  --- 	    ---  	  0.6  	IC_2391
 0.0794	 0.1671	-0.098 	 1759.34 	  124.679	  834.181	1.518	17	 ---	131.67741936385	0.0589	-55.1368244684 	0.0586	5316965243808427392	  6.8474 	0.0636	-26.376	0.13 	 23.654	0.125	0	    17341.0 	      9.8567 	15.0907	0.0006	     2792.0  	      22.394   	16.7366	0.0087	     23524.0 	     28.2     	13.8331	0.0013	 2.9035	   --- 	 --- 	4141.18	---   	---   	  --- 	    ---  	  1.0  	IC_2391
-0.1514	 0.0908	 0.2593	  759.389	  116.962	  291.938	1.496	16	 ---	131.39638876913	0.0514	-54.98827552723	0.0622	5316982664196394752	  6.8925 	0.0592	-26.144	0.113	 24.589	0.128	0	     8014.9 	     10.554  	15.9286	0.0014	     1309.9  	      11.199   	17.5583	0.0093	     10684.0 	     36.597   	14.6901	0.0037	 2.8682	   --- 	 --- 	3782.9 	---   	---   	  --- 	    ---  	  0.8  	IC_2391
 0.0014	 0.1832	-0.0465	  860.699	   48.623	  479.089	1.541	16	 ---	131.41005766727	0.0606	-54.89232837204	0.0753	5317035990506096896	  6.447  	0.0687	-24.173	0.133	 22.993	0.148	0	     4582.8 	      5.3246 	16.5355	0.0013	      733.39 	      15.083   	18.188 	0.0223	      6329.2 	     13.211   	15.2585	0.0023	 2.9295	   --- 	 --- 	4653.67	0.9265	0.5213	  --- 	    ---  	  1.0  	IC_2391
-0.1406	-0.0581	 0.3358	  738.965	  107.328	  230.012	1.779	15	 ---	133.03763439053	0.0727	-55.24030277083	0.0873	5317095677681933184	  6.3955 	0.0886	-26.496	0.168	 22.954	0.192	0	     7224.3 	      9.7762 	16.0414	0.0015	     1257.3  	      11.714   	17.6028	0.0101	     11597.0 	     50.418   	14.6011	0.0047	 3.0017	   --- 	 --- 	4201.06	---   	---   	  --- 	    ---  	  0.9  	IC_2391
 0.1114	 0.1552	-0.1124	  925.729	  169.023	  255.045	1.494	17	 ---	133.68746690595	0.0496	-55.21317470473	0.0546	5317101862436296192	  6.7698 	0.0579	-26.474	0.112	 22.982	0.103	0	    27527.0 	     29.735  	14.589 	0.0012	     4976.3  	      29.441   	16.1091	0.0064	     36136.0 	    141.68    	13.3671	0.0043	 2.7421	   --- 	 --- 	4442.34	---   	---   	  --- 	    ---  	  1.0  	IC_2391
-0.1544	 0.056 	 0.1106	  806.508	  130.966	  376.241	1.508	15	 ---	131.80106709492	0.0498	-50.85871599576	0.0553	5327770801710333568	  6.7745 	0.0618	-26.104	0.101	 22.281	0.105	0	     5974.9 	      7.4083 	16.2475	0.0013	      975.44 	       7.4481  	17.8784	0.0083	      8035.4 	     21.357   	14.9994	0.0029	 2.879 	   --- 	 --- 	3847.49	0.866 	0.489 	  --- 	    ---  	  1.0  	IC_2391
-0.0718	 0.182 	 0.1175	  877.041	  111.073	  272.576	1.501	16	 ---	131.98202568214	0.0487	-54.75610608448	0.0516	5317364680071917184	  6.9165 	0.0583	-26.413	0.111	 24.364	0.1  	0	     8906.1 	     10.155  	15.8142	0.0012	     1506.0  	      13.559   	17.4068	0.0098	     11863.0 	     43.52    	14.5765	0.004 	 2.8303	   --- 	 --- 	4037.21	---   	---   	  --- 	    ---  	  0.7  	IC_2391
-0.0988	 0.147 	 0.0776	  680.107	   44.399	  232.763	1.58 	14	 ---	132.69967080373	0.0943	-54.47447879107	0.1107	5317386116241006976	  6.2866 	0.1134	-25.002	0.217	 22.718	0.23 	0	     2146.9 	      3.1567 	17.3589	0.0016	      252.72 	       5.6921  	19.3448	0.0245	      3139.6 	     13.489   	16.0197	0.0047	 3.3251	   --- 	 --- 	   --- 	---   	---   	  --- 	    ---  	  1.0  	IC_2391
 0.079 	 0.2179	-0.1725	 1157.452	  128.558	  563.721	1.55 	16	 ---	132.05028220645	0.0657	-54.32624560827	0.0694	5317426493243673088	  6.3186 	0.0775	-24.8  	0.145	 22.993	0.13 	0	     8086.7 	      6.9866 	15.9189	0.0009	     1092.4  	       8.4971  	17.7555	0.0084	     11443.0 	     20.298   	14.6156	0.0019	 3.1399	   --- 	 --- 	3703.04	---   	---   	  --- 	    ---  	  1.0  	IC_2391
 0.066 	 0.0052	-0.0357	  459.071	  134.033	  181.425	1.238	17	 0.0	131.89258258372	0.0201	-54.48348144433	0.0206	5317423293481147264	  6.5458 	0.0222	-25.277	0.045	 23.664	0.038	0	   315840.0 	    688.0    	11.9397	0.0024	   141350.0  	    1054.6     	12.4756	0.0081	    249530.0 	   1375.4     	11.2691	0.006 	 1.2065	  12.86	 2.16	4972.85	0.314 	0.1547	  0.77	    0.323	  1.0  	IC_2391
 0.0427	 0.1766	-0.1715	 1083.649	  135.215	  603.663	1.504	15	 ---	132.33602927631	0.0477	-54.19768811149	0.0542	5317451747652324352	  6.4687 	0.0567	-25.504	0.1  	 22.782	0.097	0	     9078.9 	      8.378  	15.7933	0.001 	     1571.5  	      11.622   	17.3606	0.008 	     12081.0 	     20.013   	14.5566	0.0018	 2.804 	   --- 	 --- 	3921.1 	1.5835	0.8307	  --- 	    ---  	  1.0  	IC_2391
 0.1257	 0.209 	-0.0964	 1138.826	  113.307	  455.624	1.535	17	 ---	133.34991675362	0.048 	-53.73490981175	0.0473	5317514110577328384	  6.425  	0.0521	-25.849	0.113	 21.904	0.094	0	    10924.0 	      9.5924 	15.5924	0.001 	     1598.9  	      14.112   	17.3418	0.0096	     15172.0 	     33.299   	14.3093	0.0024	 3.0325	   --- 	 --- 	4130.82	---   	---   	  --- 	    ---  	  1.0  	IC_2391
 0.0217	 0.1281	-0.0098	 1018.038	   57.502	  380.766	1.585	17	 ---	130.30177119885	0.0625	-54.64118234154	0.0791	5317793214724700928	  6.8559 	0.0756	-25.334	0.141	 24.342	0.148	0	     5142.7 	      5.0516 	16.4104	0.0011	      622.97 	      10.834   	18.3652	0.0189	      7526.8 	     19.768   	15.0704	0.0029	 3.2948	   --- 	 --- 	4216.82	---   	---   	  --- 	    ---  	  1.0  	IC_2391
-0.0347	 0.1542	 0.1246	  533.171	   68.208	   56.543	1.802	16	 ---	132.70134909532	0.3512	-53.76811257521	0.4487	5317558537721510656	  6.4325 	0.4055	-23.169	0.76 	 23.72 	0.884	0	    13087.0 	     24.545  	15.3963	0.002 	     2073.3  	      30.396   	17.0598	0.0159	     21513.0 	    380.47    	13.9302	0.0192	 3.1296	   --- 	 --- 	3854.11	---   	---   	  --- 	    ---  	  1.0  	IC_2391
 0.0664	 0.2273	-0.0891	 1218.995	  110.988	  576.355	1.52 	16	 ---	133.28661909062	0.0563	-53.62295684281	0.0549	5317541907606547200	  6.514  	0.0623	-26.03 	0.126	 22.505	0.103	0	     6370.8 	      5.2262 	16.1779	0.0009	      948.22 	       8.5434  	17.9091	0.0098	      8734.0 	     15.154   	14.9089	0.0019	 3.0002	   --- 	 --- 	4035.21	---   	---   	  --- 	    ---  	  1.0  	IC_2391
-0.1624	 0.1086	 0.0929	  386.057	  142.064	  212.474	1.206	14	 0.0	130.75150962461	0.0272	-53.90202221246	0.0323	5317884439832479872	  6.3771 	0.0307	-23.293	0.06 	 22.849	0.064	0	   835620.0 	   2164.5    	10.8833	0.0028	   429150.0  	    3020.8     	11.2699	0.0076	    578380.0 	   2722.1     	10.3564	0.0051	 0.9135	  16.48	 4.82	5410.0 	0.151 	0.0582	  1.04	    0.838	  1.0  	IC_2391
 0.0758	 0.0847	 0.033 	  730.007	   38.879	  219.166	1.565	15	 ---	130.28353022712	0.07  	-53.97895239478	0.0918	5317891964614977792	  6.4535 	0.0818	-24.943	0.152	 22.716	0.184	0	     3088.3 	      4.2305 	16.9641	0.0015	      405.48 	      10.429   	18.8315	0.0279	      4428.7 	     20.207   	15.6462	0.005 	 3.1852	   --- 	 --- 	3917.61	0.9912	0.584 	  --- 	    ---  	  1.0  	IC_2391
 0.1535	 0.2176	-0.0072	  715.5  	   20.701	  206.195	1.653	16	 ---	129.87974228636	0.1066	-54.51389672529	0.126 	5317840077103963008	  6.7892 	0.1191	-25.218	0.238	 24.575	0.25 	0	     1343.1 	      1.8771 	17.8681	0.0015	      155.98 	       7.5347  	19.8687	0.0524	      2064.0 	     10.01    	16.4751	0.0053	 3.3936	   --- 	 --- 	   --- 	---   	---   	  --- 	    ---  	  1.0  	IC_2391
-0.247 	 0.0765	 0.1586	  891.497	   27.939	  229.781	1.571	13	 ---	130.63377253668	0.0662	-53.86096505021	0.0789	5317887802784122880	  6.3761 	0.0829	-25.228	0.151	 22.775	0.168	0	     2714.3 	      3.0446 	17.1042	0.0012	      349.94 	      12.525   	18.9914	0.0389	      3913.1 	     17.03    	15.7806	0.0047	 3.2108	   --- 	 --- 	   --- 	---   	---   	  --- 	    ---  	  1.0  	IC_2391
 0.0384	 0.2038	 0.0375	  708.168	   46.196	  251.206	1.571	16	 ---	129.79314018673	0.0668	-54.60317348657	0.0723	5317838088544453760	  6.7131 	0.0741	-25.225	0.156	 24.019	0.153	0	     3369.7 	      4.7583 	16.8694	0.0015	      474.83 	      10.279   	18.66  	0.0235	      4818.7 	     19.182   	15.5546	0.0043	 3.1055	   --- 	 --- 	4438.18	0.9967	0.572 	  --- 	    ---  	  1.0  	IC_2391
-0.0239	 0.2554	 0.0213	 3439.253	  714.529	 1158.429	1.177	14	 0.0	130.57572348562	0.0296	-53.9021680371 	0.0328	5317887321743547264	  6.6359 	0.0365	-24.633	0.062	 23.312	0.058	0	  3720800.0 	   1081.9    	 9.2618	0.0003	  2202700.0  	    3082.7     	 9.494 	0.0015	   2178200.0 	   1880.3     	 8.9167	0.0009	 0.5773	  16.12	 0.68	6589.62	0.16  	0.08  	  1.39	    3.268	  1.0  	IC_2391
 0.0298	 0.1835	 0.033 	 1069.035	   63.52 	  224.517	1.585	16	 ---	130.40310284634	0.1014	-53.93375606704	0.1043	5317886329617953536	  6.7122 	0.1136	-25.396	0.22 	 24.38 	0.201	0	     4679.7 	      4.3775 	16.5128	0.001 	      579.68 	       9.1259  	18.4434	0.0171	      6839.0 	     30.461   	15.1744	0.0048	 3.269 	   --- 	 --- 	4033.72	---   	---   	  --- 	    ---  	  1.0  	IC_2391
-0.034 	 0.1252	 0.0329	 5422.934	 1192.995	 1102.623	1.178	16	 0.0	130.34457499587	0.0193	-53.63577412586	0.0235	5317906155187202176	  6.5254 	0.0229	-24.913	0.043	 23.2  	0.045	0	  3280400.0 	    604.91   	 9.3986	0.0002	  1925500.0  	    1614.0     	 9.64  	0.0009	   1937600.0 	   1757.3     	 9.0438	0.001 	 0.5963	  16.51	 1.32	6727.77	0.124 	0.062 	  1.27	    2.981	  1.0  	IC_2391
-0.1412	 0.0034	 0.0572	 1113.326	   53.019	  376.45 	1.592	15	 ---	128.83960151137	0.0692	-54.41515802503	0.0772	5317950066928748160	  6.4032 	0.081 	-23.791	0.166	 23.856	0.162	0	     4687.8 	      4.2106 	16.5109	0.001 	      552.88 	      10.428   	18.4948	0.0205	      6910.8 	     18.358   	15.1631	0.0029	 3.3317	   --- 	 --- 	4014.05	---   	---   	  --- 	    ---  	  1.0  	IC_2391
 0.1501	 0.0036	-0.06  	  925.424	   76.838	  286.678	1.544	15	 ---	129.30336544873	0.0726	-54.32676710925	0.0813	5317953949579092224	  6.6665 	0.0797	-24.485	0.155	 24.143	0.158	0	     4107.3 	      4.4383 	16.6545	0.0012	      612.19 	       7.9674  	18.3842	0.0141	      5728.9 	     19.984   	15.3667	0.0038	 3.0174	   --- 	 --- 	4189.38	0.72  	0.3793	  --- 	    ---  	  1.0  	IC_2391
-0.2211	-0.0053	-0.1136	  991.049	  140.451	  390.581	1.5  	14	 ---	130.31006607019	0.0499	-53.72028064318	0.0596	5317904162322274688	  6.6079 	0.0591	-25.291	0.125	 22.682	0.14 	0	     9679.3 	      9.7668 	15.7238	0.0011	     1662.3  	      11.835   	17.2996	0.0077	     12855.0 	     32.913   	14.4892	0.0028	 2.8104	   --- 	 --- 	3948.22	1.7557	0.939 	  --- 	    ---  	  1.0  	IC_2391
-0.0093	 0.075 	 0.0368	  936.649	   69.994	  429.209	1.522	15	 ---	133.15347278951	0.0521	-53.01392269561	0.0577	5317621446087088896	  6.1995 	0.0651	-25.437	0.118	 21.686	0.103	0	     6234.9 	      6.6566 	16.2013	0.0012	      940.1  	      13.431   	17.9184	0.0155	      8550.7 	     19.922   	14.9319	0.0025	 2.9865	   --- 	 --- 	4188.98	---   	---   	  --- 	    ---  	  1.0  	IC_2391
 0.1566	 0.0583	-0.2386	  870.785	  220.115	  325.321	1.254	17	 0.0	129.84384490944	0.043 	-53.91814929295	0.053 	5318059532750974720	  6.4765 	0.0528	-24.452	0.097	 23.439	0.112	0	   242390.0 	    278.35   	12.2271	0.0012	   102270.0  	     464.63    	12.827 	0.0049	    201600.0 	    619.7     	11.5007	0.0033	 1.3263	  16.94	 0.94	5024.0 	0.528 	0.258 	  0.66	    0.251	  1.0  	IC_2391
-0.0495	 0.1834	-0.1027	  893.538	   20.033	  147.614	1.64 	16	 ---	129.79544530948	0.0986	-54.01686035118	0.1175	5318058609343768960	  6.7182 	0.1131	-23.692	0.216	 23.801	0.235	0	     2070.4 	      2.3171 	17.3982	0.0012	      248.3  	      12.394   	19.3639	0.0542	      3146.8 	     21.318   	16.0172	0.0074	 3.3467	   --- 	 --- 	   --- 	---   	---   	  --- 	    ---  	  0.9  	IC_2391
-0.0827	 0.0321	 0.0406	  819.478	   46.116	  260.19 	1.567	16	 ---	129.95163803776	0.0737	-53.23277659659	0.078 	5318117639374581760	  6.7107 	0.0876	-24.771	0.164	 24.088	0.141	0	     3461.2 	      4.2237 	16.8403	0.0013	      492.38 	      10.677   	18.6206	0.0235	      4931.5 	     18.953   	15.5295	0.0042	 3.0912	   --- 	 --- 	4438.18	0.9273	0.5623	  --- 	    ---  	  1.0  	IC_2391
 0.0765	 0.1947	-0.0865	 1600.9  	  128.585	  449.488	1.498	16	 ---	129.85321227514	0.0456	-53.53528285902	0.0456	5318104307796222464	  6.6117 	0.0508	-24.296	0.111	 22.49 	0.096	0	    10237.0 	      6.3947 	15.6629	0.0007	     1802.5  	      14.018   	17.2117	0.0084	     13535.0 	     30.113   	14.4332	0.0024	 2.7785	   --- 	 --- 	4038.51	---   	---   	  --- 	    ---  	  1.0  	IC_2391
-0.0052	 0.2115	 0.1398	  524.842	   21.261	  161.752	1.62 	16	 ---	129.41890442622	0.0813	-53.76597674913	0.0907	5318079014723994624	  6.8044 	0.0889	-24.164	0.177	 24.607	0.187	0	     2258.5 	      4.3031 	17.3038	0.0021	      299.99 	      14.11    	19.1586	0.0511	      3358.0 	     20.76    	15.9467	0.0067	 3.2119	   --- 	 --- 	   --- 	---   	---   	  --- 	    ---  	  0.9  	IC_2391
-0.083 	 0.2338	 0.0495	  674.663	  188.707	  250.326	1.204	16	 0.0	130.20441169933	0.019 	-53.62916477564	0.0215	5318093243960659456	  6.7107 	0.022 	-24.037	0.043	 23.798	0.043	1	   853170.0 	   1264.6    	10.8608	0.0016	   441770.0  	    2341.0     	11.2384	0.0058	    585630.0 	   2339.5     	10.3429	0.0043	 0.8955	  13.55	 0.61	5587.5 	0.0505	0.025 	  0.93	    0.759	  1.0  	IC_2391
-0.0969	 0.0811	 0.1601	  754.03 	   25.476	  258.755	1.609	15	 ---	130.16842931627	0.0781	-53.38062598059	0.0865	5318112004377552768	  6.5529 	0.0905	-24.92 	0.175	 23.482	0.193	0	     2624.7 	      3.4809 	17.1407	0.0014	      330.86 	      12.987   	19.0523	0.0426	      3891.8 	     15.041   	15.7865	0.0042	 3.2658	   --- 	 --- 	   --- 	---   	---   	  --- 	    ---  	  1.0  	IC_2391
 0.0191	 0.068 	-0.2364	 2175.016	  439.783	  277.158	1.143	14	 ---	129.99720975855	0.0487	-53.26085556713	0.069 	5318117325830884224	  6.5069 	0.0539	-23.657	0.114	 23.624	0.125	1	 24892000.0 	  11445.0    	 7.1982	0.0005	 18039000.0  	   41019.0     	 7.2108	0.0025	  10403000.0 	  37535.0     	 7.219 	0.0039	-0.0082	   --- 	 --- 	9685.25	0.126 	0.058 	  --- 	    ---  	  1.0  	IC_2391
 0.1319	 0.2019	-0.0149	 3247.174	 1032.924	  431.047	1.145	17	 ---	129.59945507327	0.0347	-53.72166656065	0.0345	5318077919506923520	  6.7722 	0.0369	-24.071	0.076	 24.407	0.063	1	 16741000.0 	   5155.5    	 7.6289	0.0003	 11703000.0  	   11330.0     	 7.6807	0.0011	   7472200.0 	  17335.0     	 7.5783	0.0025	 0.1024	   --- 	 --- 	8941.0 	0.222 	0.1087	  --- 	    ---  	  1.0  	IC_2391
 0.0969	 0.1288	-0.1323	  868.964	  222.688	  361.579	1.369	17	 ---	129.97348871866	0.0163	-53.30091611812	0.0172	5318116127546214400	  6.5676 	0.0183	-24.777	0.037	 23.406	0.031	0	    42716.0 	     49.157  	14.1119	0.0012	    11665.0  	      52.383   	15.1842	0.0049	     46814.0 	    129.47    	13.086 	0.003 	 2.0982	   --- 	 --- 	4067.74	1.458 	0.718 	  0.5 	    0.063	  1.0  	IC_2391
-0.0041	 0.1368	 0.0966	 1239.243	  381.42 	  306.901	1.183	16	 0.0	129.10084879252	0.0194	-54.01814880204	0.0225	5318069604459639552	  6.4693 	0.0212	-23.686	0.042	 23.384	0.046	1	  1814900.0 	   1464.5    	10.0413	0.0009	  1005900.0  	    2637.2     	10.345 	0.0028	   1141000.0 	   3717.7     	 9.6187	0.0035	 0.7263	  14.11	 2.21	6038.0 	0.0765	0.0333	  1.19	    1.692	  1.0  	IC_2391
 0.0609	 0.2232	-0.079 	  750.924	  255.749	  348.959	1.204	17	 0.0	129.46468749542	0.0206	-53.76261576446	0.0195	5318077507199948672	  6.6768 	0.0218	-24.732	0.044	 23.762	0.039	0	   603180.0 	    803.25   	11.2373	0.0014	   304180.0  	    1189.4     	11.6435	0.0042	    421830.0 	   1208.8     	10.6991	0.0031	 0.9445	  14.86	 0.8 	5464.81	0.063 	0.0315	  0.83	    0.548	  1.0  	IC_2391
-0.0982	 0.0312	 0.2718	  979.154	   37.237	  198.576	1.605	15	 ---	130.06687193274	0.0706	-53.42979381455	0.0901	5318111557701045248	  6.371  	0.087 	-24.206	0.161	 23.407	0.199	0	     2580.6 	      2.6356 	17.159 	0.0011	      341.66 	       9.1755  	19.0174	0.0292	      3801.2 	     19.142   	15.8121	0.0055	 3.2053	   --- 	 --- 	   --- 	---   	---   	  --- 	    ---  	  1.0  	IC_2391
 0.092 	 0.1731	-0.0377	  673.755	  115.956	  279.415	1.447	17	 ---	130.03403286011	0.0299	-53.29459257984	0.0324	5318116299344817024	  6.6415 	0.0315	-24.769	0.066	 24.078	0.061	0	    21310.0 	     31.629  	14.8669	0.0016	     4533.6  	      39.098   	16.2103	0.0094	     26292.0 	     94.098   	13.7123	0.0039	 2.4979	   --- 	 --- 	3974.2 	---   	---   	  --- 	    ---  	  1.0  	IC_2391
 0.0191	 0.262 	 0.0366	 1388.821	  343.384	  496.13 	1.281	16	 0.0	130.07602062465	0.0188	-53.50790438707	0.0199	5318097916884923520	  6.5998 	0.0215	-23.754	0.04 	 22.458	0.041	0	   133820.0 	     96.359  	12.872 	0.0008	    49326.0  	     143.65    	13.6187	0.0032	    122060.0 	    246.01    	12.0455	0.0022	 1.5732	  14.52	 2.49	4457.09	0.806 	0.392 	  0.67	    0.159	  1.0  	IC_2391
-0.1829	 0.1095	 0.2261	  621.06 	   14.003	  151.351	1.666	16	 ---	130.03952527632	0.0975	-53.63039109599	0.1135	5318096125874244352	  6.6065 	0.1136	-24.564	0.227	 23.196	0.27 	0	     1211.7 	      1.951  	17.9799	0.0017	      155.79 	      11.125   	19.87  	0.0775	      1862.8 	     12.308   	16.5865	0.0072	 3.2836	   --- 	 --- 	   --- 	---   	---   	  --- 	    ---  	  1.0  	IC_2391
-0.1239	 0.0602	 0.0903	  686.395	   47.653	  202.318	1.569	17	 ---	130.11599124182	0.0603	-53.69338955985	0.0613	5318092591125652608	  6.7193 	0.0648	-24.65 	0.149	 24.078	0.131	0	     3105.3 	      4.524  	16.9581	0.0016	      417.21 	       8.7553  	18.8005	0.0228	      4454.9 	     22.019   	15.6398	0.0054	 3.1607	   --- 	 --- 	3950.47	0.8873	0.5297	  --- 	    ---  	  1.0  	IC_2391
-0.0546	 0.0599	 0.027 	 1364.836	  109.928	  748.718	1.518	15	 ---	129.7734519735 	0.0503	-53.36228281058	0.0573	5318114924955333760	  6.7222 	0.0616	-25.22 	0.115	 23.522	0.105	0	     9114.3 	      6.6779 	15.7891	0.0008	     1470.2  	      13.374   	17.4329	0.0099	     12368.0 	     16.518   	14.5312	0.0015	 2.9017	   --- 	 --- 	4141.18	---   	---   	  --- 	    ---  	  1.0  	IC_2391
 0.1052	 0.0705	-0.0413	 1391.492	  470.527	  748.773	1.354	17	 0.0	129.7445989624 	0.0187	-53.32008065553	0.0217	5318162238316886528	  6.6031 	0.0225	-24.896	0.043	 23.0  	0.038	0	   111040.0 	     79.796  	13.0747	0.0008	    31989.0  	      67.985   	14.0889	0.0023	    118370.0 	    158.08    	12.0788	0.0015	 2.0101	  16.87	11.83	4173.53	2.2412	1.1213	  0.74	    0.151	  1.0  	IC_2391
 0.0012	 0.0089	 0.0762	  953.313	   28.083	  211.503	1.618	15	 ---	129.61282695096	0.071 	-53.41946135707	0.0818	5318155538168052864	  6.7161 	0.0818	-25.364	0.173	 24.836	0.171	0	     2255.5 	      2.3659 	17.3053	0.0011	      267.27 	       9.5173  	19.284 	0.0387	      3383.1 	     15.995   	15.9386	0.0051	 3.3454	   --- 	 --- 	   --- 	---   	---   	  --- 	    ---  	  1.0  	IC_2391
-0.0269	 0.2186	 0.0202	  516.678	   84.735	  210.525	1.515	15	 ---	128.96640253851	0.0451	-53.86810957198	0.0601	5318119116844316032	  6.456  	0.0513	-23.629	0.103	 24.231	0.114	0	    10222.0 	     19.784  	15.6645	0.0021	     1745.7  	      20.602   	17.2465	0.0128	     13736.0 	     65.248   	14.4172	0.0052	 2.8292	   --- 	 --- 	3702.55	---   	---   	  --- 	    ---  	  1.0  	IC_2391
 0.0346	 0.171 	-0.172 	  343.252	   58.558	  121.348	1.507	16	 ---	129.8629836985 	0.0468	-53.164321904  	0.0445	5318165743010208000	  6.5929 	0.0497	-25.845	0.103	 24.35 	0.084	0	    12091.0 	     35.226  	15.4822	0.0032	     2175.6  	      37.153   	17.0074	0.0185	     16048.0 	    132.25    	14.2483	0.0089	 2.7591	   --- 	 --- 	4274.51	---   	---   	  --- 	    ---  	  1.0  	IC_2391
-0.1482	-0.0019	 0.1705	  987.861	   91.126	  408.636	1.547	14	 ---	128.79785939452	0.0593	-53.45352723941	0.076 	5318143752776545280	  6.491  	0.0692	-23.897	0.131	 24.394	0.148	0	     5828.4 	      5.9    	16.2745	0.0011	      873.72 	       9.5881  	17.998 	0.0119	      8143.3 	     19.928   	14.9849	0.0027	 3.013 	   --- 	 --- 	4189.38	1.704 	0.953 	  --- 	    ---  	  1.0  	IC_2391
 0.1278	 0.284 	-0.0669	  459.791	  128.678	  175.894	1.244	15	-0.8	128.93185127147	0.255 	-53.35553607633	0.266 	5318150349846655488	  6.342  	0.2835	-24.262	0.533	 23.515	0.503	0	   321310.0 	    698.83   	11.921 	0.0024	   139850.0  	    1086.8     	12.4873	0.0084	    259760.0 	   1476.8     	11.2255	0.0062	 1.2618	  17.61	 7.77	4960.16	0.5853	0.2907	  0.8 	    0.351	  0.8  	IC_2391
-0.0376	 0.0102	 0.0005	 1209.762	   50.521	  374.639	1.593	16	 ---	129.60111155228	0.0661	-53.25118875323	0.0677	5318160692128569472	  6.5489 	0.0748	-24.65 	0.147	 23.089	0.136	0	     3304.9 	      2.7318 	16.8905	0.0009	      395.94 	       7.8371  	18.8573	0.0215	      4867.9 	     12.994   	15.5436	0.0029	 3.3138	   --- 	 --- 	4092.22	1.838 	1.049 	  --- 	    ---  	  1.0  	IC_2391
 0.0281	 0.1806	-0.1886	 2835.312	  763.376	  708.725	1.194	17	 ---	129.91154548723	0.0538	-53.16853894936	0.0589	5318164952736244608	  6.6458 	0.0612	-24.601	0.114	 24.282	0.11 	0	  2337800.0 	    824.53   	 9.7664	0.0004	  1232500.0  	    1614.5     	10.1245	0.0014	   1559800.0 	   2200.8     	 9.2793	0.0015	 0.8452	   --- 	 --- 	5643.82	0.469 	0.236 	  1.52	    2.11 	  1.0  	IC_2391
-0.0391	 0.0035	 0.1111	  635.698	   13.711	   92.945	1.678	15	 ---	129.49643131452	0.1212	-53.36528210428	0.1309	5318158213924945152	  6.5194 	0.1356	-23.316	0.283	 23.607	0.288	0	     1248.8 	      1.9644 	17.9472	0.0017	      156.69 	      11.428   	19.8638	0.0792	      1938.5 	     20.856   	16.5433	0.0117	 3.3205	   --- 	 --- 	   --- 	---   	---   	  --- 	    ---  	  1.0  	IC_2391
 0.073 	 0.2321	-0.1449	  839.521	  123.479	  392.231	1.542	17	 ---	129.63572166971	0.0597	-52.93509848497	0.0652	5318186565011453056	  6.2326 	0.0695	-24.737	0.135	 23.073	0.121	0	     9751.0 	     11.615  	15.7157	0.0013	     1776.3  	      14.386   	17.2276	0.0088	     13258.0 	     33.803   	14.4557	0.0028	 2.7719	   --- 	 --- 	3970.53	---   	---   	  --- 	    ---  	  1.0  	IC_2391
 0.1169	 0.2764	-0.0849	 1168.191	  397.679	  546.056	1.199	17	 0.0	129.59527562151	0.0212	-52.9465730396 	0.0217	5318186221414047104	  6.6591 	0.0236	-25.244	0.048	 24.232	0.041	0	   920070.0 	    787.61   	10.7788	0.0009	   485080.0  	    1219.8     	11.1369	0.0027	    617740.0 	   1131.3     	10.2849	0.002 	 0.8519	  15.43	 0.71	5606.71	0.0477	0.0178	  0.97	    0.83 	  1.0  	IC_2391
-0.1648	 0.0348	 0.0619	 1118.049	   51.665	  244.845	1.574	16	 ---	129.48675019275	0.0614	-52.93174421458	0.0648	5318185706017892736	  6.6183 	0.0711	-25.007	0.148	 23.998	0.133	0	     5322.2 	      4.7603 	16.3731	0.001 	      750.22 	      14.521   	18.1634	0.021 	      7627.0 	     31.15    	15.056 	0.0044	 3.1074	   --- 	 --- 	4344.07	---   	---   	  --- 	    ---  	  1.0  	IC_2391
 0.0693	 0.267 	-0.0921	 1984.94 	  860.64 	  780.851	1.195	17	 ---	129.7317554312 	0.0221	-52.96425449518	0.0256	5318182648001349248	  6.5252 	0.0274	-24.176	0.05 	 23.226	0.044	0	  1679100.0 	    845.94   	10.1256	0.0005	   879540.0  	    1022.0     	10.4908	0.0013	   1127000.0 	   1443.3     	 9.6321	0.0014	 0.8587	   --- 	 --- 	5675.0 	0.3885	0.1913	  1.3 	    1.568	  1.0  	IC_2391
-0.1071	 0.1565	 0.0293	  394.118	   36.132	  147.487	1.579	15	 ---	129.19040028143	0.0691	-53.19237189907	0.0825	5318176291449518976	  6.4249 	0.0815	-23.587	0.152	 24.566	0.173	0	     2695.2 	      6.8385 	17.1119	0.0028	      366.59 	      10.146   	18.9409	0.03  	      3890.2 	     26.377   	15.787 	0.0074	 3.154 	   --- 	 --- 	   --- 	---   	---   	  --- 	    ---  	  1.0  	IC_2391
 0.0345	 0.0102	-0.0788	  497.871	  137.658	  189.942	1.217	15	 0.0	129.22895370531	0.0241	-53.14275069344	0.0214	5318176875565072768	  6.7097 	0.0244	-23.957	0.051	 23.785	0.041	0	   551730.0 	   1108.2    	11.3341	0.0022	   276830.0  	    2011.0     	11.7459	0.0079	    394630.0 	   2077.7     	10.7714	0.0057	 0.9744	  16.2 	 1.52	5379.33	0.1095	0.0427	  0.82	    0.502	  1.0  	IC_2391
-0.0779	 0.2193	-0.1117	  285.429	   84.597	  120.255	1.266	16	 0.0	129.48414281478	0.0251	-52.95142675353	0.0256	5318185667356683392	  6.6647 	0.029 	-23.731	0.054	 23.735	0.045	0	   179070.0 	    627.37   	12.5558	0.0038	    71707.0  	     847.64    	13.2125	0.0128	    154980.0 	   1288.8     	11.7862	0.009 	 1.4263	  11.05	 5.75	4733.22	0.488 	0.2338	  0.65	    0.188	  1.0  	IC_2391
-0.1644	 0.1806	-0.0015	 1141.632	   22.943	  327.729	1.583	15	 ---	129.6538966872 	0.0688	-52.87833996252	0.0727	5318187007391037184	  6.4381 	0.0804	-23.085	0.171	 23.465	0.154	0	     3079.6 	      2.6975 	16.9671	0.001 	      465.39 	      20.285   	18.6818	0.0473	      4411.0 	     13.459   	15.6506	0.0033	 3.0313	   --- 	 --- 	3873.66	0.6877	0.423 	  --- 	    ---  	  1.0  	IC_2391
 0.1042	 0.2624	-0.1783	  721.957	   35.399	  174.683	1.52 	14	 ---	129.74456494613	0.052 	-53.02342856723	0.0604	5318182197023848448	  6.4586 	0.0654	-24.754	0.112	 22.562	0.109	0	     8787.5 	     12.172  	15.8287	0.0015	     1553.9  	      43.897   	17.3728	0.0307	     11805.0 	     67.582   	14.5817	0.0062	 2.7911	   --- 	 --- 	3915.08	---   	---   	  --- 	    ---  	  1.0  	IC_2391
 0.057 	 0.2043	-0.2364	  520.382	  125.503	  201.574	1.331	16	 0.0	129.31319881826	0.0125	-53.33833778865	0.0132	5318170828251553792	  6.5754 	0.0146	-24.019	0.027	 23.068	0.028	0	    77919.0 	    149.74   	13.4593	0.0021	    24964.0  	     198.91    	14.3581	0.0087	     78766.0 	    390.76    	12.5211	0.0054	 1.837 	   9.66	12.47	4041.03	0.9197	0.46  	  0.69	    0.116	  1.0  	IC_2391
 0.1806	 0.2284	-0.019 	  817.36 	  255.73 	  296.769	1.186	17	 0.0	131.56346485628	0.023 	-53.75615971563	0.0243	5318229274167094656	  6.6499 	0.0264	-24.664	0.049	 22.917	0.042	0	  1529600.0 	   1871.4    	10.2269	0.0013	   828420.0  	    3239.4     	10.5558	0.0042	    985520.0 	   3320.8     	 9.7778	0.0037	 0.778 	  16.0 	 0.83	5893.0 	0.077 	0.0413	  1.12	    1.357	  1.0  	IC_2391
-0.0726	-0.0481	 0.1262	  650.418	   60.915	  327.7  	1.56 	15	 ---	131.9968633227 	0.0736	-53.46117505166	0.084 	5318240131844762880	  6.6195 	0.0922	-25.751	0.164	 21.796	0.154	0	     3172.5 	      4.8776 	16.9349	0.0017	      389.35 	       6.3918  	18.8755	0.0178	      4560.4 	     13.916   	15.6144	0.0033	 3.2611	   --- 	 --- 	3633.55	---   	---   	  --- 	    ---  	  1.0  	IC_2391
 0.1674	 0.2944	-0.0164	  557.435	  145.451	  188.506	1.219	16	 ---	130.99571187398	0.0226	-53.56202206469	0.0239	5318272670517874560	  6.7011 	0.025 	-25.953	0.048	 23.996	0.046	0	   444850.0 	    798.02   	11.5678	0.0019	   214110.0  	    1472.1     	12.0248	0.0075	    328100.0 	   1740.5     	10.9719	0.0058	 1.0529	   --- 	 --- 	5062.5 	0.158 	0.078 	  0.85	    0.426	  1.0  	IC_2391
-0.2611	 0.0484	 0.1379	 1134.882	   46.169	  373.154	1.547	14	 ---	130.49006968527	0.0646	-53.51903894781	0.0856	5318282566122736256	  6.65   	0.0798	-24.913	0.14 	 23.806	0.185	0	     4913.3 	      4.3294 	16.4599	0.001 	      757.66 	      16.411   	18.1527	0.0235	      6841.9 	     18.335   	15.174 	0.0029	 2.9787	   --- 	 --- 	4570.21	1.211 	0.6123	  --- 	    ---  	  1.0  	IC_2391
 0.0128	 0.066 	-0.0746	  960.34 	  284.643	  348.049	1.194	17	 0.0	131.4495999161 	0.0222	-53.43062686432	0.0246	5318296275658773888	  6.7136 	0.0255	-26.092	0.05 	 23.475	0.047	0	  1712500.0 	   1783.2    	10.1043	0.0011	   938650.0  	    3297.6     	10.4201	0.0038	   1106800.0 	   3179.9     	 9.6518	0.0031	 0.7683	  15.83	 8.73	5783.6 	0.0815	0.036 	  1.22	    1.5  	  1.0  	IC_2391
 0.1871	 0.1131	-0.1649	  826.274	  117.863	  409.388	1.493	17	 ---	131.05224511607	0.0432	-53.62609964303	0.0477	5318269371982962432	  6.628  	0.0492	-25.488	0.098	 23.683	0.095	0	    12236.0 	     14.809  	15.4692	0.0013	     2145.9  	      18.207   	17.0223	0.0092	     16124.0 	     39.385   	14.2433	0.0027	 2.7791	   --- 	 --- 	3922.66	---   	---   	  --- 	    ---  	  1.0  	IC_2391
-0.0046	 0.1316	-0.0737	  862.658	  151.136	  308.741	1.4  	15	 ---	130.67061306711	0.0223	-53.50985501872	0.0325	5318283012799031808	  6.5401 	0.0262	-24.132	0.048	 23.693	0.06 	0	    34525.0 	     40.022  	14.343 	0.0013	     8557.8  	      56.623   	15.5205	0.0072	     39764.0 	    128.8     	13.2632	0.0035	 2.2573	   --- 	 --- 	3767.92	1.511 	0.756 	  0.59	    0.062	  1.0  	IC_2391
-0.3394	 0.0102	 0.1744	  722.47 	   26.512	  248.59 	1.588	15	 ---	130.76454226217	0.067 	-53.44913022071	0.081 	5318289472429930112	  6.3333 	0.0807	-25.217	0.161	 22.565	0.177	0	     3623.5 	      5.0154 	16.7905	0.0015	      604.65 	      22.806   	18.3976	0.041 	      5149.7 	     20.715   	15.4825	0.0044	 2.9152	   --- 	 --- 	4620.34	0.5847	0.3345	  --- 	    ---  	  1.0  	IC_2391
 0.0756	 0.1679	-0.0097	  877.66 	  221.15 	  355.789	1.475	17	 ---	130.89039279161	0.0353	-53.23291506371	0.0355	5318293526879324288	  6.6079 	0.0382	-25.616	0.078	 23.362	0.071	0	    13174.0 	     15.01   	15.3891	0.0012	     2430.7  	      10.991   	16.8871	0.0049	     17002.0 	     47.786   	14.1857	0.0031	 2.7014	   --- 	 --- 	3775.1 	---   	---   	  --- 	    ---  	  1.0  	IC_2391
-0.1504	 0.0658	 0.1085	  814.067	   25.052	  256.334	1.598	16	 ---	131.25777355932	0.0945	-53.55776146249	0.1108	5318270604630115840	  6.725  	0.116 	-24.801	0.229	 22.382	0.233	0	     1485.7 	      1.825  	17.7585	0.0013	      184.44 	       7.362   	19.6868	0.0433	      2189.1 	      8.5399  	16.4113	0.0042	 3.2755	   --- 	 --- 	   --- 	---   	---   	  --- 	    ---  	  1.0  	IC_2391
 0.0816	 0.1267	-0.071 	 1282.482	  198.493	  573.282	1.477	14	 ---	130.59629659994	0.0386	-53.68844591157	0.0495	5318277412161521024	  6.5451 	0.0458	-25.281	0.083	 22.417	0.094	0	    14415.0 	     11.24   	15.2913	0.0008	     2676.5  	      13.484   	16.7825	0.0055	     18614.0 	     32.468   	14.0873	0.0019	 2.6951	   --- 	 --- 	3731.25	---   	---   	  --- 	    ---  	  1.0  	IC_2391
-0.1294	 0.0242	 0.1836	 1091.947	   41.922	  287.152	1.546	15	 ---	131.47382931874	0.0628	-53.16811745985	0.0734	5318308610805052672	  6.593  	0.0772	-25.347	0.149	 23.31 	0.159	0	     3897.2 	      3.569  	16.7115	0.001 	      552.7  	      13.184   	18.4952	0.0259	      5472.2 	     19.057   	15.4165	0.0038	 3.0787	   --- 	 --- 	4287.58	1.175 	0.6657	  --- 	    ---  	  1.0  	IC_2391
-0.0084	-0.1408	-0.0259	  645.722	   42.698	  181.292	1.6  	14	 ---	130.95019785785	0.0821	-53.54901049513	0.1019	5318273323353105536	  6.6283 	0.0992	-25.911	0.2  	 24.025	0.224	0	     2306.6 	      3.5721 	17.2809	0.0017	      296.9  	       6.9534  	19.1699	0.0254	      3393.8 	     18.72    	15.9352	0.006 	 3.2347	   --- 	 --- 	   --- 	---   	---   	  --- 	    ---  	  1.0  	IC_2391
 0.1168	 0.3028	-0.0614	  764.804	  194.119	  256.891	1.243	16	 0.0	131.04232920562	0.0237	-53.72591884102	0.0253	5318267653995965568	  6.6774 	0.0271	-25.054	0.048	 23.871	0.046	0	   314760.0 	    411.55   	11.9434	0.0014	   142430.0  	     733.75    	12.4674	0.0056	    248690.0 	    968.07    	11.2728	0.0042	 1.1946	  12.63	 1.28	4849.0 	0.323 	0.147 	  0.8 	    0.319	  1.0  	IC_2391
-0.1448	-0.0512	 0.0259	  909.165	   24.023	  164.699	1.628	14	 ---	132.0355926559 	0.0894	-53.09355971756	0.1039	5318354408031489664	  6.4772 	0.1064	-25.214	0.217	 23.137	0.212	0	     1730.0 	      1.9029 	17.5932	0.0012	      170.88 	       7.1134  	19.7696	0.0452	      2645.9 	     16.065   	16.2055	0.0066	 3.5641	   --- 	 --- 	   --- 	---   	---   	  --- 	    ---  	  1.0  	IC_2391
-0.0211	 0.2133	 0.0646	 3302.745	  641.163	  511.169	1.178	17	 ---	130.96774990436	0.0229	-53.23316728707	0.0239	5318316096918509568	  6.6425 	0.0252	-25.69 	0.049	 22.682	0.046	0	  2694000.0 	    815.69   	 9.6124	0.0003	  1553100.0  	    2422.4     	 9.8734	0.0017	   1620000.0 	   3169.1     	 9.2382	0.0021	 0.6352	   --- 	 --- 	6381.95	0.114 	0.0625	  1.26	    2.364	  1.0  	IC_2391
-0.1804	 0.0388	 0.1443	 1347.544	  112.356	  359.927	1.521	16	 ---	131.35277867353	0.0567	-53.02286856651	0.0588	5318322182901778304	  6.6298 	0.0651	-24.548	0.143	 22.976	0.124	0	     4994.1 	      3.7061 	16.4422	0.0008	      790.83 	       7.0386  	18.1062	0.0097	      6804.2 	     18.904   	15.18  	0.003 	 2.9262	   --- 	 --- 	4020.07	0.964 	0.545 	  --- 	    ---  	  1.0  	IC_2391
-0.1994	 0.1155	 0.195 	  778.617	   52.544	  286.737	1.576	16	 ---	131.32827981888	0.0667	-52.99039517649	0.076 	5318325511487968384	  6.4271 	0.0801	-25.144	0.164	 22.56 	0.161	0	     3092.3 	      3.9716 	16.9626	0.0014	      429.24 	       8.169   	18.7696	0.0207	      4444.6 	     15.5     	15.6424	0.0038	 3.1273	   --- 	 --- 	4120.93	1.0105	0.589 	  --- 	    ---  	  1.0  	IC_2391
 0.0746	 0.1124	-0.0704	  599.781	   81.017	  204.517	1.538	17	 ---	132.14087852542	0.0507	-53.46255330162	0.0557	5318333349814767744	  6.7534 	0.0576	-26.603	0.11 	 23.893	0.103	0	     7493.1 	     12.493  	16.0017	0.0018	     1129.2  	      13.937   	17.7195	0.0134	     10392.0 	     50.815   	14.7201	0.0053	 2.9994	   --- 	 --- 	4305.3 	---   	---   	  --- 	    ---  	  1.0  	IC_2391
 0.1208	 0.2192	-0.05  	  532.917	   30.14 	   23.447	2.242	16	 ---	132.19028091216	0.0628	-53.31757907653	0.0653	5318336712768437760	  6.5047 	0.0708	-25.681	0.136	 22.063	0.12 	0	     7278.5 	     13.658  	16.0333	0.002 	     1730.9  	      57.43    	17.2557	0.036 	     14591.0 	    622.29    	14.3517	0.0463	 2.904 	   --- 	 --- 	3671.01	---   	---   	  --- 	    ---  	  1.0  	IC_2391
-0.0355	 0.1321	-0.0479	  745.917	  172.355	  330.306	1.347	16	 ---	132.60444566361	0.0155	-53.13850489709	0.0162	5318341905390002048	  6.5035 	0.0169	-26.289	0.032	 22.322	0.031	0	    60345.0 	     80.901  	13.7368	0.0015	    17811.0  	     103.34    	14.7247	0.0063	     63464.0 	    192.14    	12.7556	0.0033	 1.9691	   --- 	 --- 	3873.26	---   	---   	  0.71	    0.102	  1.0  	IC_2391
 0.4125	 0.0091	-0.1917	  453.526	   14.773	   17.599	2.151	15	 ---	132.19070985295	0.0775	-53.31777456953	0.075 	5318336717069210880	  6.4323 	0.0771	-25.935	0.179	 22.853	0.145	0	     7143.3 	     15.751  	16.0536	0.0024	     1855.4  	     125.59    	17.1803	0.0735	     13512.0 	    767.8     	14.4351	0.0617	 2.7452	   --- 	 --- 	3692.86	---   	---   	  --- 	    ---  	  1.0  	IC_2391
-0.2032	 0.1429	 0.1469	  805.993	   18.516	  158.754	1.687	16	 ---	131.4272535015 	0.1024	-52.99118022162	0.1145	5318323763449806592	  6.251  	0.1249	-25.675	0.243	 22.254	0.238	0	     1260.0 	      1.5633 	17.9374	0.0013	      159.11 	       8.5932  	19.8472	0.0586	      1966.0 	     12.384   	16.528 	0.0068	 3.3192	   --- 	 --- 	   --- 	---   	---   	  --- 	    ---  	  1.0  	IC_2391
 0.0389	 0.1255	-0.0841	  370.743	  111.611	  157.937	1.253	16	 0.0	131.36203238279	0.0213	-52.86715026956	0.0219	5318328676892604800	  6.653  	0.0231	-25.577	0.046	 23.417	0.04 	0	   206850.0 	    557.94   	12.3992	0.0029	    86374.0  	     773.88    	13.0104	0.0097	    172840.0 	   1094.4     	11.6678	0.0069	 1.3426	  11.48	 1.97	4775.83	0.306 	0.157 	  0.68	    0.216	  1.0  	IC_2391
 0.1553	 0.1831	 0.1278	  840.481	  106.384	  401.267	1.517	14	 ---	132.34370206039	0.0393	-52.96133155242	0.0548	5318359153978705920	  6.4749 	0.0469	-25.98 	0.089	 22.05 	0.107	0	     7096.8 	      8.4437 	16.0607	0.0013	     1095.7  	      10.299   	17.7522	0.0102	      9668.0 	     24.094   	14.7986	0.0027	 2.9536	   --- 	 --- 	3833.9 	---   	---   	  --- 	    ---  	  1.0  	IC_2391
 0.1048	 0.1184	-0.1362	 1051.516	  120.716	  338.849	1.449	16	 ---	133.13712075041	0.0345	-52.78964692891	0.0357	5318376093330970112	  6.4874 	0.039 	-25.936	0.076	 21.953	0.065	0	    21322.0 	     20.278  	14.8663	0.001 	     4525.7  	      37.491   	16.2122	0.009 	     26365.0 	     77.808   	13.7093	0.0032	 2.5028	   --- 	 --- 	3735.03	---   	---   	  --- 	    ---  	  1.0  	IC_2391
-0.0982	 0.124 	 0.1687	  830.158	   14.101	  238.977	1.703	16	 ---	131.76417393254	0.1071	-52.78110623732	0.1132	5318420039436905856	  6.5298 	0.126 	-25.772	0.248	 22.098	0.246	0	     1235.4 	      1.4881 	17.9589	0.0013	      105.89 	       7.5097  	20.2892	0.077 	      1997.6 	      8.3591  	16.5106	0.0045	 3.7786	   --- 	 --- 	   --- 	---   	---   	  --- 	    ---  	  1.0  	IC_2391
 0.115 	 0.1061	-0.0107	  669.954	  206.481	  276.762	1.23 	16	 ---	131.6225866233 	0.0247	-52.94640583168	0.0233	5318417118858937088	  6.7773 	0.0261	-26.227	0.056	 23.788	0.043	0	   423760.0 	    632.52   	11.6206	0.0016	   194040.0  	     939.73    	12.1317	0.0053	    327200.0 	   1182.3     	10.9749	0.0039	 1.1568	   --- 	 --- 	4955.8 	0.3523	0.1543	  0.86	    0.406	  1.0  	IC_2391
 0.1094	 0.2217	-0.0345	 1191.037	  121.027	  330.381	1.497	14	 ---	132.19942323881	0.0582	-52.87269493356	0.0722	5318410349990827008	  6.5872 	0.0703	-25.8  	0.138	 22.624	0.139	0	    13693.0 	     11.497  	15.3471	0.0009	     2377.1  	      19.641   	16.9113	0.009 	     18117.0 	     54.836   	14.1167	0.0033	 2.7945	   --- 	 --- 	3749.19	---   	---   	  --- 	    ---  	  1.0  	IC_2391
 0.0881	 0.3305	-0.0261	 2486.898	  724.219	  446.674	1.138	17	 ---	132.00072954551	0.0353	-52.85005150352	0.0363	5318412686452956800	  6.4386 	0.0404	-24.954	0.074	 23.273	0.066	0	 59389000.0 	  23881.0    	 6.2541	0.0004	 44392000.0  	   61297.0     	 6.2331	0.0015	  23181000.0 	  51896.0     	 6.3491	0.0024	-0.116 	   --- 	 --- 	8906.0 	0.1217	0.0625	  --- 	    ---  	  1.0  	IC_2391
-0.1248	 0.0687	-0.0349	  467.51 	   14.328	  119.965	1.656	15	 ---	132.50954677445	0.1343	-52.35654909627	0.1257	5318450993253789056	  6.6572 	0.1519	-25.094	0.276	 21.558	0.243	0	     1270.6 	      2.7179 	17.9283	0.0023	      148.65 	      10.375   	19.921 	0.0758	      1956.1 	     16.305   	16.5335	0.0091	 3.3875	   --- 	 --- 	   --- 	---   	---   	  --- 	    ---  	  1.0  	IC_2391
-0.2226	-0.143 	 0.192 	  767.795	   34.651	  197.876	1.643	14	 ---	131.98485804717	0.0992	-52.48908573437	0.1125	5318456559531059968	  6.7225 	0.1204	-26.199	0.23 	 22.104	0.253	0	     1602.5 	      2.0871 	17.6764	0.0014	      207.29 	       5.9822  	19.5599	0.0313	      2426.1 	     12.261   	16.2997	0.0055	 3.2603	   --- 	 --- 	   --- 	---   	---   	  --- 	    ---  	  1.0  	IC_2391
-0.0457	 0.2147	-0.0405	  695.19 	  146.319	  308.323	1.28 	14	 0.0	130.49085145665	0.0247	-52.87044144424	0.0295	5318504426950057728	  6.58   	0.0289	-25.728	0.05 	 22.695	0.054	0	   138270.0 	    198.9    	12.8365	0.0016	    51231.0  	     350.13    	13.5776	0.0074	    125720.0 	    407.74    	12.0134	0.0035	 1.5641	  17.12	 2.11	4354.0 	0.4812	0.2407	  0.73	    0.173	  1.0  	IC_2391
 0.0467	 0.1342	-0.0572	  779.856	  255.073	  322.996	1.186	15	 ---	130.69401676362	0.0269	-53.01694315201	0.0316	5318487208427013632	  6.3846 	0.0327	-25.704	0.057	 22.61 	0.055	1	  1540900.0 	   1975.9    	10.2189	0.0014	   843130.0  	    3305.5     	10.5366	0.0043	    984560.0 	   3048.2     	 9.7788	0.0034	 0.7578	   --- 	 --- 	5949.0 	0.113 	0.0428	  1.15	    1.48 	  1.0  	IC_2391
 0.1747	-0.0211	-0.1074	  585.113	   68.954	  224.529	1.528	14	 ---	130.47305280651	0.0578	-52.96534877422	0.0823	5318502743323310848	  6.54   	0.0676	-24.698	0.129	 22.897	0.158	0	     8968.7 	     15.328  	15.8065	0.0019	     1527.0  	      22.146   	17.3918	0.0157	     12179.0 	     54.244   	14.5479	0.0048	 2.8439	   --- 	 --- 	3841.74	---   	---   	  --- 	    ---  	  1.0  	IC_2391
-0.1632	 0.0213	 0.0596	 1078.292	   48.22 	  316.253	1.568	16	 ---	131.01918348851	0.0636	-53.00035624019	0.0693	5318508309601658496	  6.5817 	0.0739	-24.317	0.156	 23.636	0.155	0	     3235.0 	      3.0002 	16.9137	0.001 	      438.48 	       9.0934  	18.7465	0.0225	      4632.7 	     14.649   	15.5973	0.0034	 3.1492	   --- 	 --- 	3932.33	1.0105	0.584 	  --- 	    ---  	  1.0  	IC_2391
 0.0221	 0.101 	-0.0484	 2973.947	  473.178	  341.863	1.137	15	 ---	130.54129995666	0.0336	-52.96758004455	0.0407	5318499822745556992	  6.6346 	0.0386	-25.688	0.071	 23.531	0.082	1	 21495000.0 	   7227.8    	 7.3575	0.0004	 15379000.0  	   32502.0     	 7.3841	0.0023	   9061100.0 	  26505.0     	 7.369 	0.0032	 0.0151	   --- 	 --- 	9192.5 	0.134 	0.0593	  --- 	    ---  	  1.0  	IC_2391
-0.1315	 0.1255	-0.0491	 1141.654	  181.416	  431.893	1.509	16	 ---	130.15602621047	0.0437	-53.12843330109	0.0476	5318493569273146496	  6.5531 	0.0467	-25.793	0.098	 23.173	0.094	0	     9406.0 	      8.2389 	15.7549	0.001 	     1686.5  	       9.2965  	17.2839	0.006 	     12511.0 	     28.967   	14.5187	0.0025	 2.7652	   --- 	 --- 	4241.22	---   	---   	  --- 	    ---  	  1.0  	IC_2391
-0.2709	-0.0328	 0.1546	  801.588	   17.386	  363.824	1.602	15	 ---	130.12612053486	0.0877	-53.19182171018	0.0998	5318492568536759936	  6.4747 	0.1029	-24.512	0.215	 23.191	0.228	0	     1968.5 	      2.4558 	17.453 	0.0014	      262.68 	      15.109   	19.3028	0.0624	      2891.8 	      7.9484  	16.109 	0.003 	 3.1938	   --- 	 --- 	   --- 	---   	---   	  --- 	    ---  	  1.0  	IC_2391
 0.0263	 0.1366	-0.0528	 1375.558	  202.957	  500.319	1.451	15	 ---	130.52037229355	0.0364	-52.89820798979	0.0433	5318503533597353856	  6.5085 	0.0422	-24.443	0.079	 23.365	0.084	0	    22140.0 	     16.095  	14.8254	0.0008	     4600.4  	      22.667   	16.1944	0.0053	     27517.0 	     54.999   	13.6629	0.0022	 2.5315	   --- 	 --- 	3545.0 	---   	---   	  0.58	    0.047	  1.0  	IC_2391
-0.0794	 0.083 	-0.0811	  468.244	  108.116	  143.402	1.34 	17	 ---	130.86591024159	0.013 	-52.95986732618	0.0143	5318510332522027008	  6.6143 	0.0145	-24.198	0.03 	 24.351	0.028	0	    86675.0 	    185.11   	13.3436	0.0023	    28142.0  	     260.29    	14.228 	0.01  	     88011.0 	    613.74    	12.4006	0.0076	 1.8274	   --- 	 --- 	3984.0 	0.472 	0.266 	  0.76	    0.132	  1.0  	IC_2391
 0.2653	 0.0693	-0.2909	  728.825	  237.258	  311.138	1.21 	14	 ---	130.56130603688	0.0305	-52.93388022576	0.0316	5318500303781947776	  6.5932 	0.0345	-24.684	0.074	 23.393	0.066	0	  1214800.0 	   1666.8    	10.4771	0.0015	   587760.0  	    2477.3     	10.9284	0.0046	    881690.0 	   2833.8     	 9.8986	0.0035	 1.0298	   --- 	 --- 	5124.95	0.751 	0.364 	  1.38	    1.189	  1.0  	IC_2391
-0.0111	 0.103 	 0.0996	 1195.733	  151.895	  345.446	1.557	16	 ---	130.4127379537 	0.0475	-53.15645977592	0.0561	5318490476885356928	  6.8575 	0.0551	-25.678	0.112	 23.876	0.116	0	     9383.3 	      7.8473 	15.7575	0.0009	     1635.2  	      10.765   	17.3175	0.0071	     12971.0 	     37.549   	14.4795	0.0031	 2.838 	   --- 	 --- 	3904.36	1.348 	0.75  	  --- 	    ---  	  1.0  	IC_2391
 0.0063	 0.106 	 0.1371	  950.855	   53.512	  331.494	1.568	15	 ---	130.35811156717	0.0803	-53.44289337298	0.0812	5318471304162465664	  6.4857 	0.0938	-23.794	0.17 	 22.107	0.159	0	     4101.5 	      4.3135 	16.656 	0.0011	      509.36 	       9.5185  	18.5838	0.0203	      5923.7 	     17.87    	15.3304	0.0033	 3.2534	   --- 	 --- 	3814.52	---   	---   	  --- 	    ---  	  1.0  	IC_2391
-0.0257	 0.2088	-0.1428	 1202.159	  324.566	  443.819	1.343	16	 ---	130.62768738792	0.0152	-52.95947963405	0.0172	5318500063263771008	  6.5868 	0.0176	-24.917	0.033	 22.856	0.031	0	    66559.0 	     55.366  	13.6303	0.0009	    20145.0  	      62.066   	14.591 	0.0033	     69219.0 	    155.96    	12.6614	0.0024	 1.9296	   --- 	 --- 	3963.0 	1.44  	0.7063	  0.68	    0.103	  1.0  	IC_2391
-0.2553	-0.0814	 0.1856	  721.851	   16.101	  175.056	1.661	15	 ---	130.30136998373	0.1082	-53.15270319559	0.1222	5318491022348593536	  6.3985 	0.1291	-23.871	0.273	 23.153	0.297	0	     1445.4 	      2.0023 	17.7884	0.0015	      178.72 	      11.1     	19.721 	0.0674	      2221.5 	     12.69    	16.3953	0.0062	 3.3256	   --- 	 --- 	   --- 	---   	---   	  --- 	    ---  	  1.0  	IC_2391
-0.1677	-0.0339	 0.3012	 1277.499	   85.815	  502.122	1.546	15	 ---	130.91378738022	0.0495	-53.13201881075	0.0588	5318505285944674432	  6.3015 	0.061 	-24.171	0.114	 23.908	0.136	0	     5615.5 	      4.3957 	16.3149	0.0008	      805.27 	       9.3837  	18.0865	0.0127	      7874.5 	     15.683   	15.0214	0.0022	 3.0652	   --- 	 --- 	4323.74	1.755 	1.0097	  --- 	    ---  	  1.0  	IC_2391
 0.0535	 0.0397	-0.1212	 1530.272	  194.344	  588.38 	1.377	15	 ---	130.57715082904	0.0205	-53.03236418857	0.0253	5318498688873909632	  6.5602 	0.0234	-23.47 	0.044	 23.345	0.052	0	   102580.0 	     67.035  	13.1607	0.0007	    27942.0  	     143.78    	14.2357	0.0056	    113280.0 	    192.54    	12.1265	0.0018	 2.1092	   --- 	 --- 	3580.0 	---   	---   	  1.19	    0.21 	  1.0  	IC_2391
-0.3297	-0.2122	 0.2334	  611.66 	   20.475	  167.978	1.691	14	 ---	130.81286973007	0.1334	-52.97292925001	0.1476	5318510989661480832	  6.7211 	0.1565	-24.445	0.334	 23.757	0.34 	0	     1722.4 	      2.816  	17.598 	0.0018	      189.24 	       9.2425  	19.6588	0.053 	      2724.0 	     16.217   	16.1739	0.0065	 3.4849	   --- 	 --- 	   --- 	---   	---   	  --- 	    ---  	  1.0  	IC_2391
-0.1911	-0.303 	 0.1501	 1054.835	   23.892	  316.848	1.665	13	 ---	130.16998277466	0.0932	-53.22536589232	0.1067	5318492224939330944	  6.3651 	0.1196	-24.98 	0.281	 22.85 	0.224	0	     2718.2 	      2.5769 	17.1027	0.001 	      379.32 	      15.876   	18.9039	0.0454	      4146.2 	     13.086   	15.7178	0.0034	 3.1861	   --- 	 --- 	   --- 	---   	---   	  --- 	    ---  	  1.0  	IC_2391
 0.0924	 0.1345	-0.0949	 1343.014	  213.092	  434.266	1.499	16	 ---	130.74439210725	0.0364	-53.09827115747	0.0449	5318485735252703232	  6.75   	0.0443	-25.17 	0.083	 22.9  	0.086	0	    19288.0 	     14.361  	14.9752	0.0008	     3328.2  	      15.619   	16.5459	0.0051	     25579.0 	     58.903   	13.7422	0.0025	 2.8037	   --- 	 --- 	3865.84	---   	---   	  --- 	    ---  	  1.0  	IC_2391
-0.016 	 0.1765	-0.0935	 1762.067	  382.536	  736.099	1.371	16	 ---	130.04383513611	0.0496	-53.16482300225	0.0569	5318493260034937984	  6.2918 	0.0557	-25.824	0.105	 23.906	0.104	0	    51889.0 	     29.448  	13.9007	0.0006	    14198.0  	      37.115   	14.9708	0.0028	     56919.0 	     77.326   	12.8738	0.0015	 2.0971	   --- 	 --- 	3820.95	---   	---   	  0.71	    0.097	  0.8  	IC_2391
-0.2074	-0.1303	 0.1838	 1028.103	   54.1  	  323.236	1.58 	14	 ---	130.70180216936	0.0579	-53.05500786153	0.0732	5318486834764273792	  6.391  	0.0732	-24.87 	0.145	 23.146	0.162	0	     3715.8 	      3.6142 	16.7632	0.0011	      583.47 	      10.785   	18.4363	0.0201	      5289.1 	     16.363   	15.4535	0.0034	 2.9829	   --- 	 --- 	4637.05	0.6612	0.3423	  --- 	    ---  	  1.0  	IC_2391
-0.2871	-0.0546	 0.1482	  947.238	   36.659	  200.427	1.577	15	 ---	130.3713169582 	0.0745	-53.27275619724	0.0914	5318477759489411072	  6.6179 	0.0899	-24.837	0.188	 22.4  	0.203	0	     2562.3 	      2.7051 	17.1668	0.0011	      343.93 	       9.3821  	19.0102	0.0296	      3696.9 	     18.445   	15.8423	0.0054	 3.1679	   --- 	 --- 	   --- 	---   	---   	  --- 	    ---  	  1.0  	IC_2391
-0.1665	-0.0533	 0.2373	 1104.734	   84.331	  363.843	1.577	15	 ---	130.3996724475 	0.0547	-53.15735385756	0.066 	5318490545615836032	  6.5694 	0.0664	-24.609	0.144	 22.857	0.157	0	     4009.0 	      3.6289 	16.6808	0.001 	      556.08 	       6.594   	18.4885	0.0129	      5764.8 	     15.844   	15.36  	0.003 	 3.1286	   --- 	 --- 	4065.0 	1.4005	0.7733	  --- 	    ---  	  1.0  	IC_2391
-0.0602	 0.0503	-0.0833	 1225.132	  226.011	  400.774	1.398	17	 ---	130.86543472273	0.0399	-52.96076419119	0.0436	5318510336826176384	  6.6624 	0.045 	-26.484	0.094	 22.767	0.09 	0	    63033.0 	     51.45   	13.6894	0.0009	    16518.0  	      73.083   	14.8065	0.0048	     71584.0 	    178.61    	12.6249	0.0027	 2.1816	   --- 	 --- 	3574.67	2.378 	1.186 	  0.92	    0.125	  1.0  	IC_2391
-0.2268	-0.0218	 0.29  	  734.07 	   35.59 	  220.656	1.585	15	 ---	130.77811479989	0.0961	-53.26240765532	0.0982	5318480748787498112	  6.3105 	0.112 	-24.256	0.237	 23.326	0.223	0	     2239.0 	      3.0501 	17.3132	0.0015	      285.87 	       8.0322  	19.211 	0.0305	      3263.6 	     14.791   	15.9777	0.0049	 3.2333	   --- 	 --- 	   --- 	---   	---   	  --- 	    ---  	  1.0  	IC_2391
-0.1578	-0.1787	 0.2175	  617.181	    9.269	   75.458	1.885	13	 ---	130.696780425  	0.1225	-53.15624050645	0.149 	5318485112475587712	  6.5581 	0.1576	-25.109	0.327	 23.628	0.329	0	     1274.2 	      2.0646 	17.9252	0.0018	      222.94 	      24.052   	19.4809	0.1171	      2178.5 	     28.871   	16.4165	0.0144	 3.0644	   --- 	 --- 	   --- 	---   	---   	  --- 	    ---  	  1.0  	IC_2391
-0.0992	 0.2945	 0.0349	  516.433	   97.906	  223.744	1.433	16	 ---	130.46461149924	0.0308	-53.34978428749	0.0352	5318476423763513344	  6.4806 	0.0353	-24.575	0.068	 23.304	0.068	0	    24729.0 	     47.885  	14.7053	0.0021	     5421.5  	      55.374   	16.0161	0.0111	     30010.0 	    134.13    	13.5687	0.0049	 2.4474	   --- 	 --- 	3698.0 	---   	---   	  0.53	    0.048	  1.0  	IC_2391
-0.2481	-0.0526	 0.1755	  733.769	   41.016	  178.554	1.593	14	 ---	130.17379164736	0.0795	-53.14289129061	0.0861	5318492744638910848	  6.5638 	0.0896	-24.04 	0.191	 23.522	0.201	0	     2576.4 	      3.5111 	17.1608	0.0015	      375.24 	       9.1487  	18.9156	0.0265	      3728.9 	     20.884   	15.833 	0.0061	 3.0826	   --- 	 --- 	   --- 	---   	---   	  --- 	    ---  	  1.0  	IC_2391
-0.0443	 0.3165	-0.0028	  470.164	  131.113	  188.089	1.26 	17	 0.0	130.35768469   	0.0224	-53.37807734535	0.0241	5318474941990522368	  6.6492 	0.0253	-25.044	0.047	 25.062	0.044	0	   255250.0 	    542.91   	12.1709	0.0023	   106060.0  	     808.94    	12.7875	0.0083	    215580.0 	   1146.2     	11.4279	0.0058	 1.3596	  20.72	11.17	4982.0 	0.699 	0.3397	  0.67	    0.253	  1.0  	IC_2391
-0.1894	-0.0597	 0.1503	  827.982	   35.279	  162.743	1.607	14	 ---	130.46380604581	0.0734	-52.81878510624	0.0916	5318551740311805440	  6.2804 	0.0938	-23.725	0.175	 22.833	0.214	0	     3114.3 	      3.7613 	16.955 	0.0013	      438.02 	      12.416   	18.7477	0.0308	      4565.4 	     28.053   	15.6132	0.0067	 3.1344	   --- 	 --- 	4228.88	1.2915	0.734 	  --- 	    ---  	  1.0  	IC_2391
 0.0013	 0.1283	-0.0826	 2367.378	  675.389	  443.023	1.138	16	 ---	130.2020148528 	0.1096	-52.8018373028 	0.1269	5318554111133634432	  6.6694 	0.1223	-24.52 	0.236	 23.019	0.247	1	 23689000.0 	  10006.0    	 7.252 	0.0005	 17044000.0  	   25236.0     	 7.2724	0.0016	   9923400.0 	  22399.0     	 7.2703	0.0025	 0.0022	   --- 	 --- 	9668.0 	0.067 	0.039 	  --- 	    ---  	  1.0  	IC_2391
-0.0024	 0.1269	-0.1035	 1198.534	  243.734	  484.752	1.325	17	 ---	130.94504943539	0.0141	-52.84772346227	0.0138	5318513532282032512	  6.5938 	0.0156	-25.031	0.032	 23.385	0.028	0	    78500.0 	     65.497  	13.4512	0.0009	    25199.0  	     103.39    	14.348 	0.0045	     78789.0 	    162.54    	12.5208	0.0022	 1.8272	   --- 	 --- 	4169.98	0.946 	0.4565	  0.63	    0.107	  1.0  	IC_2391
 0.0253	 0.1051	-0.0381	 4064.722	  608.431	  659.285	1.182	15	 0.0	130.29138937934	0.0242	-52.90283000646	0.0275	5318549678727766656	  6.5757 	0.0262	-25.679	0.05 	 22.852	0.057	0	  2457000.0 	    604.47   	 9.7124	0.0003	  1412300.0  	    2321.3     	 9.9765	0.0018	   1492900.0 	   2264.4     	 9.3268	0.0016	 0.6497	  11.52	13.4 	6412.2 	0.032 	0.0208	  1.2 	    2.199	  1.0  	IC_2391
-0.2681	-0.0517	 0.1862	  450.357	   15.393	  158.705	1.645	15	 ---	129.91883716486	0.0913	-53.10198403496	0.1061	5318541428084843904	  6.4936 	0.1095	-24.712	0.214	 24.129	0.251	0	     1772.9 	      3.9367 	17.5666	0.0024	      249.61 	      16.215   	19.3582	0.0705	      2667.7 	     16.809   	16.1966	0.0068	 3.1617	   --- 	 --- 	   --- 	---   	---   	  --- 	    ---  	  1.0  	IC_2391
 0.1311	 0.2568	-0.1406	  634.086	  238.772	  333.778	1.221	14	 0.0	130.98653492666	0.0771	-52.68479457468	0.0764	5318532189619619328	  6.677  	0.0872	-22.951	0.157	 22.842	0.141	0	   559210.0 	    881.91   	11.3194	0.0017	   263980.0  	    1105.6     	11.7975	0.0045	    418890.0 	   1255.0     	10.7067	0.0033	 1.0908	  14.84	 3.7 	5003.8 	0.35  	0.173 	  0.98	    0.547	  1.0  	IC_2391
-0.2781	 0.0119	 0.2023	 1113.181	   37.872	  274.377	1.615	15	 ---	130.28670903966	0.0671	-52.81064150172	0.0777	5318552496225991680	  6.4648 	0.0805	-23.79 	0.16 	 23.255	0.178	0	     3387.4 	      3.043  	16.8637	0.001 	      425.02 	      11.222   	18.7804	0.0287	      5045.0 	     18.387   	15.5048	0.004 	 3.2756	   --- 	 --- 	4359.07	---   	---   	  --- 	    ---  	  1.0  	IC_2391
-0.1908	 0.3789	-0.2056	 2660.32 	  776.922	  542.445	1.158	13	 0.0	129.99374728053	0.0368	-53.05061333151	0.041 	5318541982138813824	  6.6093 	0.0444	-25.305	0.074	 24.689	0.066	0	  6728400.0 	   2529.2    	 8.6186	0.0004	  4250500.0  	    5471.0     	 8.7803	0.0014	   3540000.0 	   6525.9     	 8.3894	0.002 	 0.3908	  17.24	 0.83	7390.6 	0.3233	0.161 	  1.5 	    6.048	  1.0  	IC_2391
 0.0712	-0.0157	-0.0689	  809.898	  115.553	  324.94 	1.461	15	 ---	130.28397692109	0.0309	-52.63480058343	0.0385	5318557581467400320	  6.6287 	0.0359	-25.583	0.075	 24.054	0.084	0	    17220.0 	     21.262  	15.0983	0.0013	     3430.6  	      29.689   	16.513 	0.0094	     21729.0 	     66.872   	13.9193	0.0033	 2.5937	   --- 	 --- 	3656.63	---   	---   	  --- 	    ---  	  1.0  	IC_2391
-0.077 	 0.152 	 0.1198	  437.804	   72.32 	  159.479	1.567	15	 ---	130.90989397459	0.0687	-52.848552813  	0.0675	5318513459254598528	  6.502  	0.0787	-24.902	0.159	 22.716	0.142	0	     4780.5 	     10.919  	16.4897	0.0025	      705.44 	       9.7544  	18.2302	0.015 	      6784.8 	     42.544   	15.1831	0.0068	 3.0472	   --- 	 --- 	4089.48	1.4   	0.78  	  --- 	    ---  	  1.0  	IC_2391
-0.1548	 0.0956	 0.1094	 1146.951	   78.236	  375.507	1.577	13	 ---	130.70412515684	0.0616	-52.87094605234	0.0729	5318524183800706048	  6.4166 	0.078 	-25.676	0.145	 23.772	0.151	0	     7591.7 	      6.6191 	15.9875	0.0009	      981.14 	      12.541   	17.8721	0.0139	     10993.0 	     29.276   	14.6591	0.0029	 3.213 	   --- 	 --- 	4062.62	---   	---   	  --- 	    ---  	  0.9  	IC_2391
-0.0297	 0.1243	-0.1128	  457.049	  707.747	  137.075	1.131	13	 ---	129.98981628928	0.1857	-53.05462610521	0.2297	5318541982145960064	  6.7603 	0.2111	-25.431	0.389	 22.318	0.399	0	165490000.0 	 362090.0    	 5.1414	0.0024	126030000.0  	  178080.0     	 5.1002	0.0015	  61166000.0 	 446220.0     	 5.2956	0.0079	-0.1955	   --- 	 --- 	8868.67	0.108 	0.0518	  --- 	    ---  	  0.9  	IC_2391
-0.0924	 0.0183	 0.1241	  594.154	   92.224	  232.308	1.428	14	 ---	130.30858351747	0.0407	-52.67249262964	0.0393	5318557237870027776	  6.5327 	0.0436	-24.267	0.098	 23.748	0.087	0	    25397.0 	     42.744  	14.6764	0.0018	     5755.7  	      62.41    	15.9511	0.0118	     30507.0 	    131.32    	13.5509	0.0047	 2.4002	   --- 	 --- 	3489.5 	---   	---   	  0.65	    0.056	  1.0  	IC_2391
 0.0215	 0.2924	 0.0262	  586.685	  164.275	  221.981	1.22 	15	 0.0	130.06753469726	0.02  	-52.94133714937	0.0254	5318546822567826944	  6.541  	0.0258	-23.221	0.043	 23.233	0.042	0	   439930.0 	    749.87   	11.5799	0.0019	   210060.0  	    1278.7     	12.0455	0.0066	    326700.0 	   1471.8     	10.9765	0.0049	 1.069 	   7.14	 5.52	5092.68	0.172 	0.0882	  0.85	    0.44 	  1.0  	IC_2391
-0.0867	 0.0262	 0.0669	  639.027	  134.464	  230.703	1.479	16	 ---	130.29204035053	0.0384	-52.65576954847	0.0438	5318557512747932672	  6.6131 	0.0436	-25.158	0.093	 23.506	0.097	0	    16074.0 	     25.153  	15.1731	0.0017	     3120.3  	      23.205   	16.6159	0.0081	     20659.0 	     89.548   	13.9741	0.0047	 2.6418	   --- 	 --- 	3562.0 	---   	---   	  --- 	    ---  	  1.0  	IC_2391
 0.0414	 0.1431	 0.0358	  495.506	   77.165	  100.62 	1.463	15	 ---	130.20015801238	0.0374	-52.79163029392	0.0439	5318554179853105024	  6.5627 	0.0411	-24.261	0.086	 23.072	0.088	0	    21091.0 	     42.565  	14.8781	0.0022	     4521.6  	      58.597   	16.2132	0.0141	     26328.0 	    261.65    	13.7109	0.0108	 2.5023	   --- 	 --- 	3422.0 	2.3388	1.1667	  0.63	    0.049	  1.0  	IC_2391
-0.2655	 0.0828	 0.1264	  796.244	   36.092	  310.129	1.635	14	 ---	130.1958496185 	0.0882	-52.80851626352	0.0948	5318554076773894400	  6.398  	0.1029	-24.279	0.217	 23.821	0.224	0	     2293.1 	      2.8799 	17.2873	0.0014	      333.7  	       9.2458  	19.043 	0.0301	      3416.0 	     11.015   	15.9281	0.0035	 3.1149	   --- 	 --- 	   --- 	---   	---   	  --- 	    ---  	  1.0  	IC_2391
 0.0095	 0.2327	-0.0917	 1170.154	  154.371	  372.682	1.489	15	 ---	130.18786539407	0.0434	-52.81439333441	0.0445	5318554076773891328	  6.4036 	0.0488	-23.968	0.097	 22.534	0.085	0	    15924.0 	     13.609  	15.1832	0.0009	     2880.2  	      18.657   	16.7028	0.007 	     20825.0 	     55.878   	13.9655	0.0029	 2.7374	   --- 	 --- 	4428.37	---   	---   	  --- 	    ---  	  1.0  	IC_2391
-0.0147	 0.277 	 0.022 	 4444.78 	  673.47 	  471.626	1.171	15	 0.0	130.82441718002	0.0241	-52.60301906321	0.0309	5318536999982933248	  6.5242 	0.0328	-24.651	0.051	 22.758	0.048	1	  4585800.0 	   1031.7    	 9.0348	0.0002	  2751600.0  	    4085.6     	 9.2524	0.0016	   2618200.0 	   5551.5     	 8.7169	0.0023	 0.5355	  14.15	 1.45	6677.4 	0.3433	0.134 	  1.53	    4.168	  1.0  	IC_2391
-0.0029	 0.1007	-0.0112	  313.843	  163.76 	  291.436	1.617	17	 ---	130.79403438349	0.0815	-52.83701560591	0.0886	5318525042794424704	  6.2852 	0.0943	-24.892	0.186	 25.235	0.173	0	    27274.0 	     86.905  	14.599 	0.0035	     6619.4  	      40.422   	15.7993	0.0066	     37484.0 	    128.62    	13.3273	0.0037	 2.472 	   --- 	 --- 	3616.01	---   	---   	  0.62	    0.059	  0.6  	IC_2391
-0.0375	 0.2742	 0.2018	 1114.641	   33.429	  332.203	1.577	13	 ---	130.81436020923	0.0636	-52.64694387236	0.0775	5318536037910263808	  6.5813 	0.0837	-25.259	0.144	 23.005	0.146	0	     6666.0 	      5.9804 	16.1287	0.001 	      886.69 	      26.525   	17.982 	0.0325	      9626.1 	     28.977   	14.8033	0.0033	 3.1787	   --- 	 --- 	3962.17	---   	---   	  --- 	    ---  	  1.0  	IC_2391
-0.0662	 0.093 	 0.0271	  974.526	   36.493	  299.522	1.577	15	 ---	131.23131179278	0.063 	-52.77815500837	0.0671	5318517449291928960	  6.9154 	0.0729	-24.98 	0.142	 23.762	0.14 	0	     3962.3 	      4.0659 	16.6935	0.0011	      539.53 	      14.785   	18.5213	0.0298	      5710.4 	     19.065   	15.3703	0.0036	 3.1511	   --- 	 --- 	3933.15	1.289 	0.7343	  --- 	    ---  	  1.0  	IC_2391
 0.0874	 0.2702	 0.019 	  862.446	  621.285	  410.997	1.139	16	 ---	130.07259374786	0.0799	-53.01529667483	0.0946	5318543425255007872	  6.4613 	0.0946	-24.794	0.173	 23.082	0.164	0	116680000.0 	 135290.0    	 5.5208	0.0013	 88920000.0  	  143120.0     	 5.4789	0.0017	  43956000.0 	 106950.0     	 5.6544	0.0026	-0.1755	   --- 	 --- 	8868.67	0.0567	0.039 	  --- 	    ---  	  1.0  	IC_2391
 0.1012	 0.2254	-0.1468	  588.706	  189.164	  245.505	1.211	16	 0.0	131.10882082289	0.0224	-52.70887922394	0.0226	5318521671232021632	  6.5757 	0.0252	-24.868	0.047	 23.376	0.042	0	   567830.0 	    964.54   	11.3028	0.0018	   283330.0  	    1497.8     	11.7207	0.0057	    404220.0 	   1646.5     	10.7454	0.0044	 0.9753	  13.84	 2.47	5335.67	0.143 	0.0715	  0.86	    0.541	  1.0  	IC_2391
 0.0225	 0.3066	 0.0439	  427.459	  112.306	  168.295	1.228	15	 0.0	129.97086582221	0.019 	-52.96568777242	0.024 	5318545521198976000	  6.5599 	0.0238	-24.35 	0.042	 23.896	0.043	0	   409250.0 	    957.4    	11.6584	0.0025	   196410.0  	    1748.9     	12.1185	0.0097	    306050.0 	   1818.5     	11.0474	0.0065	 1.0711	  16.85	 1.66	5041.75	0.133 	0.0693	  0.84	    0.411	  1.0  	IC_2391
 0.0274	 0.2695	-0.0743	 3047.362	  616.09 	  629.428	1.168	16	 0.0	129.92917914866	0.0217	-52.96414129647	0.026 	5318546139674245888	  6.636  	0.0265	-25.44 	0.048	 22.481	0.049	0	  4795900.0 	   1573.8    	 8.9862	0.0004	  2896700.0  	    4701.8     	 9.1966	0.0018	   2705200.0 	   4297.9     	 8.6814	0.0017	 0.5152	  16.78	 2.79	6829.0 	0.392 	0.1398	  1.47	    4.217	  1.0  	IC_2391
 0.0343	 0.3654	-0.0979	 1094.118	  117.858	  542.205	1.503	15	 ---	129.90778935986	0.0416	-53.00083222943	0.0453	5318544971443141632	  6.626  	0.0494	-25.008	0.089	 22.302	0.083	0	    11754.0 	     10.743  	15.5129	0.001 	     2127.3  	      18.049   	17.0318	0.0092	     15544.0 	     28.668   	14.283 	0.002 	 2.7488	   --- 	 --- 	4163.88	---   	---   	  --- 	    ---  	  1.0  	IC_2391
-0.0613	-0.0897	 0.1589	  836.122	   35.395	  192.749	1.634	15	 ---	130.22979002537	0.0731	-52.58046647983	0.0872	5318569676094904192	  6.5507 	0.0867	-25.622	0.183	 23.531	0.205	0	     2936.3 	      3.5118 	17.0189	0.0013	      341.56 	       9.6501  	19.0177	0.0307	      4455.0 	     23.113   	15.6398	0.0056	 3.3779	   --- 	 --- 	4297.63	---   	---   	  --- 	    ---  	  1.0  	IC_2391
-0.0091	 0.057 	-0.0758	 1400.455	  251.49 	  409.558	1.402	16	 ---	130.23948550378	0.0242	-52.63899443331	0.0298	5318569195058991616	  6.5938 	0.028 	-25.24 	0.057	 23.574	0.064	1	    33637.0 	     24.018  	14.3713	0.0008	     8206.6  	      32.632   	15.566 	0.0043	     38958.0 	     95.121   	13.2854	0.0027	 2.2805	   --- 	 --- 	3511.0 	1.887 	0.9472	  0.72	    0.072	  1.0  	IC_2391
 0.1308	 0.0703	-0.1551	  767.972	  233.29 	  309.011	1.205	15	 0.0	129.76156696288	0.0212	-52.71059273583	0.0243	5318565656005527936	  6.4985 	0.0243	-23.712	0.046	 23.825	0.048	0	   994870.0 	   1295.5    	10.6939	0.0014	   506170.0  	    2169.7     	11.0907	0.0047	    692670.0 	   2241.6     	10.1606	0.0035	 0.9301	  11.82	 3.91	5430.25	0.4017	0.1905	  1.11	    0.958	  1.0  	IC_2391
-0.2318	 0.0514	 0.173 	  801.056	   26.417	  308.07 	1.6  	14	 ---	130.2206699668 	0.075 	-52.38326055281	0.101 	5318598980649814144	  6.451  	0.0901	-24.191	0.172	 22.353	0.223	0	     2114.1 	      2.6391 	17.3756	0.0014	      264.21 	      10.001   	19.2965	0.0411	      3117.4 	     10.119   	16.0274	0.0035	 3.2691	   --- 	 --- 	   --- 	---   	---   	  --- 	    ---  	  1.0  	IC_2391
-0.0564	-0.0652	 0.2083	  716.083	   26.08 	  173.631	1.643	15	 ---	130.11521914584	0.0752	-52.50010829586	0.0887	5318573971062181248	  6.2854 	0.0898	-23.55 	0.181	 22.169	0.2  	0	     2302.6 	      3.2156 	17.2828	0.0015	      259.56 	       9.9527  	19.3158	0.0416	      3524.7 	     20.3     	15.8941	0.0063	 3.4217	   --- 	 --- 	   --- 	---   	---   	  --- 	    ---  	  1.0  	IC_2391
-0.0176	 0.1751	-0.1979	  479.42 	   98.13 	  150.505	1.457	16	 ---	130.60881258573	0.0368	-52.31424163256	0.0398	5318602592725367424	  6.4281 	0.0424	-24.095	0.082	 22.039	0.085	0	    19310.0 	     40.279  	14.9739	0.0023	     4040.2  	      41.172   	16.3354	0.0111	     24099.0 	    160.12    	13.8069	0.0072	 2.5285	   --- 	 --- 	3494.07	---   	---   	  0.57	    0.044	  1.0  	IC_2391
-0.2362	 0.1583	 0.1984	  911.43 	   44.574	  248.046	1.583	13	 ---	130.20098713079	0.0599	-52.3414132883 	0.068 	5318599362909734400	  6.4996 	0.0717	-24.379	0.131	 22.821	0.147	0	     3952.9 	      4.337  	16.6961	0.0012	      534.91 	      12.001   	18.5307	0.0244	      5723.9 	     23.076   	15.3677	0.0044	 3.163 	   --- 	 --- 	4018.37	1.599 	0.894 	  --- 	    ---  	  1.0  	IC_2391
-0.0236	-0.0281	 0.0859	  749.8  	   69.321	  313.313	1.608	16	 ---	130.04150917748	0.0706	-52.58643358124	0.075 	5318571840758892288	  6.4384 	0.0802	-24.516	0.178	 23.473	0.16 	0	     3793.9 	      5.0599 	16.7406	0.0014	      428.67 	       6.1839  	18.7711	0.0157	      5672.3 	     18.104   	15.3775	0.0035	 3.3936	   --- 	 --- 	4179.63	---   	---   	  --- 	    ---  	  1.0  	IC_2391
 0.0027	 0.0091	 0.2268	  523.22 	   65.718	  228.42 	1.555	13	 ---	130.44660358283	0.0601	-52.55477621278	0.0711	5318581530206048256	  6.6363 	0.0717	-24.921	0.143	 22.008	0.157	0	     5624.5 	     10.75   	16.3132	0.0021	      855.36 	      13.016   	18.021 	0.0165	      7891.5 	     34.548   	15.019 	0.0048	 3.002 	   --- 	 --- 	4385.13	1.293 	0.72  	  --- 	    ---  	  1.0  	IC_2391
 0.0299	 0.09  	-0.0145	 2508.821	  713.359	  659.64 	1.156	17	 0.0	130.00665198824	0.0251	-52.70338361377	0.0283	5318567958108066944	  6.6365 	0.028 	-24.571	0.057	 23.381	0.053	1	  7697100.0 	   3068.0    	 8.4726	0.0004	  4952600.0  	    6942.6     	 8.6143	0.0015	   3948400.0 	   5985.7     	 8.2709	0.0016	 0.3434	  15.65	 0.49	7601.0 	0.166 	0.0803	  1.52	    6.935	  1.0  	IC_2391
-0.064 	 0.1819	-0.0385	  758.26 	  160.143	  350.907	1.413	15	 ---	130.5364713519 	0.0299	-52.74701877252	0.0317	5318575482892257536	  6.624  	0.0342	-24.898	0.07 	 23.009	0.063	0	    44606.0 	     58.827  	14.0649	0.0014	    10468.0  	      65.366   	15.3017	0.0068	     52553.0 	    149.76    	12.9604	0.0031	 2.3413	   --- 	 --- 	3447.25	---   	---   	  0.88	    0.099	  1.0  	IC_2391
-0.2412	 0.1388	 0.2275	  850.774	   20.814	  286.942	1.618	13	 ---	130.50544282461	0.0866	-52.74495111176	0.1013	5318575654690961152	  6.591  	0.1096	-24.352	0.207	 23.412	0.231	0	     2994.6 	      3.5199 	16.9975	0.0013	      346.79 	      16.661   	19.0012	0.0522	      4499.7 	     15.682   	15.629 	0.0038	 3.3723	   --- 	 --- 	4297.63	---   	---   	  --- 	    ---  	  1.0  	IC_2391
-0.0891	 0.3238	-0.1752	 1083.454	  143.472	  482.849	1.492	16	 ---	130.40477290331	0.0508	-52.21207391167	0.0556	5318607540527504768	  6.6486 	0.059 	-26.043	0.113	 23.356	0.103	0	     8737.3 	      8.0643 	15.8349	0.001 	     1515.7  	      10.564   	17.3999	0.0076	     11520.0 	     23.859   	14.6083	0.0022	 2.7916	   --- 	 --- 	3645.99	1.1168	0.6373	  --- 	    ---  	  1.0  	IC_2391
 0.0004	 0.192 	-0.104 	 1283.209	  221.092	  519.974	1.413	16	 ---	130.54692132034	0.0372	-52.1730183768 	0.0461	5318608536959995648	  6.565  	0.0447	-25.185	0.085	 23.149	0.091	0	    58842.0 	     45.855  	13.7641	0.0008	    13889.0  	      62.821   	14.9947	0.0049	     69253.0 	    133.19    	12.6608	0.0021	 2.3339	   --- 	 --- 	3647.25	---   	---   	  0.85	    0.114	  1.0  	IC_2391
 0.046 	 0.1129	-0.0094	  835.984	  133.547	  446.538	1.423	15	 ---	131.78576423932	0.0298	-52.33286454073	0.0331	5318623586524753280	  6.5323 	0.0356	-25.143	0.064	 22.948	0.063	1	    24252.0 	     29.01   	14.7265	0.0013	     5449.3  	      40.804   	16.0105	0.0081	     29066.0 	     65.093   	13.6034	0.0024	 2.4071	   --- 	 --- 	3424.0 	---   	---   	  0.68	    0.057	  1.0  	IC_2391
 0.1381	 0.2598	-0.064 	 1467.659	  105.398	  491.289	1.514	16	 ---	131.94445936784	0.0512	-51.79424064868	0.0557	5318678802624759680	  6.751  	0.0599	-26.464	0.108	 23.047	0.103	0	     8137.6 	      5.5446 	15.9121	0.0007	     1290.8  	      12.247   	17.5742	0.0103	     11028.0 	     22.447   	14.6557	0.0022	 2.9185	   --- 	 --- 	3927.47	---   	---   	  --- 	    ---  	  1.0  	IC_2391
-0.0335	 0.0807	 0.2533	 1132.864	   58.788	  383.172	1.551	13	 ---	131.80360389117	0.0646	-51.84157496887	0.0706	5318677668753476864	  6.7118 	0.0769	-25.561	0.14 	 22.905	0.16 	0	     4676.0 	      4.1276 	16.5137	0.001 	      756.76 	      12.873   	18.154 	0.0185	      6496.6 	     16.955   	15.2302	0.0028	 2.9238	   --- 	 --- 	4648.69	0.908 	0.517 	  --- 	    ---  	  1.0  	IC_2391
 0.01  	 0.0031	 0.038 	 1116.27 	  291.848	  461.173	1.248	14	 0.0	131.9106915352 	0.0722	-52.26934107955	0.0824	5318647466543875584	  6.9541 	0.0869	-25.407	0.16 	 24.423	0.178	0	   406750.0 	    364.38   	11.665 	0.001 	   171890.0  	     588.98    	12.2632	0.0037	    335670.0 	    727.87    	10.9471	0.0024	 1.3161	  16.68	 2.97	4953.0 	0.677 	0.3317	  0.83	    0.371	  0.9  	IC_2391
-0.0339	 0.1027	 0.0764	  902.268	   56.568	  343.389	1.593	15	 ---	131.08019097441	0.0767	-52.16056141009	0.0799	5318687942316474496	  6.6694 	0.0903	-24.989	0.159	 22.593	0.159	0	     2998.6 	      3.3234 	16.9961	0.0012	      389.53 	       6.8861  	18.875 	0.0192	      4386.7 	     12.775   	15.6566	0.0032	 3.2184	   --- 	 --- 	4073.19	---   	---   	  --- 	    ---  	  1.0  	IC_2391
 0.0865	 0.117 	-0.1257	  820.303	  101.805	  351.641	1.525	16	 ---	131.15963932024	0.058 	-52.02228160522	0.0586	5318694917343684480	  6.1854 	0.065 	-25.12 	0.132	 22.079	0.115	0	     9613.2 	     11.719  	15.7312	0.0013	     1452.1  	      14.263   	17.4464	0.0107	     13208.0 	     37.562   	14.4598	0.0031	 2.9866	   --- 	 --- 	4305.5 	---   	---   	  --- 	    ---  	  1.0  	IC_2391
-0.1086	-0.0404	 0.0299	  849.608	   28.439	  245.448	1.577	15	 ---	130.99734619815	0.0688	-52.03860370596	0.0759	5318701273895300736	  6.518  	0.083 	-25.116	0.167	 22.081	0.16 	0	     2910.7 	      3.4259 	17.0284	0.0013	      402.35 	      14.148   	18.8399	0.0382	      4187.8 	     17.062   	15.707 	0.0044	 3.1329	   --- 	 --- 	4065.0 	0.835 	0.5213	  --- 	    ---  	  1.0  	IC_2391
 0.0625	 0.1623	-0.0916	  255.621	  174.28 	  356.145	1.557	17	 ---	131.08421061576	0.2353	-52.28562352421	0.2143	5318683269392112640	  6.9275 	0.2312	-26.393	0.519	 22.974	0.417	0	    34847.0 	    136.32   	14.3329	0.0042	     9446.1  	      54.201   	15.4133	0.0062	     44801.0 	    125.79    	13.1337	0.003 	 2.2796	   --- 	 --- 	3532.0 	---   	---   	  0.69	    0.066	  0.7  	IC_2391
