pmRApmDEcor	PlxpmRAcor	PlxpmDEcor	RFG	RFBP	RFRP	E(BR/RP)	Nper	[Fe/H]temp	RAdeg	e_RAdeg	DEdeg	e_DEdeg	Source	Plx	e_Plx	pmRA	e_pmRA	pmDE	e_pmDE	Dup	FG	e_FG	Gmag	e_Gmag	FBP	e_FBP	BPmag	e_BPmag	FRP	e_FRP	RPmag	e_RPmag	BP-RP	RV	e_RV	Teff	AG	E(BR-RP)	Rad	Lum	Pmemb	Cluster
---	---	---	---	---	---	---	---	---	deg	mas	deg	mas	---	mas	mas	mas/yr	mas/yr	mas/yr	mas/yr	---	e-/s	e-/s	mag	mag	e-/s	e-/s	mag	mag	e-/s	e-/s	mag	mag	mag	km/s	km/s	K	mag	mag	solRad	solLum	---	---
-------	-------	-------	---------	---------	---------	-----	--	----	---------------	------	---------------	------	-------------------	---------	------	-------	-----	-------	-----	-	------------	-------------	-------	------	-------------	---------------	-------	------	-------------	--------------	-------	------	-------	-------	-----	-------	------	------	------	---------	-------	--------------------
 0.217 	 0.1951	-0.111 	  966.919	  244.666	  321.926	1.237	17	 ---	124.67091671802	0.0146	-29.85393045332	0.0193	5644484782497535488	  0.6818 	0.0243	 -4.91 	0.033	  4.112	0.035	0	    25898.0 	     26.784  	14.6552	0.0011	    12430.0  	      50.805   	15.1152	0.0044	     19604.0 	     60.896   	14.0311	0.0034	 1.0841	   --- 	 --- 	5015.9 	---   	---   	  2.06	    2.421	  1.0  	NGC_2571
 0.1878	 0.2128	-0.1102	 1235.027	  192.075	  326.482	1.268	17	 ---	124.72893770213	0.0308	-29.76523837514	0.0383	5644485778929844096	  0.7089 	0.0506	 -5.115	0.069	  4.255	0.069	0	     5416.8 	      4.386  	16.354 	0.0009	     2272.8  	      11.833   	16.96  	0.0057	      4597.1 	     14.081   	15.6057	0.0033	 1.3543	   --- 	 --- 	5007.67	1.0567	0.5173	  0.91	    0.469	  1.0  	NGC_2571
 0.1738	 0.2564	-0.1143	 1470.961	  559.262	 1182.729	1.164	17	 ---	124.73403954489	0.0297	-29.80799127252	0.0355	5644485366613008512	  0.7818 	0.0468	 -5.24 	0.065	  4.081	0.065	0	   598440.0 	    406.84   	11.2458	0.0007	   429610.0  	     768.17    	11.2687	0.0019	    266910.0 	    225.67    	11.196 	0.0009	 0.0727	   --- 	 --- 	9399.0 	0.401 	0.2   	  --- 	    ---  	  0.9  	NGC_2571
 0.1776	 0.2053	-0.0551	 1766.478	  508.125	  501.253	1.221	17	 ---	124.91255198367	0.0214	-29.78009477152	0.025 	5644483373748004224	  0.8001 	0.0341	 -5.356	0.046	  4.938	0.051	0	    13538.0 	      7.6639 	15.3595	0.0006	     6810.5  	      13.403   	15.7684	0.0021	      9719.2 	     19.39    	14.7928	0.0022	 0.9756	   --- 	 --- 	5350.33	0.238 	0.118 	  1.08	    0.869	  0.1  	NGC_2571
 0.1913	 0.1765	-0.1768	 4371.847	  608.309	 1176.684	1.178	15	 ---	124.74838166154	0.023 	-29.75754330007	0.027 	5644487050240138368	  0.6935 	0.0372	 -4.86 	0.049	  4.368	0.049	0	   322740.0 	     73.821  	11.9162	0.0002	   236800.0  	     389.28    	11.9154	0.0018	    143470.0 	    121.93    	11.87  	0.0009	 0.0454	   --- 	 --- 	9552.33	0.279 	0.1375	  --- 	    ---  	  1.0  	NGC_2571
 0.2054	 0.1951	-0.0058	  913.816	  185.856	  319.7  	1.229	16	 ---	124.89761881154	0.0168	-29.76580044208	0.0199	5644483579906436864	  0.7792 	0.0275	 -4.955	0.037	  4.092	0.041	0	    22044.0 	     24.123  	14.8301	0.0012	    11121.0  	      59.834   	15.2361	0.0058	     15974.0 	     49.965   	14.2534	0.0034	 0.9827	   --- 	 --- 	5334.0 	---   	---   	  1.43	    1.495	  1.0  	NGC_2571
 0.2114	 0.2075	-0.1122	  831.711	  214.554	  300.933	1.241	17	 ---	124.82865256056	0.0233	-29.86938289175	0.0286	5644481106005401856	  0.7434 	0.0381	 -4.95 	0.052	  4.278	0.055	0	     9124.0 	     10.97   	15.7879	0.0013	     4174.4  	      19.456   	16.2999	0.0051	      7150.3 	     23.76    	15.1261	0.0036	 1.1738	   --- 	 --- 	4964.25	0.8085	0.4357	  1.15	    0.726	  1.0  	NGC_2571
 0.1425	 0.0459	 0.0554	 1267.491	  294.735	  323.8  	1.252	15	 ---	124.74622934506	0.0436	-29.76191984936	0.0624	5644487050240142208	  0.8208 	0.0853	 -5.267	0.101	  3.99 	0.11 	0	    13991.0 	     11.038  	15.3238	0.0009	     7270.3  	      24.667   	15.6975	0.0037	     10248.0 	     31.65    	14.7353	0.0034	 0.9622	   --- 	 --- 	5242.23	0.2715	0.1303	  1.13	    0.866	  0.7  	NGC_2571
 0.1747	 0.2497	-0.0444	  496.92 	  112.857	  169.635	1.25 	16	 ---	124.68782920587	0.0212	-29.83905926898	0.0264	5644484919936467840	  0.6856 	0.0375	 -4.943	0.047	  4.35 	0.048	0	    12405.0 	     24.963  	15.4544	0.0022	     5802.9  	      51.418   	15.9423	0.0096	      9705.7 	     57.216   	14.7943	0.0064	 1.1479	   --- 	 --- 	5142.77	0.995 	0.4587	  1.33	    1.119	  1.0  	NGC_2571
-0.043 	 0.0801	 0.2749	 1070.564	   85.757	  156.548	1.231	16	 ---	124.69113802398	0.0616	-30.07027369969	0.0828	5644471274815143296	  0.5139 	0.1059	 -4.69 	0.151	  3.637	0.181	0	     1669.2 	      1.5592 	17.6321	0.001 	      764.81 	       8.9184  	18.1425	0.0127	      1289.9 	      8.2397  	16.9855	0.0069	 1.157 	   --- 	 --- 	   --- 	---   	---   	  --- 	    ---  	  0.2  	NGC_2571
 0.1801	 0.2135	-0.1087	 1434.239	  321.619	  525.548	1.222	16	 ---	124.77157706163	0.0183	-29.79897400155	0.0203	5644484679418197120	  0.7537 	0.0284	 -4.858	0.04 	  4.195	0.038	0	    18375.0 	     12.812  	15.0278	0.0008	     9381.1  	      29.169   	15.4207	0.0034	     13071.0 	     24.871   	14.4711	0.0021	 0.9496	   --- 	 --- 	5397.0 	---   	---   	  1.31	    1.321	  1.0  	NGC_2571
 0.1917	 0.2092	 0.1603	  518.488	   58.678	  146.46 	1.374	16	 ---	124.75251883614	0.0741	-29.85493881738	0.1078	5644484301461131264	  0.6917 	0.1288	 -4.686	0.171	  4.483	0.219	0	     2107.6 	      4.0649 	17.3789	0.0021	      684.02 	      11.657   	18.2637	0.0185	      2211.3 	     15.099   	16.4003	0.0074	 1.8634	   --- 	 --- 	   --- 	---   	---   	  --- 	    ---  	  0.8  	NGC_2571
 0.1959	 0.2524	-0.0056	  944.118	  113.561	  327.587	1.301	17	 ---	124.67427863829	0.0344	-29.92416704865	0.0416	5644477738751205888	  0.6757 	0.0535	 -4.686	0.078	  4.013	0.079	0	     5568.9 	      5.8985 	16.3239	0.0012	     2062.1  	      18.159   	17.0656	0.0096	      5183.5 	     15.823   	15.4754	0.0033	 1.5902	   --- 	 --- 	4300.77	1.809 	0.9   	  1.48	    0.676	  0.7  	NGC_2571
 0.1805	 0.2175	-0.072 	 1828.633	  228.443	  502.941	1.239	17	 ---	124.73482483091	0.0327	-29.90786444385	0.0404	5644480762408128640	  0.6461 	0.0522	 -4.957	0.072	  4.338	0.073	0	     4833.0 	      2.643  	16.4778	0.0006	     2263.8  	       9.9097  	16.9643	0.0048	      3725.3 	      7.407   	15.834 	0.0022	 1.1303	   --- 	 --- 	5086.03	0.3435	0.1733	  0.91	    0.496	  0.9  	NGC_2571
 0.2067	 0.1427	-0.0944	 5199.534	 1161.372	 1099.283	1.187	17	 ---	124.73563917707	0.012 	-29.91835648393	0.0142	5644480659328918656	  0.7567 	0.0184	 -5.028	0.026	  4.278	0.026	0	    69861.0 	     13.436  	13.5778	0.0002	    43637.0  	      37.574   	13.7517	0.0009	     39268.0 	     35.722   	13.2768	0.001 	 0.4749	   --- 	 --- 	7552.0 	0.327 	0.1412	  1.28	    4.828	  1.0  	NGC_2571
 0.1398	 0.0412	-0.0301	 3222.099	  829.524	  857.274	1.208	17	 ---	124.57374829006	0.0153	-29.93903147171	0.0178	5644478254147366016	  0.7252 	0.0234	 -4.877	0.036	  4.281	0.035	0	    27549.0 	      8.5499 	14.5881	0.0003	    15314.0  	      18.461   	14.8887	0.0013	     17952.0 	     20.94    	14.1267	0.0013	 0.762 	   --- 	 --- 	5496.57	0.378 	0.1943	  1.6 	    2.116	  1.0  	NGC_2571
 0.1968	 0.2614	 0.2123	  622.871	   31.398	  131.22 	1.437	14	 ---	124.88551641451	0.077 	-29.76873980735	0.1009	5644483609963861376	  0.6131 	0.1408	 -4.991	0.172	  3.991	0.215	0	     1212.5 	      1.9466 	17.9792	0.0017	      339.61 	      10.816   	19.024 	0.0346	      1402.7 	     10.69    	16.8945	0.0083	 2.1294	   --- 	 --- 	   --- 	---   	---   	  --- 	    ---  	  0.7  	NGC_2571
 0.1988	 0.3026	-0.0957	 1788.125	  549.457	  670.269	1.21 	15	 ---	124.83930982041	0.0169	-29.85556473572	0.0199	5644482652193610496	  0.7372 	0.0282	 -5.049	0.037	  4.232	0.039	0	    25538.0 	     14.282  	14.6704	0.0006	    13997.0  	      25.473   	14.9863	0.002 	     16901.0 	     25.215   	14.1922	0.0016	 0.7942	   --- 	 --- 	5872.75	0.3313	0.1667	  1.31	    1.846	  1.0  	NGC_2571
 0.2605	 0.1646	-0.1186	 5086.535	  976.108	 1288.307	1.192	17	 ---	124.69279278724	0.0113	-29.82034271347	0.0144	5644485023015666560	  0.6944 	0.0186	 -4.96 	0.025	  4.275	0.028	1	    63601.0 	     12.504  	13.6797	0.0002	    38878.0  	      39.829   	13.8771	0.0011	     36915.0 	     28.654   	13.3439	0.0008	 0.5332	   --- 	 --- 	7356.0 	0.8343	0.4175	  1.4 	    5.171	  1.0  	NGC_2571
 0.1878	 0.2551	-0.1892	 2688.38 	  889.116	 1193.579	1.186	15	 ---	124.82064070345	0.0146	-29.83163864439	0.0176	5644482927071518848	  0.7772 	0.0247	 -4.889	0.033	  4.254	0.034	0	   108360.0 	     40.308  	13.1012	0.0004	    71425.0  	      80.333   	13.2168	0.0012	     57111.0 	     47.848   	12.8701	0.0009	 0.3466	   --- 	 --- 	7789.0 	---   	---   	  1.47	    7.213	  1.0  	NGC_2571
 0.194 	 0.197 	-0.1213	 1371.598	  400.477	  582.485	1.234	17	 ---	124.68018241036	0.0205	-29.8045745351 	0.0245	5644485229174097792	  0.834  	0.0326	 -4.46 	0.045	  4.027	0.044	0	    21432.0 	     15.625  	14.8607	0.0008	    11439.0  	      28.562   	15.2055	0.0027	     15009.0 	     25.767   	14.321 	0.0019	 0.8844	   --- 	 --- 	5447.84	0.351 	0.1837	  1.26	    1.251	  0.6  	NGC_2571
 0.1159	 0.2473	-0.0656	 1004.826	  187.419	  384.939	1.27 	16	 ---	124.72589207309	0.0345	-29.82398277111	0.0404	5644484576339041408	  0.655  	0.0568	 -4.95 	0.083	  4.283	0.071	0	     5160.4 	      5.1356 	16.4067	0.0011	     2178.3  	      11.623   	17.0061	0.0058	      4373.6 	     11.362   	15.6598	0.0028	 1.3463	   --- 	 --- 	4832.7 	1.05  	0.5425	  1.05	    0.546	  1.0  	NGC_2571
 0.1921	 0.218 	-0.0349	  504.064	   86.392	  158.676	1.249	17	 ---	124.7633356549 	0.0268	-29.80010523782	0.0328	5644484748137684224	  0.85   	0.0431	 -4.98 	0.059	  4.292	0.062	0	     7632.7 	     15.142  	15.9817	0.0022	     3521.4  	      40.76    	16.4846	0.0126	      6010.0 	     37.876   	15.3147	0.0068	 1.1699	   --- 	 --- 	4895.93	0.42  	0.208 	  0.95	    0.472	  0.9  	NGC_2571
 0.2341	 0.1071	-0.2476	 4307.973	  867.676	 1391.37 	1.181	16	 ---	124.81646422296	0.0114	-29.94697560023	0.014 	5644479491097762816	  0.7456 	0.0181	 -5.02 	0.026	  4.329	0.029	0	    98877.0 	     22.952  	13.2006	0.0003	    64996.0  	      74.909   	13.3192	0.0013	     51761.0 	     37.202   	12.9769	0.0008	 0.3423	   --- 	 --- 	7997.5 	0.399 	0.1973	  1.41	    7.296	  1.0  	NGC_2571
 0.2028	 0.2017	-0.0148	 4446.98 	  783.359	  945.114	1.197	17	 ---	124.75025750554	0.0137	-29.78153036544	0.0176	5644485504051927936	  0.7453 	0.0212	 -4.97 	0.03 	  4.379	0.032	0	    53358.0 	     11.999  	13.8704	0.0002	    31612.0  	      40.354   	14.1018	0.0014	     32239.0 	     34.111   	13.491 	0.0011	 0.6108	   --- 	 --- 	6944.0 	0.622 	0.3073	  1.33	    3.725	  1.0  	NGC_2571
 0.1516	 0.2374	-0.1255	  685.894	   88.384	  112.429	1.354	16	 ---	124.77447724631	0.0396	-29.77542085857	0.0478	5644486259966144640	  0.585  	0.0664	 -4.826	0.089	  4.452	0.088	0	     3470.2 	      5.0593 	16.8375	0.0016	     1510.5  	      17.09    	17.4036	0.0123	      3187.9 	     28.355   	16.0032	0.0097	 1.4005	   --- 	 --- 	4601.23	1.013 	0.5297	  1.11	    0.495	  0.9  	NGC_2571
 0.1768	 0.2611	-0.0586	 5287.988	 1035.016	 1478.223	1.175	16	 ---	124.74241383548	0.0188	-29.73232062059	0.0259	5644487359477772928	  0.7229 	0.0315	 -4.859	0.041	  4.335	0.046	0	   141520.0 	     26.762  	12.8114	0.0002	    97706.0  	      94.4     	12.8766	0.001 	     68564.0 	     46.382   	12.6717	0.0007	 0.2049	   --- 	 --- 	8864.0 	0.436 	0.217 	  --- 	    ---  	  1.0  	NGC_2571
 0.141 	 0.1816	 0.1452	  803.885	   65.376	  201.051	1.368	16	 ---	124.77715811103	0.0549	-29.94474232916	0.0783	5644479662896486912	  0.8784 	0.0916	 -4.764	0.121	  4.485	0.165	0	     1995.3 	      2.4821 	17.4383	0.0014	      612.99 	       9.3764  	18.3828	0.0166	      2116.6 	     10.528   	16.4478	0.0054	 1.9349	   --- 	 --- 	   --- 	---   	---   	  --- 	    ---  	  0.6  	NGC_2571
 0.1042	 0.1407	 0.2703	  665.486	   82.653	  142.431	1.415	16	 ---	124.62840897075	0.0563	-29.97278623684	0.087 	5644477188995454464	  0.6974 	0.094 	 -5.149	0.129	  4.553	0.173	0	     2539.8 	      3.8164 	17.1764	0.0016	      874.13 	      10.576   	17.9975	0.0131	      2718.9 	     19.089   	16.1759	0.0076	 1.8215	   --- 	 --- 	   --- 	---   	---   	  --- 	    ---  	  0.6  	NGC_2571
 0.1506	 0.2166	-0.1138	 2151.907	  449.131	  600.537	1.224	15	 ---	124.79751042067	0.02  	-29.78830438711	0.0223	5644486191246654464	  0.7213 	0.033 	 -4.966	0.044	  4.31 	0.043	0	    18009.0 	      8.3689 	15.0496	0.0005	     9433.4  	      21.004   	15.4147	0.0024	     12611.0 	     21.0     	14.51  	0.0018	 0.9047	   --- 	 --- 	5513.0 	0.519 	0.26  	  1.3 	    1.396	  1.0  	NGC_2571
 0.2006	 0.1294	-0.1078	  900.701	  275.693	  279.864	1.225	17	 ---	124.56226589249	0.0161	-29.89750192591	0.0188	5644478563384996864	  0.7448 	0.0246	 -5.073	0.036	  4.266	0.036	0	    22477.0 	     24.954  	14.809 	0.0012	    11405.0  	      41.367   	15.2087	0.0039	     16139.0 	     57.668   	14.2422	0.0039	 0.9665	   --- 	 --- 	5386.0 	0.7753	0.36  	  1.48	    1.657	  1.0  	NGC_2571
 0.1626	 0.2198	-0.1514	 1169.481	  335.998	  462.115	1.221	16	 ---	124.75144097937	0.0225	-29.71955667619	0.026 	5644487462556969728	  0.653  	0.0368	 -5.034	0.051	  4.492	0.046	0	    26909.0 	     23.01   	14.6136	0.0009	    14330.0  	      42.65    	14.9608	0.0032	     18519.0 	     40.074   	14.0929	0.0023	 0.8679	   --- 	 --- 	5621.61	1.2275	0.6307	  1.67	    2.52 	  1.0  	NGC_2571
 0.1093	 0.133 	-0.0731	 3835.708	  509.055	  958.116	1.213	17	 ---	124.72408582094	0.014 	-30.06985482198	0.0166	5644472722229447808	  0.6506 	0.0213	 -5.276	0.034	  4.181	0.034	0	    21349.0 	      5.5658 	14.8649	0.0003	    11353.0  	      22.301   	15.2136	0.0021	     14550.0 	     15.186   	14.3547	0.0011	 0.8589	   --- 	 --- 	5768.0 	---   	---   	  1.41	    1.993	  0.6  	NGC_2571
 0.2116	 0.1598	-0.1254	 1363.844	  265.6  	  558.17 	1.231	17	 ---	124.77989132331	0.02  	-29.91475250033	0.0239	5644480590609402112	  0.7289 	0.0315	 -4.913	0.044	  4.248	0.047	0	    11988.0 	      8.7898 	15.4915	0.0008	     5961.5  	      22.445   	15.913 	0.0041	      8795.7 	     15.758   	14.9012	0.0019	 1.0118	   --- 	 --- 	5298.0 	0.4703	0.2335	  1.15	    0.933	  1.0  	NGC_2571
 0.1676	 0.1122	-0.1044	 3003.821	  425.58 	  609.308	1.22 	17	 ---	124.80813150508	0.0206	-29.9644150565 	0.0257	5644479388018566400	  0.7353 	0.0329	 -5.588	0.048	  4.034	0.052	0	     9949.3 	      3.3122 	15.6939	0.0004	     4903.9  	      11.523   	16.125 	0.0026	      7237.5 	     11.878   	15.1129	0.0018	 1.0121	   --- 	 --- 	5311.0 	0.33  	0.162 	  1.03	    0.76 	  0.5  	NGC_2571
 0.1716	 0.2129	 0.1768	  462.087	   80.202	  214.859	1.46 	15	 ---	124.64781841005	0.0794	-29.85583289142	0.1115	5644478975691596288	  0.579  	0.1497	 -4.618	0.179	  4.292	0.206	0	     2314.6 	      5.009  	17.2772	0.0023	      710.7  	       8.8614  	18.2222	0.0135	      2668.5 	     12.42    	16.1962	0.0051	 2.0259	   --- 	 --- 	   --- 	---   	---   	  --- 	    ---  	  0.6  	NGC_2571
 0.1386	 0.1748	-0.1144	 2321.564	  578.13 	  611.247	1.214	16	 ---	124.7685076629 	0.0181	-29.70499107893	0.0224	5644487874873803904	  0.6863 	0.0308	 -4.889	0.039	  4.175	0.04 	0	    21025.0 	      9.0566 	14.8815	0.0005	    11351.0  	      19.633   	15.2138	0.0019	     14165.0 	     23.174   	14.3839	0.0018	 0.83  	   --- 	 --- 	5784.45	0.35  	0.1713	  1.32	    1.762	  1.0  	NGC_2571
 0.1596	 0.1987	-0.0144	  491.43 	   74.817	  168.067	1.395	14	 ---	124.92725036487	0.0851	-29.92066732896	0.1156	5644469698572206976	  0.9047 	0.1471	 -5.108	0.199	  4.226	0.247	0	     1892.4 	      3.8509 	17.4958	0.0022	      573.6  	       7.6667  	18.4549	0.0145	      2066.7 	     12.297   	16.4737	0.0065	 1.9811	   --- 	 --- 	   --- 	---   	---   	  --- 	    ---  	  0.6  	NGC_2571
 0.2808	 0.1677	-0.1684	 5266.754	  880.392	 1257.588	1.177	17	 ---	124.69250721208	0.02  	-29.81526834066	0.0229	5644485023015663360	  0.7783 	0.0311	 -4.931	0.046	  4.221	0.047	0	   134040.0 	     25.45   	12.8703	0.0002	    92191.0  	     104.72    	12.9397	0.0012	     65564.0 	     52.135   	12.7202	0.0009	 0.2194	   --- 	 --- 	8772.0 	0.123 	0.0735	  --- 	    ---  	  1.0  	NGC_2571
 0.2232	 0.1559	-0.0202	 4495.614	  748.755	  912.0  	1.2  	17	 ---	124.77035546802	0.0123	-29.92163775751	0.0164	5644480590609414272	  0.7042 	0.0197	 -4.835	0.027	  4.16 	0.032	0	    44245.0 	      9.8418 	14.0737	0.0002	    25514.0  	      34.076   	14.3344	0.0015	     27600.0 	     30.263   	13.6597	0.0012	 0.6748	   --- 	 --- 	6394.0 	0.839 	0.415 	  1.51	    3.454	  1.0  	NGC_2571
 0.1611	 0.2048	-0.0353	  439.951	   99.709	  156.828	1.27 	16	 ---	124.8263816635 	0.0428	-29.95107370981	0.0552	5644479525457495552	  0.6463 	0.0648	 -4.711	0.098	  4.437	0.113	0	     3049.7 	      6.932  	16.9777	0.0025	     1185.1  	      11.886   	17.667 	0.0109	      2686.6 	     17.131   	16.1889	0.0069	 1.4781	   --- 	 --- 	4490.85	1.088 	0.544 	  1.01	    0.372	  1.0  	NGC_2571
 0.2329	 0.2549	-0.1134	 2817.769	  655.686	 1242.254	1.177	16	 ---	124.79405326876	0.0225	-29.90595353181	0.0266	5644480556249645696	  0.7499 	0.0363	 -4.814	0.049	  4.483	0.052	0	   384110.0 	    136.32   	11.7272	0.0004	   270440.0  	     412.45    	11.7712	0.0017	    181720.0 	    146.28    	11.6134	0.0009	 0.1578	   --- 	 --- 	9231.67	0.3075	0.169 	  --- 	    ---  	  1.0  	NGC_2571
 0.1345	 0.2947	-0.0969	  921.394	   75.355	  277.228	1.314	16	 ---	124.83162723564	0.0481	-29.80164141733	0.055 	5644483064510440192	  0.7664 	0.079 	 -5.0  	0.112	  4.141	0.108	0	     4028.0 	      4.3717 	16.6756	0.0012	     1547.7  	      20.538   	17.3772	0.0144	      3746.0 	     13.513   	15.828 	0.0039	 1.5492	   --- 	 --- 	4348.0 	1.159 	0.604 	  1.07	    0.371	  1.0  	NGC_2571
 0.1499	 0.381 	-0.1146	 2706.709	  646.406	 1089.741	1.184	14	 ---	124.83257323637	0.0306	-29.80433196122	0.0427	5644483060203488384	  0.6675 	0.0519	 -4.473	0.069	  3.897	0.087	1	   393610.0 	    145.42   	11.7007	0.0004	   290110.0  	     448.8     	11.695 	0.0017	    175750.0 	    161.28    	11.6497	0.001 	 0.0453	   --- 	 --- 	9532.0 	---   	---   	  --- 	    ---  	  0.4  	NGC_2571
 0.1992	 0.2713	-0.0025	 3034.005	  709.095	  917.202	1.179	16	 ---	124.71016936355	0.025 	-29.82707536971	0.031 	5644484949989101184	  0.71   	0.0421	 -4.918	0.056	  4.197	0.056	0	   353510.0 	    116.52   	11.8174	0.0004	   259980.0  	     366.63    	11.8141	0.0015	    156640.0 	    170.78    	11.7747	0.0012	 0.0394	   --- 	 --- 	9476.33	---   	---   	  --- 	    ---  	  1.0  	NGC_2571
 0.2315	 0.09  	-0.1293	 2138.049	  500.606	 1338.742	1.18 	17	 ---	124.68469698807	0.0261	-29.84241332798	0.0324	5644484812550149632	  0.8304 	0.0414	 -5.151	0.061	  4.186	0.063	0	   505500.0 	    236.43   	11.4291	0.0005	   378380.0  	     755.84    	11.4066	0.0022	    218110.0 	    162.92    	11.4153	0.0008	-0.0087	   --- 	 --- 	8144.33	---   	---   	  --- 	    ---  	  0.9  	NGC_2571
 0.0906	 0.1202	 0.155 	 1086.497	   64.171	  194.555	1.361	15	 ---	124.64206010711	0.0565	-30.02986487918	0.0892	5644472584790534144	  0.8611 	0.0978	 -4.654	0.14 	  5.095	0.17 	0	     1748.8 	      1.6095 	17.5815	0.001 	      557.52 	       8.6881  	18.4857	0.0169	      1822.2 	      9.3658  	16.6104	0.0056	 1.8753	   --- 	 --- 	   --- 	---   	---   	  --- 	    ---  	  0.1  	NGC_2571
 0.259 	-0.0283	-0.1472	 1319.107	  322.01 	  466.205	1.211	16	 ---	124.67006390066	0.0173	-30.05505774881	0.0234	5644471553998714112	  0.7725 	0.0266	 -5.142	0.044	  4.419	0.044	0	    16480.0 	     12.493  	15.146 	0.0008	     8653.8  	      26.874   	15.5084	0.0034	     11299.0 	     24.237   	14.6293	0.0023	 0.8791	   --- 	 --- 	5703.33	0.277 	0.1337	  1.07	    1.096	  0.9  	NGC_2571
 0.1392	 0.1365	 0.1178	  818.454	   81.9  	  138.714	1.274	16	 ---	124.52439868259	0.0621	-29.93587160359	0.0802	5644477012892030592	  0.5322 	0.1034	 -4.712	0.144	  5.034	0.177	0	     1760.7 	      2.1513 	17.5741	0.0013	      700.41 	       8.552   	18.238 	0.0133	      1541.9 	     11.116   	16.7918	0.0078	 1.4462	   --- 	 --- 	   --- 	---   	---   	  --- 	    ---  	  0.7  	NGC_2571
 0.2242	 0.2006	-0.1284	 4325.826	  802.686	 1253.293	1.176	17	 ---	124.82470465392	0.019 	-29.89719117644	0.0225	5644480208345214720	  0.7577 	0.03  	 -5.357	0.041	  4.201	0.044	0	   320470.0 	     74.083  	11.9239	0.0003	   229110.0  	     285.43    	11.9513	0.0014	    147850.0 	    117.97    	11.8374	0.0009	 0.1139	   --- 	 --- 	9612.0 	0.181 	0.0885	  --- 	    ---  	  0.8  	NGC_2571
 0.223 	 0.2512	 0.1024	 2527.468	  535.019	 1799.379	1.165	13	 ---	124.77301275727	0.0372	-29.89560646383	0.0455	5644480826820504832	  0.7376 	0.06  	 -5.103	0.079	  4.44 	0.098	1	   705190.0 	    279.01   	11.0676	0.0004	   527010.0  	     985.03    	11.0468	0.002 	    294420.0 	    163.62    	11.0895	0.0006	-0.0427	   --- 	 --- 	9439.67	0.285 	0.142 	  --- 	    ---  	  1.0  	NGC_2571
 0.193 	 0.1749	 0.1415	  586.391	   56.793	  204.22 	1.34 	16	 ---	124.72294327153	0.0611	-29.81662341   	0.0837	5644485327949108352	  0.9009 	0.1089	 -4.835	0.137	  4.506	0.168	0	     1859.2 	      3.1706 	17.5151	0.0019	      657.19 	      11.572   	18.3072	0.0191	      1833.7 	      8.9792  	16.6036	0.0053	 1.7036	   --- 	 --- 	   --- 	---   	---   	  --- 	    ---  	  0.7  	NGC_2571
 0.0947	 0.2204	 0.1885	 1022.218	   66.15 	  122.584	1.258	14	 ---	124.83273405467	0.0642	-29.73695581552	0.0856	5644486741002404224	  0.5448 	0.1161	 -5.197	0.146	  3.841	0.179	0	     1694.5 	      1.6577 	17.6157	0.0011	      821.22 	      12.415   	18.0652	0.0164	      1310.8 	     10.693   	16.9681	0.0089	 1.0971	   --- 	 --- 	   --- 	---   	---   	  --- 	    ---  	  0.5  	NGC_2571
 0.2105	 0.2349	-0.1148	 4936.983	  717.379	 1112.128	1.202	16	 ---	124.84583616013	0.0131	-29.80863407586	0.0165	5644483064510430976	  0.6908 	0.0224	 -4.553	0.029	  4.616	0.032	0	    45353.0 	      9.1863 	14.0469	0.0002	    26196.0  	      36.516   	14.3058	0.0015	     28302.0 	     25.448   	13.6324	0.001 	 0.6734	   --- 	 --- 	6474.5 	0.8407	0.442 	  1.52	    3.677	  0.9  	NGC_2571
 0.1468	 0.3268	-0.0831	 2276.265	  271.353	  521.14 	1.224	16	 ---	124.74832329387	0.0183	-29.81679129543	0.0236	5644484610698756864	  0.7248 	0.0305	 -4.993	0.041	  4.185	0.042	0	    20333.0 	      8.9328 	14.9178	0.0005	    10998.0  	      40.531   	15.2481	0.004 	     13900.0 	     26.672   	14.4044	0.0021	 0.8437	   --- 	 --- 	5620.28	0.334 	0.1455	  1.31	    1.546	  1.0  	NGC_2571
 0.1392	 0.2188	 0.2381	  495.117	   21.737	   76.647	1.763	15	 ---	124.73302838336	0.0656	-29.79421113063	0.0943	5644485469692215424	  0.6475 	0.1269	 -4.815	0.15 	  4.385	0.189	0	     1905.8 	      3.8491 	17.4882	0.0022	     1030.2  	      47.394   	17.8191	0.0499	      2330.6 	     30.407   	16.3432	0.0142	 1.4759	   --- 	 --- 	   --- 	---   	---   	  --- 	    ---  	  1.0  	NGC_2571
 0.1536	 0.1645	-0.0865	 4968.839	  803.09 	 1335.977	1.204	16	 ---	124.79228694613	0.0132	-29.69411648684	0.0163	5644487840514039040	  0.6922 	0.0216	 -5.039	0.03 	  4.165	0.031	0	    44833.0 	      9.0228 	14.0594	0.0002	    25768.0  	      32.086   	14.3237	0.0014	     28226.0 	     21.128   	13.6353	0.0008	 0.6884	   --- 	 --- 	6535.5 	0.7223	0.337 	  1.48	    3.619	  1.0  	NGC_2571
 0.2316	 0.1966	-0.1084	 4051.649	  808.731	 1318.616	1.178	16	 ---	124.76635410177	0.02  	-29.84592172144	0.0252	5644484267101376768	  0.8607 	0.0328	 -5.037	0.043	  4.312	0.047	0	   330230.0 	     81.505  	11.8913	0.0003	   242450.0  	     299.79    	11.8898	0.0013	    146480.0 	    111.08    	11.8475	0.0008	 0.0423	   --- 	 --- 	9550.33	0.24  	0.12  	  --- 	    ---  	  1.0  	NGC_2571
 0.1891	 0.3205	-0.0786	 2868.16 	  336.726	  632.535	1.211	16	 ---	124.74229035335	0.0164	-29.81516670169	0.0202	5644484610698761984	  0.7141 	0.0275	 -4.921	0.036	  4.187	0.035	0	    27481.0 	      9.5814 	14.5908	0.0004	    15203.0  	      45.151   	14.8965	0.0032	     18079.0 	     28.582   	14.119 	0.0017	 0.7775	   --- 	 --- 	6043.4 	0.2905	0.1593	  1.32	    2.102	  1.0  	NGC_2571
 0.2095	 0.1645	 0.0203	 4831.043	  702.61 	 1687.049	1.177	17	 ---	124.83066638789	0.0298	-29.71506241128	0.0362	5644487664408419840	  0.8863 	0.049 	 -4.656	0.065	  3.72 	0.072	0	   171810.0 	     35.563  	12.6008	0.0002	   120490.0  	     171.49    	12.649 	0.0015	     81670.0 	     48.41    	12.4818	0.0006	 0.1672	   --- 	 --- 	9388.75	0.0515	0.025 	  --- 	    ---  	  0.1  	NGC_2571
 0.1694	 0.2238	-0.1428	 4626.647	  766.987	 1343.663	1.176	16	 ---	124.72817611741	0.0231	-29.7349182111 	0.0293	5644487320811037440	  0.6646 	0.0376	 -5.026	0.051	  4.202	0.052	0	   299020.0 	     64.631  	11.9991	0.0002	   216970.0  	     282.89    	12.0104	0.0014	    134550.0 	    100.13    	11.9397	0.0008	 0.0706	   --- 	 --- 	9559.0 	0.3085	0.1415	  --- 	    ---  	  0.9  	NGC_2571
 0.1853	 0.1492	-0.0351	 1025.009	  185.494	  240.522	1.263	16	 ---	124.92693893191	0.0237	-29.89067117642	0.0294	5644469870370880512	  0.7685 	0.0404	 -4.966	0.053	  4.162	0.059	0	     9602.0 	      9.3677 	15.7325	0.0011	     4087.0  	      22.033   	16.3229	0.0059	      8038.1 	     33.419   	14.999 	0.0045	 1.3238	   --- 	 --- 	4821.49	---   	---   	  1.23	    0.741	  1.0  	NGC_2571
 0.1979	 0.2254	-0.1303	  799.282	  161.639	  294.922	1.264	17	 ---	124.80747471902	0.0354	-29.85700050263	0.0412	5644481346523583872	  0.8081 	0.0576	 -5.03 	0.079	  4.371	0.08 	0	     4287.9 	      5.3646 	16.6078	0.0014	     1778.2  	      11.001   	17.2264	0.0067	      3642.3 	     12.35    	15.8585	0.0037	 1.368 	   --- 	 --- 	4770.0 	---   	---   	  0.81	    0.303	  0.9  	NGC_2571
 0.1919	 0.2514	-0.0942	 2193.961	  474.576	  743.935	1.216	16	 ---	124.87291677835	0.0183	-29.80947302354	0.0233	5644482823992241024	  0.7883 	0.0303	 -4.87 	0.041	  4.101	0.045	1	    18373.0 	      8.3742 	15.0279	0.0005	     9723.0  	      20.488   	15.3819	0.0023	     12621.0 	     16.965   	14.5092	0.0015	 0.8727	   --- 	 --- 	5804.25	0.3405	0.1575	  1.07	    1.166	  1.0  	NGC_2571
 0.1895	 0.3237	-0.1173	  674.204	  161.607	  174.624	1.232	15	 ---	124.86569453635	0.026 	-29.80201018189	0.0309	5644483030150672896	  0.6711 	0.0419	 -4.929	0.058	  4.302	0.066	0	    11185.0 	     16.59   	15.5668	0.0016	     5689.4  	      35.205   	15.9637	0.0067	      8093.1 	     46.346   	14.9916	0.0062	 0.9721	   --- 	 --- 	5316.05	0.5033	0.248 	  1.19	    1.025	  1.0  	NGC_2571
 0.1195	 0.0957	 0.175 	 1227.755	  126.812	  198.021	1.279	15	 ---	124.99757652161	0.0493	-29.89229430638	0.0691	5644469973450038144	  0.8628 	0.0853	 -5.577	0.113	  4.812	0.151	0	     2205.8 	      1.7966 	17.3295	0.0009	      869.2  	       6.8542  	18.0036	0.0086	      1952.0 	      9.8574  	16.5357	0.0055	 1.4679	   --- 	 --- 	   --- 	---   	---   	  --- 	    ---  	  0.1  	NGC_2571
 0.1811	 0.2428	-0.0679	 4058.381	  507.588	  907.67 	1.214	17	 ---	124.66382525708	0.0167	-29.90568988194	0.0205	5644477944909634432	  0.5409 	0.0259	 -5.095	0.036	  3.942	0.038	0	    23548.0 	      5.8024 	14.7585	0.0003	    13171.0  	      25.949   	15.0523	0.0021	     15405.0 	     16.972   	14.2928	0.0012	 0.7595	   --- 	 --- 	6351.02	1.086 	0.543 	  1.46	    3.117	  0.5  	NGC_2571
 0.1915	 0.2172	-0.1506	 4756.23 	  556.636	 1087.985	1.175	17	 ---	124.70698261708	0.0218	-29.77036474535	0.025 	5644485808982554368	  0.6734 	0.034 	 -4.733	0.048	  4.133	0.047	0	   264510.0 	     55.613  	12.1323	0.0002	   191380.0  	     343.82    	12.1466	0.002 	    119530.0 	    109.86    	12.0682	0.001 	 0.0784	   --- 	 --- 	9554.67	0.307 	0.153 	  --- 	    ---  	  1.0  	NGC_2571
 0.1755	 0.2383	-0.1332	  549.285	   75.065	  111.654	1.37 	17	 ---	124.69714126633	0.0426	-29.76482383365	0.0505	5644485813289611648	  0.5651 	0.0677	 -5.166	0.094	  4.282	0.09 	0	     3373.1 	      6.1409 	16.8683	0.002 	     1398.9  	      18.636   	17.4869	0.0145	      3222.3 	     28.86    	15.9915	0.0097	 1.4954	   --- 	 --- 	4428.47	1.539 	0.759 	  1.26	    0.552	  0.8  	NGC_2571
 0.138 	 0.3106	-0.1506	 2868.045	  577.792	 1347.366	1.177	15	 ---	124.76634434071	0.0285	-29.75113909183	0.0362	5644487084599857280	  0.7698 	0.049 	 -4.887	0.065	  4.21 	0.06 	0	   387170.0 	    135.0    	11.7186	0.0004	   285010.0  	     493.27    	11.7142	0.0019	    170780.0 	    126.75    	11.6808	0.0008	 0.0334	   --- 	 --- 	9403.0 	0.279 	0.1347	  --- 	    ---  	  1.0  	NGC_2571
 0.1827	 0.2187	-0.051 	 5113.969	  722.336	 1286.692	1.174	17	 ---	124.70053490182	0.0214	-29.77064267124	0.0261	5644485710210397184	  0.6606 	0.0328	 -4.977	0.048	  4.264	0.048	0	   212390.0 	     41.532  	12.3705	0.0002	   150310.0  	     208.09    	12.4089	0.0015	     99001.0 	     76.942   	12.2728	0.0008	 0.1361	   --- 	 --- 	9482.0 	0.387 	0.1883	  --- 	    ---  	  1.0  	NGC_2571
 0.2132	 0.2076	 0.1542	  804.376	   88.898	  221.866	1.295	16	 ---	124.60026335533	0.0469	-29.86332522577	0.0641	5644479108836320384	  0.67   	0.0797	 -5.408	0.106	  4.196	0.136	0	     2897.2 	      3.6018 	17.0334	0.0013	     1061.8  	      11.943   	17.7863	0.0122	      2690.4 	     12.126   	16.1874	0.0049	 1.5989	   --- 	 --- 	4370.5 	---   	---   	  1.03	    0.346	  0.5  	NGC_2571
 0.2849	 0.0934	-0.2273	 1722.756	  609.528	 1422.749	1.164	13	 ---	124.74418131783	0.0514	-29.81698057298	0.0535	5644484610698761728	  0.7813 	0.0743	 -5.209	0.105	  4.285	0.086	1	  1323300.0 	    768.14   	10.3842	0.0006	   997240.0  	    1636.1     	10.3544	0.0018	    543180.0 	    381.78    	10.4246	0.0008	-0.0702	   --- 	 --- 	8712.0 	0.2952	0.1497	  --- 	    ---  	  1.0  	NGC_2571
 0.114 	 0.1044	-0.0296	 3024.222	  510.139	  687.075	1.219	15	 ---	124.91493986606	0.0206	-29.82415660987	0.0236	5644482411675353984	  0.5494 	0.0332	 -5.158	0.046	  3.392	0.047	0	    17316.0 	      5.7257 	15.0923	0.0004	     8908.9  	      17.464   	15.4768	0.0021	     12197.0 	     17.752   	14.5463	0.0016	 0.9306	   --- 	 --- 	5387.67	---   	---   	  1.76	    2.346	  0.1  	NGC_2571
 0.1882	 0.2966	-0.0059	 4548.43 	  728.531	 1531.934	1.196	16	 ---	124.72523465958	0.0136	-29.91471153151	0.0181	5644480728048402432	  0.6987 	0.0218	 -4.971	0.029	  4.198	0.032	1	    54336.0 	     11.946  	13.8506	0.0002	    32631.0  	      44.79    	14.0673	0.0015	     32335.0 	     21.107   	13.4877	0.0007	 0.5796	   --- 	 --- 	6956.5 	0.6985	0.3572	  1.43	    4.318	  1.0  	NGC_2571
 0.2031	 0.2495	-0.0505	 4201.272	  914.995	 1093.649	1.182	15	 ---	124.74991052051	0.02  	-29.80415814009	0.0255	5644484713777961600	  0.7638 	0.0319	 -4.836	0.041	  4.26 	0.045	0	   203290.0 	     48.387  	12.4181	0.0003	   131460.0  	     143.68    	12.5544	0.0012	    108760.0 	     99.449   	12.1707	0.001 	 0.3837	   --- 	 --- 	7949.0 	0.7778	0.4048	  1.99	   14.22 	  1.0  	NGC_2571
 0.1581	 0.2876	-0.0893	  653.927	  179.838	  239.188	1.245	15	 ---	124.74584758284	0.0199	-29.77128714363	0.0273	5644485572771401344	  0.9111 	0.034 	 -4.902	0.044	  4.317	0.048	0	    23554.0 	     36.02   	14.7582	0.0017	    11277.0  	      62.709   	15.2209	0.006 	     18058.0 	     75.498   	14.1202	0.0045	 1.1006	   --- 	 --- 	5100.22	0.926 	0.3942	  1.41	    1.213	  0.7  	NGC_2571
 0.1131	 0.4019	 0.0022	  655.971	   54.69 	  225.586	1.385	16	 ---	124.70408914695	0.0614	-29.75761994008	0.0733	5644485808986059904	  0.8291 	0.0964	 -4.873	0.142	  4.032	0.139	0	     2741.6 	      4.1795 	17.0934	0.0017	      962.19 	      17.593   	17.8932	0.0199	      2834.3 	     12.564   	16.1308	0.0048	 1.7624	   --- 	 --- 	   --- 	---   	---   	  --- 	    ---  	  0.9  	NGC_2571
 0.1734	 0.2173	-0.1457	 2017.811	  310.098	  406.573	1.2  	15	 ---	124.73041150239	0.0167	-29.74786954579	0.021 	5644487325118056192	  0.7352 	0.0269	 -4.834	0.035	  5.12 	0.036	0	    66389.0 	     32.901  	13.6331	0.0005	    40461.0  	     130.48    	13.8338	0.0035	     39200.0 	     96.415   	13.2787	0.0027	 0.5551	   --- 	 --- 	7114.0 	0.82  	0.4113	  1.44	    4.779	  0.1  	NGC_2571
 0.2048	 0.2596	-0.0579	 3846.992	 1008.773	  833.593	1.21 	16	 ---	124.77102582031	0.0154	-29.81406107704	0.0192	5644484675114691840	  0.7664 	0.0261	 -4.772	0.034	  4.324	0.035	1	    28823.0 	      7.4924 	14.539 	0.0003	    16159.0  	      16.018   	14.8304	0.0011	     18724.0 	     22.461   	14.0809	0.0013	 0.7494	   --- 	 --- 	6268.28	0.158 	0.0955	  1.17	    1.903	  1.0  	NGC_2571
 0.1851	 0.1882	-0.074 	 1879.469	  311.301	  404.373	1.245	17	 ---	124.7346220886 	0.0238	-29.7922721655 	0.0294	5644485469692211200	  0.8064 	0.0401	 -4.92 	0.053	  4.112	0.054	0	     9433.2 	      5.0191 	15.7517	0.0006	     4383.8  	      14.082   	16.2468	0.0035	      7360.4 	     18.202   	15.0947	0.0027	 1.1521	   --- 	 --- 	4918.94	0.6137	0.3245	  1.11	    0.644	  1.0  	NGC_2571
 0.1679	 0.1318	-0.1083	 2612.488	  561.756	  653.073	1.21 	17	 ---	124.77128113476	0.0177	-30.02292514491	0.0204	5644473271985201024	  0.5994 	0.0265	 -5.248	0.044	  3.818	0.041	1	    16050.0 	      6.1435 	15.1747	0.0004	     8654.0  	      15.405   	15.5083	0.0019	     10772.0 	     16.495   	14.6812	0.0017	 0.8272	   --- 	 --- 	5912.5 	0.3495	0.1667	  1.26	    1.751	  0.3  	NGC_2571
 0.2284	 0.1465	-0.0115	 4076.169	  776.723	 1171.89 	1.174	17	 ---	124.93642928091	0.0198	-29.83052946474	0.0253	5644482136797431168	  0.6553 	0.0324	 -4.87 	0.044	  4.249	0.05 	0	   147750.0 	     36.246  	12.7646	0.0003	   102600.0  	     132.1     	12.8235	0.0014	     70818.0 	     60.431   	12.6366	0.0009	 0.1869	   --- 	 --- 	9040.0 	0.4283	0.2198	  --- 	    ---  	  1.0  	NGC_2571
 0.2406	 0.1191	-0.1121	 1337.661	  638.131	 1278.15 	1.171	17	 ---	124.70545965431	0.0316	-29.75335529608	0.0398	5644485813289596032	  0.6906 	0.0515	 -4.994	0.07 	  4.15 	0.08 	0	   507540.0 	    379.43   	11.4247	0.0008	   374050.0  	     586.17    	11.4191	0.0017	    220310.0 	    172.37    	11.4043	0.0008	 0.0147	   --- 	 --- 	8837.0 	0.371 	0.185 	  --- 	    ---  	  1.0  	NGC_2571
 0.1618	 0.2258	-0.0458	 5546.61 	  814.044	 1284.812	1.204	17	 ---	124.73297846079	0.0133	-29.79038187174	0.0161	5644485538411688192	  0.6619 	0.0221	 -4.88 	0.03 	  4.029	0.03 	0	    44467.0 	      8.017  	14.0683	0.0002	    25694.0  	      31.564   	14.3268	0.0013	     27834.0 	     21.664   	13.6505	0.0008	 0.6763	   --- 	 --- 	6427.0 	0.9768	0.4857	  1.6 	    3.929	  1.0  	NGC_2571
 0.1866	 0.2013	-0.1601	 2148.792	  730.525	  994.402	1.156	16	 ---	124.730005683  	0.0297	-29.74497314584	0.0378	5644487325118054400	  0.6078 	0.0479	 -4.622	0.065	  4.289	0.068	1	  5028600.0 	   2340.2    	 8.9348	0.0005	  3841600.0  	    5258.6     	 8.8901	0.0015	   1971000.0 	   1982.1     	 9.0252	0.0011	-0.1351	   --- 	 --- 	8868.67	0.1707	0.09  	  --- 	    ---  	  0.9  	NGC_2571
 0.0863	 0.1276	 0.2458	  480.549	   91.617	  133.266	1.319	14	 ---	124.81435526227	0.0621	-29.69526427043	0.0807	5644487733131130496	  0.5458 	0.1116	 -5.268	0.146	  4.045	0.179	0	     1745.0 	      3.6312 	17.5839	0.0023	      595.06 	       6.4951  	18.415 	0.0119	      1706.6 	     12.806   	16.6816	0.0081	 1.7334	   --- 	 --- 	   --- 	---   	---   	  --- 	    ---  	  0.4  	NGC_2571
 0.1774	 0.2436	-0.1138	  945.409	  174.214	  319.882	1.246	17	 ---	124.75193705423	0.0245	-29.7820142962 	0.0277	5644485504051927168	  0.7534 	0.038 	 -4.719	0.054	  4.307	0.05 	0	    10990.0 	     11.624  	15.5859	0.0011	     5318.2  	      30.527   	16.037 	0.0062	      8371.9 	     26.172   	14.9549	0.0034	 1.0821	   --- 	 --- 	5016.04	---   	---   	  1.21	    0.841	  1.0  	NGC_2571
 0.093 	 0.1515	 0.0005	  407.939	  159.599	  121.028	1.226	17	 ---	124.64342295307	0.0226	-30.09667770297	0.0285	5644471313480252800	  0.7609 	0.0357	 -4.831	0.055	  3.921	0.054	0	    38320.0 	     93.936  	14.2298	0.0027	    24071.0  	     150.82    	14.3977	0.0068	     22915.0 	    189.33    	13.8616	0.009 	 0.536 	   --- 	 --- 	7029.75	0.044 	0.0217	  1.08	    2.571	  0.7  	NGC_2571
 0.1739	 0.2334	 0.1461	  779.483	   77.792	  196.415	1.4  	16	 ---	124.77140084493	0.0594	-29.81280424757	0.0787	5644484679418208256	  0.7986 	0.1041	 -5.005	0.134	  4.362	0.161	0	     2469.5 	      3.1681 	17.2068	0.0014	      803.63 	      10.33    	18.0888	0.014 	      2652.4 	     13.504   	16.2028	0.0055	 1.8859	   --- 	 --- 	   --- 	---   	---   	  --- 	    ---  	  0.4  	NGC_2571
 0.1587	 0.2346	-0.0865	 2071.921	  736.982	 1043.657	1.157	16	 ---	124.74438242893	0.0327	-29.75464823062	0.043 	5644487256398569984	  0.7034 	0.0531	 -4.537	0.072	  4.438	0.077	1	  5715400.0 	   2758.5    	 8.7957	0.0005	  4417200.0  	    5993.7     	 8.7385	0.0015	   2194400.0 	   2102.6     	 8.9086	0.001 	-0.1701	   --- 	 --- 	8868.67	0.0938	0.036 	  --- 	    ---  	  0.8  	NGC_2571
 0.1762	 0.2989	 0.1811	  637.926	   46.962	  143.957	1.362	14	 ---	124.7535965926 	0.0572	-29.80425949533	0.0826	5644484713777957632	  0.7399 	0.1049	 -4.952	0.125	  4.129	0.158	0	     2132.1 	      3.3422 	17.3663	0.0017	      793.06 	      16.887   	18.1031	0.0231	      2111.3 	     14.666   	16.4505	0.0075	 1.6526	   --- 	 --- 	   --- 	---   	---   	  --- 	    ---  	  1.0  	NGC_2571
 0.2272	 0.2574	 0.1599	  540.062	   61.024	  216.302	1.332	14	 ---	124.73044073665	0.0593	-29.76009110081	0.086 	5644485778929838464	  0.8249 	0.1158	 -4.369	0.134	  4.348	0.178	0	     1885.4 	      3.491  	17.4999	0.002 	      669.4  	      10.969   	18.2872	0.0178	      1841.3 	      8.5126  	16.5991	0.005 	 1.6881	   --- 	 --- 	   --- 	---   	---   	  --- 	    ---  	  0.8  	NGC_2571
 0.2033	 0.1452	-0.0149	  538.962	  134.949	  196.94 	1.248	17	 ---	124.83969011721	0.0236	-29.71739762714	0.0302	5644486912801077376	  0.867  	0.0389	 -4.904	0.054	  4.213	0.063	0	     9513.6 	     17.652  	15.7425	0.002 	     4354.7  	      32.269   	16.254 	0.008 	      7517.5 	     38.171   	15.0717	0.0055	 1.1823	   --- 	 --- 	4886.0 	0.7757	0.35  	  1.05	    0.567	  0.9  	NGC_2571
 0.0967	 0.2518	-0.0665	 4645.625	  638.644	 1276.977	1.207	17	 ---	124.40030575423	0.0138	-29.54697032141	0.0156	5644551234233671936	  0.6715 	0.0218	 -4.942	0.032	  4.116	0.03 	0	    36836.0 	      7.9291 	14.2727	0.0002	    20685.0  	      32.39    	14.5622	0.0017	     23775.0 	     18.618   	13.8216	0.0009	 0.7406	   --- 	 --- 	6223.9 	---   	---   	  1.53	    3.17 	  1.0  	NGC_2571
 0.137 	 0.3372	-0.1402	  859.592	   93.702	  301.862	1.305	15	 ---	124.72312814459	0.0414	-29.71046160335	0.0502	5644534359296062208	  0.6853 	0.0702	 -4.8  	0.091	  4.073	0.087	0	     4061.0 	      4.7243 	16.6668	0.0013	     1542.3  	      16.459   	17.381 	0.0116	      3759.0 	     12.453   	15.8242	0.0036	 1.5567	   --- 	 --- 	4370.0 	1.5378	0.769 	  1.19	    0.464	  1.0  	NGC_2571
 0.2971	 0.2314	 0.0473	  858.916	   99.735	  174.233	1.248	16	 ---	124.34216429552	0.0754	-29.76484023684	0.1082	5644529686367065600	  0.5159 	0.1237	 -5.229	0.177	  3.74 	0.217	0	     1197.3 	      1.394  	17.9928	0.0013	      554.65 	       5.5613  	18.4913	0.0109	       939.49	      5.3922  	17.3297	0.0062	 1.1616	   --- 	 --- 	   --- 	---   	---   	  --- 	    ---  	  0.1  	NGC_2571
 0.0903	 0.1749	 0.0721	 1049.533	  237.138	  331.825	1.25 	15	 ---	124.68976792741	0.0271	-29.56157697032	0.0365	5644539444544124800	  0.5837 	0.0445	 -5.073	0.064	  4.053	0.073	0	     6728.8 	      6.4113 	16.1185	0.001 	     3006.5  	      12.678   	16.6562	0.0046	      5405.2 	     16.289   	15.4299	0.0033	 1.2263	   --- 	 --- 	4866.0 	---   	---   	  1.33	    0.889	  0.6  	NGC_2571
 0.1005	 0.2669	-0.0451	  307.762	   45.834	  119.413	1.283	16	 ---	124.662590115  	0.0427	-29.6413254066 	0.0548	5644535836764970112	  0.7223 	0.0732	 -4.743	0.099	  4.007	0.104	0	     3112.5 	     10.113  	16.9556	0.0035	     1271.8  	      27.749   	17.5903	0.0237	      2720.9 	     22.785   	16.1752	0.0091	 1.4152	   --- 	 --- 	4436.0 	0.898 	0.442 	  0.94	    0.311	  0.7  	NGC_2571
 0.1577	 0.1888	-0.0719	  785.179	  161.17 	  259.305	1.268	17	 ---	124.35262430742	0.0406	-29.8436725405 	0.046 	5644528140183054976	  0.7929 	0.0587	 -5.055	0.092	  4.27 	0.086	0	     3777.2 	      4.8106 	16.7454	0.0014	     1517.0  	       9.4123  	17.3989	0.0067	      3271.2 	     12.615   	15.9752	0.0042	 1.4238	   --- 	 --- 	4675.28	0.9025	0.442 	  0.81	    0.286	  0.9  	NGC_2571
 0.0792	 0.2942	-0.0987	  800.806	  165.887	  311.263	1.283	16	 ---	124.68571809402	0.0414	-29.63067837597	0.0497	5644535802406652672	  0.8113 	0.0689	 -5.018	0.094	  4.343	0.091	0	     3511.7 	      4.3852 	16.8246	0.0014	     1410.0  	       8.4999  	17.4783	0.0065	      3095.3 	      9.9443  	16.0352	0.0035	 1.4431	   --- 	 --- 	4529.93	0.67  	0.3243	  0.84	    0.267	  1.0  	NGC_2571
 0.0746	 0.0919	-0.0896	 1873.686	  711.013	  773.264	1.156	16	 ---	124.5635770878 	0.0293	-29.5666213715 	0.0372	5644540136038048256	  0.5729 	0.0448	 -5.025	0.071	  4.312	0.071	1	  6241400.0 	   3331.1    	 8.7002	0.0006	  4684900.0  	    6589.1     	 8.6746	0.0015	   2531400.0 	   3273.7     	 8.7535	0.0014	-0.0789	   --- 	 --- 	8562.5 	0.3062	0.2207	  --- 	    ---  	  0.8  	NGC_2571
 0.1593	 0.2364	-0.142 	 1059.759	  130.257	  257.681	1.298	16	 ---	124.70530885083	0.0357	-29.70943837274	0.0439	5644534535401130880	  0.7912 	0.0596	 -4.349	0.078	  3.776	0.077	0	     4512.4 	      4.258  	16.5523	0.001 	     1767.6  	      13.57    	17.2329	0.0083	      4089.1 	     15.869   	15.7329	0.0042	 1.5001	   --- 	 --- 	4446.5 	---   	---   	  1.03	    0.374	  0.5  	NGC_2571
 0.2144	 0.1071	-0.131 	 2739.187	  302.133	  646.296	1.236	17	 ---	124.4397506002 	0.0217	-29.96041925159	0.0245	5644523574644799232	  0.5436 	0.0323	 -5.018	0.05 	  3.526	0.05 	0	    10858.0 	      3.964  	15.599 	0.0004	     5466.9  	      18.094   	16.007 	0.0036	      7955.8 	     12.31    	15.0102	0.0017	 0.9968	   --- 	 --- 	5195.0 	0.9053	0.4178	  1.53	    1.544	  0.1  	NGC_2571
 0.1498	 0.2295	 0.1195	  579.178	   61.541	  216.821	1.426	15	 ---	124.72820503703	0.0734	-29.70315843166	0.1105	5644534462375296128	  0.7312 	0.1352	 -4.401	0.167	  4.174	0.211	0	     1288.0 	      2.2238 	17.9136	0.0019	      320.11 	       5.2015  	19.0881	0.0176	      1516.7 	      6.9951  	16.8097	0.005 	 2.2785	   --- 	 --- 	   --- 	---   	---   	  --- 	    ---  	  0.5  	NGC_2571
-0.145 	-0.0755	 0.3432	  544.902	   49.306	  145.29 	1.369	13	 ---	124.79367188967	0.0792	-29.64733662011	0.0985	5644534977771490176	  0.8467 	0.1435	 -4.456	0.208	  3.987	0.222	0	     1326.0 	      2.4335 	17.882 	0.002 	      377.25 	       7.6511  	18.9098	0.022 	      1437.6 	      9.8951  	16.8678	0.0075	 2.042 	   --- 	 --- 	   --- 	---   	---   	  --- 	    ---  	  0.4  	NGC_2571
 0.1682	 0.2355	-0.1393	  906.367	  213.795	  247.394	1.246	16	 ---	124.71944590195	0.0202	-29.73513779824	0.0253	5644534260523225344	  0.7447 	0.0341	 -4.86 	0.045	  4.333	0.045	0	    13316.0 	     14.692  	15.3774	0.0012	     6659.1  	      31.147   	15.7928	0.0051	      9936.9 	     40.166   	14.7688	0.0044	 1.0241	   --- 	 --- 	5230.54	0.5957	0.3075	  1.22	    1.003	  1.0  	NGC_2571
 0.2805	 0.1039	-0.2705	 1743.211	  238.657	  432.008	1.232	15	 ---	124.74144530818	0.0393	-29.71742671336	0.0486	5644534397962168576	  0.5837 	0.0671	 -4.462	0.088	  4.944	0.091	0	     4630.0 	      2.656  	16.5244	0.0006	     2438.4  	      10.217   	16.8836	0.0045	      3264.5 	      7.5565  	15.9774	0.0025	 0.9062	   --- 	 --- 	5512.0 	0.063 	0.0305	  0.81	    0.548	  0.8  	NGC_2571
 0.273 	 0.1066	-0.1863	 4948.848	 1041.873	 1108.579	1.182	17	 ---	124.5652591838 	0.0164	-29.79951457729	0.0204	5644527251136675712	  0.7557 	0.0267	 -4.713	0.037	  3.891	0.042	0	   139690.0 	     28.226  	12.8255	0.0002	    92218.0  	      88.511   	12.9394	0.001 	     72931.0 	     65.788   	12.6046	0.001 	 0.3347	   --- 	 --- 	8374.33	0.4703	0.1863	  --- 	    ---  	  0.7  	NGC_2571
 0.0939	 0.1895	 0.1428	  452.581	   60.091	  111.174	1.341	15	 ---	124.75686069208	0.0709	-29.6714211562 	0.1003	5644534909051967360	  0.5611 	0.131 	 -4.963	0.167	  4.058	0.195	0	     1373.6 	      3.0349 	17.8437	0.0024	      424.76 	       7.0686  	18.781 	0.0181	      1417.0 	     12.746   	16.8835	0.0098	 1.8976	   --- 	 --- 	   --- 	---   	---   	  --- 	    ---  	  0.5  	NGC_2571
 0.2503	 0.1832	-0.0873	 1607.966	  155.321	  316.157	1.239	17	 ---	124.57944872506	0.0416	-29.80804047151	0.0558	5644526495222427648	  0.5278 	0.0695	 -5.914	0.096	  4.455	0.107	0	     3118.2 	      1.9393 	16.9536	0.0007	     1481.1  	       9.5357  	17.4249	0.007 	      2383.5 	      7.539   	16.3189	0.0034	 1.106 	   --- 	 --- 	5012.75	0.2927	0.144 	  0.93	    0.487	  0.1  	NGC_2571
 0.2149	 0.2807	 0.0911	  633.826	   49.375	  148.607	1.33 	16	 ---	124.63727251205	0.0643	-29.8173681733 	0.0864	5644532057193291776	  0.7046 	0.116 	 -5.132	0.148	  4.564	0.177	0	     1720.5 	      2.7144 	17.5992	0.0017	      568.66 	      11.517   	18.4643	0.022 	      1719.3 	     11.569   	16.6735	0.0073	 1.7907	   --- 	 --- 	   --- 	---   	---   	  --- 	    ---  	  0.5  	NGC_2571
 0.086 	 0.072 	 0.1649	 2276.341	  542.771	  693.132	1.211	15	 ---	125.0347167882 	0.0181	-29.81385993685	0.0233	5644564394008781952	  0.6491 	0.0307	 -4.909	0.043	  4.024	0.046	0	    21720.0 	      9.5418 	14.8462	0.0005	    11832.0  	      21.799   	15.1687	0.002 	     14461.0 	     20.863   	14.3614	0.0016	 0.8073	   --- 	 --- 	5829.25	---   	---   	  1.4 	    2.03 	  1.0  	NGC_2571
 0.0384	 0.256 	 0.1165	 1938.776	  732.547	  718.27 	1.16 	16	 ---	125.1138791205 	0.0258	-29.91882052546	0.0332	5644559652364885504	  0.8359 	0.0431	 -4.922	0.058	  3.871	0.062	0	  1205600.0 	    621.84   	10.4853	0.0006	   883110.0  	    1205.5     	10.4864	0.0015	    515460.0 	    717.64    	10.4814	0.0015	 0.0049	   --- 	 --- 	9302.0 	0.394 	0.197 	  --- 	    ---  	  0.4  	NGC_2571
 0.211 	 0.2799	-0.1039	  976.14 	  218.982	  296.094	1.216	15	 ---	124.69070044925	0.019 	-29.69451802269	0.025 	5644534638480347136	  0.7015 	0.0336	 -4.914	0.043	  4.19 	0.046	0	    17959.0 	     18.398  	15.0527	0.0011	     9652.8  	      44.08    	15.3898	0.005 	     12186.0 	     41.155   	14.5473	0.0037	 0.8425	   --- 	 --- 	5769.33	---   	---   	  1.2 	    1.442	  1.0  	NGC_2571
-0.103 	-0.003 	 0.2167	  805.831	   89.543	  106.505	1.231	14	 ---	124.67817193864	0.0744	-29.60149045902	0.1015	5644539204019385600	  0.5898 	0.129 	 -4.506	0.189	  5.01 	0.22 	0	     1316.5 	      1.6337 	17.8898	0.0013	      595.29 	       6.6481  	18.4146	0.0121	      1024.8 	      9.6221  	17.2353	0.0102	 1.1792	   --- 	 --- 	   --- 	---   	---   	  --- 	    ---  	  0.4  	NGC_2571
 0.1749	 0.2555	-0.1749	  812.401	  197.301	  228.621	1.242	16	 ---	124.67777523417	0.0177	-29.6601827436 	0.0217	5644535566193279232	  0.695  	0.0293	 -5.289	0.04 	  4.773	0.041	0	    20213.0 	     24.881  	14.9243	0.0013	     9485.6  	      48.077   	15.4087	0.0055	     15618.0 	     68.312   	14.2779	0.0047	 1.1308	   --- 	 --- 	4968.51	---   	---   	  1.83	    1.837	  0.1  	NGC_2571
 0.3752	-0.0722	-0.0988	 1001.734	    ---  	    ---  	---  	15	 ---	124.49769251061	0.0611	-29.86480133476	0.0793	5644526563941966208	  0.7653 	0.0984	 -5.373	0.152	  3.92 	0.198	0	     2009.9 	      2.0064 	17.4304	0.0011	        ---  	       ---     	 ---   	---   	         --- 	      ---     	 ---   	---   	 ---   	   --- 	 --- 	   --- 	---   	---   	  --- 	    ---  	  0.6  	NGC_2571
 0.2111	 0.1423	 0.0344	 1241.47 	   92.429	   42.426	1.439	16	 ---	124.49726599304	0.0518	-29.86441237702	0.0668	5644526563941966336	  0.559  	0.0806	 -5.438	0.12 	  3.487	0.136	0	     2705.9 	      2.1796 	17.1076	0.0009	     1222.0  	      13.221   	17.6337	0.0117	      2671.0 	     62.957   	16.1952	0.0256	 1.4385	   --- 	 --- 	   --- 	---   	---   	  --- 	    ---  	  0.1  	NGC_2571
 0.2589	 0.1609	-0.1236	 3726.606	  935.486	 1371.578	1.177	15	 ---	124.6746932752 	0.022 	-29.72324840963	0.0251	5644533023572655744	  0.7532 	0.0357	 -4.935	0.047	  4.21 	0.048	1	   181480.0 	     48.698  	12.5413	0.0003	   125410.0  	     134.06    	12.6055	0.0012	     88171.0 	     64.284   	12.3986	0.0008	 0.2069	   --- 	 --- 	8958.67	0.3953	0.1853	  --- 	    ---  	  1.0  	NGC_2571
 0.2121	 0.2248	-0.0062	  458.463	   45.803	  121.261	1.347	15	 ---	124.66971485888	0.0718	-29.68108205081	0.1034	5644535360034856960	  0.6386 	0.1274	 -4.879	0.165	  3.911	0.203	0	     1337.3 	      2.9169 	17.8728	0.0024	      421.58 	       9.2041  	18.7892	0.0237	      1380.2 	     11.382   	16.9121	0.009 	 1.8771	   --- 	 --- 	   --- 	---   	---   	  --- 	    ---  	  0.6  	NGC_2571
 0.1892	 0.2306	-0.1709	  717.772	  238.429	  264.192	1.222	16	 ---	124.64974812252	0.0172	-29.66662861498	0.0215	5644535634912767232	  0.8048 	0.0292	 -4.927	0.039	  4.263	0.04 	1	    19498.0 	     27.165  	14.9634	0.0015	    10193.0  	      42.752   	15.3306	0.0046	     13630.0 	     51.593   	14.4257	0.0041	 0.9049	   --- 	 --- 	5445.85	0.272 	0.1397	  1.24	    1.223	  1.0  	NGC_2571
 0.1882	 0.2742	 0.0783	 1017.946	   97.893	  114.23 	1.318	16	 ---	124.43432428109	0.0596	-29.76229022354	0.083 	5644530343506908800	  0.5559 	0.1006	 -4.307	0.137	  4.964	0.159	0	     1584.5 	      1.5566 	17.6886	0.0011	      744.45 	       7.6047  	18.1718	0.0111	      1343.7 	     11.763   	16.9411	0.0095	 1.2307	   --- 	 --- 	   --- 	---   	---   	  --- 	    ---  	  0.8  	NGC_2571
 0.0676	 0.0784	 0.165 	 3442.616	  293.508	  293.952	1.221	16	 ---	125.0776724156 	0.0145	-29.77410591673	0.0176	5644564909404786432	  0.8513 	0.0244	 -4.435	0.033	  4.56 	0.036	1	    38111.0 	     11.07   	14.2357	0.0003	    21501.0  	      73.257   	14.5202	0.0037	     25040.0 	     85.185   	13.7653	0.0037	 0.7549	   --- 	 --- 	5971.15	0.29  	0.144 	  1.34	    2.056	  0.7  	NGC_2571
 0.1287	 0.1704	-0.0644	 1529.725	  246.126	  603.465	1.224	17	 ---	124.45752552467	0.0152	-29.67017532511	0.0191	5644532027139948544	  0.733  	0.0234	 -4.492	0.034	  4.297	0.036	1	    20848.0 	     13.629  	14.8907	0.0007	    11013.0  	      44.747   	15.2466	0.0044	     14509.0 	     24.042   	14.3579	0.0018	 0.8887	   --- 	 --- 	5535.54	0.4628	0.234 	  1.36	    1.562	  0.9  	NGC_2571
 0.2358	 0.0978	-0.0967	 4545.538	  665.956	 1125.126	1.218	17	 ---	124.55050001336	0.014 	-29.79809790724	0.0173	5644527148057466368	  0.831  	0.0226	 -5.221	0.032	  3.972	0.036	0	    29688.0 	      6.5313 	14.5069	0.0002	    15428.0  	      23.167   	14.8806	0.0016	     20734.0 	     18.429   	13.9702	0.001 	 0.9104	   --- 	 --- 	5427.0 	---   	---   	  1.5 	    1.75 	  0.7  	NGC_2571
 0.2261	 0.1899	 0.0547	  906.099	   93.528	  282.586	1.267	16	 ---	124.50842383451	0.0598	-29.73782178743	0.0828	5644530618391040640	  0.6564 	0.1027	 -4.315	0.139	  3.939	0.174	0	     1725.7 	      1.9045 	17.596 	0.0012	      690.17 	       7.3793  	18.254 	0.0116	      1496.5 	      5.2958  	16.8242	0.0038	 1.4298	   --- 	 --- 	   --- 	---   	---   	  --- 	    ---  	  0.3  	NGC_2571
 0.1518	 0.2507	 0.005 	 2675.122	  439.591	  694.509	1.213	17	 ---	124.40303474972	0.0204	-29.79019586975	0.0261	5644529484519421952	  0.5608 	0.0338	 -4.992	0.046	  4.242	0.051	0	    10780.0 	      4.0298 	15.6068	0.0004	     5564.8  	      12.659   	15.9878	0.0025	      7510.0 	     10.813   	15.0728	0.0016	 0.915 	   --- 	 --- 	5455.5 	---   	---   	  1.32	    1.391	  0.8  	NGC_2571
 0.2266	 0.1538	-0.0683	 4064.512	  683.271	 1307.403	1.18 	17	 ---	124.58400020367	0.019 	-29.84084625578	0.0224	5644526117265313920	  0.847  	0.0291	 -4.957	0.041	  4.41 	0.044	0	   268070.0 	     65.953  	12.1178	0.0003	   197480.0  	     289.02    	12.1126	0.0016	    118930.0 	     90.97    	12.0736	0.0008	 0.0389	   --- 	 --- 	9434.12	---   	---   	  --- 	    ---  	  0.9  	NGC_2571
 0.1254	 0.2836	-0.1343	 1712.995	  249.811	  245.553	1.234	17	 ---	124.38489572724	0.0365	-29.58780727291	0.0416	5644551028075276416	  0.5442 	0.0562	 -5.659	0.078	  4.343	0.081	0	     4332.3 	      2.5291 	16.5966	0.0006	     2174.2  	       8.7035  	17.0081	0.0043	      3170.0 	     12.909   	16.0093	0.0044	 0.9988	   --- 	 --- 	5168.71	0.2475	0.1117	  0.98	    0.618	  0.2  	NGC_2571
 0.2265	 0.2066	-0.1849	 3757.617	  637.758	 1104.854	1.18 	15	 ---	124.68682869181	0.0243	-29.69575364746	0.0319	5644534599811029248	  0.6839 	0.0416	 -5.046	0.054	  4.277	0.059	0	   337150.0 	     89.725  	11.8688	0.0003	   249020.0  	     390.47    	11.8608	0.0017	    148870.0 	    134.74    	11.8299	0.001 	 0.0309	   --- 	 --- 	9365.0 	---   	---   	  --- 	    ---  	  1.0  	NGC_2571
 0.1205	 0.2786	-0.0346	  550.518	   54.508	   80.141	1.38 	17	 ---	124.43582179434	0.0398	-29.74418692889	0.0488	5644531133786810624	  0.6655 	0.0631	 -4.689	0.092	  4.557	0.092	0	     3289.7 	      5.9756 	16.8955	0.002 	     1238.9  	      22.729   	17.6188	0.0199	      3300.1 	     41.179   	15.9656	0.0135	 1.6532	   --- 	 --- 	4315.0 	---   	---   	  1.14	    0.409	  0.8  	NGC_2571
 0.1248	 0.2168	-0.0032	  916.316	   85.689	  187.943	1.287	16	 ---	124.42615314663	0.0646	-29.65424050317	0.0905	5644543812530223872	  0.657  	0.1054	 -4.696	0.146	  3.977	0.176	0	     1346.6 	      1.4696 	17.8652	0.0012	      508.4  	       5.9331  	18.5859	0.0127	      1224.1 	      6.5132  	17.0424	0.0058	 1.5435	   --- 	 --- 	   --- 	---   	---   	  --- 	    ---  	  0.4  	NGC_2571
 0.2126	 0.0987	-0.1455	  958.023	  225.523	  299.935	1.223	17	 ---	124.49536127478	0.019 	-29.86101891218	0.0206	5644526563941966080	  0.7176 	0.0274	 -4.799	0.044	  4.139	0.041	0	    16180.0 	     16.889  	15.1659	0.0011	     8485.0  	      37.624   	15.5298	0.0048	     11296.0 	     37.662   	14.6296	0.0036	 0.9002	   --- 	 --- 	5542.05	0.3775	0.1887	  1.22	    1.264	  1.0  	NGC_2571
 0.2438	 0.1673	-0.1237	 2488.033	  390.308	  567.974	1.221	17	 ---	124.52050938786	0.0244	-29.83004219963	0.0288	5644526701380891904	  0.5565 	0.037 	 -5.437	0.055	  4.797	0.057	0	     8393.4 	      3.3735 	15.8785	0.0004	     4222.8  	      10.819   	16.2874	0.0028	      6025.4 	     10.609   	15.312 	0.0019	 0.9754	   --- 	 --- 	5349.25	0.494 	0.2377	  1.23	    1.113	  0.1  	NGC_2571
 0.0653	 0.2925	-0.1136	 4224.117	  790.613	 1212.287	1.187	15	 ---	124.71339465138	0.0123	-29.60550937417	0.015 	5644536322106990848	  0.7543 	0.0199	 -4.937	0.028	  4.105	0.027	1	    80944.0 	     19.162  	13.4179	0.0003	    50317.0  	      63.643   	13.5971	0.0014	     45761.0 	     37.748   	13.1107	0.0009	 0.4864	   --- 	 --- 	7340.0 	0.749 	0.372 	  1.46	    5.575	  1.0  	NGC_2571
 0.2155	 0.268 	 0.0606	 1009.097	   96.207	  120.244	1.235	16	 ---	124.47946875786	0.0658	-29.73875477154	0.0902	5644530721469912832	  0.6189 	0.1101	 -4.257	0.152	  4.541	0.184	0	     1379.7 	      1.3673 	17.8389	0.0011	      682.24 	       7.0914  	18.2665	0.0113	      1022.4 	      8.5026  	17.2379	0.009 	 1.0287	   --- 	 --- 	   --- 	---   	---   	  --- 	    ---  	  0.5  	NGC_2571
 0.095 	 0.2696	 0.102 	 2068.851	  281.623	  478.712	1.229	16	 ---	125.11981764147	0.0196	-29.89070584772	0.0279	5644559995962242304	  0.8619 	0.0337	 -5.136	0.045	  3.91 	0.052	0	    12252.0 	      5.9222 	15.4678	0.0005	     6205.2  	      22.034   	15.8695	0.0039	      8847.6 	     18.482   	14.8949	0.0023	 0.9746	   --- 	 --- 	5290.5 	0.1763	0.087 	  0.98	    0.683	  0.6  	NGC_2571
 0.1889	 0.2409	-0.1559	 2529.634	  548.354	 1658.99 	1.166	16	 ---	124.69422186439	0.0329	-29.75029335758	0.0369	5644532748694748928	  0.6397 	0.0505	 -4.941	0.071	  4.315	0.069	0	   882310.0 	    348.79   	10.8243	0.0004	   658540.0  	    1200.9     	10.8049	0.002 	    369840.0 	    222.93    	10.8419	0.0007	-0.037 	   --- 	 --- 	9531.0 	0.369 	0.185 	  --- 	    ---  	  0.9  	NGC_2571
 0.2023	 0.2786	-0.1388	 1183.852	  458.774	 1164.4  	1.167	16	 ---	124.66950614827	0.0321	-29.72520204404	0.0355	5644533019263066368	  0.7131 	0.0496	 -4.71 	0.071	  4.276	0.068	0	   640590.0 	    541.11   	11.1719	0.0009	   473210.0  	    1031.5     	11.1637	0.0024	    274450.0 	    235.7     	11.1658	0.0009	-0.002 	   --- 	 --- 	8821.5 	0.317 	0.167 	  --- 	    ---  	  1.0  	NGC_2571
 0.0581	 0.3276	 0.1408	 1915.898	  265.581	  587.212	1.227	15	 ---	124.54583830801	0.0313	-29.62493124498	0.0417	5644538211892753792	  0.5415 	0.0488	 -4.374	0.066	  4.601	0.079	0	     6633.3 	      3.4622 	16.134 	0.0006	     3477.9  	      13.096   	16.4981	0.0041	      4660.1 	      7.936   	15.5909	0.0018	 0.9072	   --- 	 --- 	5516.0 	0.2287	0.117 	  1.05	    0.912	  0.8  	NGC_2571
 0.1499	 0.2078	 0.2306	  983.351	   64.753	  219.501	1.314	14	 ---	125.07611288443	0.0667	-29.83195629571	0.0842	5644563741173725184	  0.7108 	0.1183	 -4.6  	0.152	  4.802	0.185	0	     1583.1 	      1.6099 	17.6896	0.0011	      575.91 	       8.894   	18.4505	0.0168	      1503.6 	      6.8503  	16.8191	0.0049	 1.6314	   --- 	 --- 	   --- 	---   	---   	  --- 	    ---  	  0.5  	NGC_2571
 0.24  	 0.1855	-0.1315	 4252.713	  690.693	 1784.945	1.176	16	 ---	124.64351178863	0.0215	-29.74696725894	0.0258	5644532950543591424	  0.6954 	0.0352	 -4.642	0.047	  4.423	0.048	0	   214560.0 	     50.452  	12.3595	0.0003	   151870.0  	     219.87    	12.3977	0.0016	    100520.0 	     56.313   	12.2563	0.0006	 0.1414	   --- 	 --- 	9537.0 	0.3917	0.189 	  --- 	    ---  	  0.9  	NGC_2571
 0.1333	 0.2108	-0.0567	 1408.89 	  170.134	  270.941	1.232	16	 ---	124.72880858203	0.0459	-29.63497462613	0.0601	5644535944150381696	  0.5383 	0.0789	 -5.248	0.107	  3.323	0.11 	0	     3089.1 	      2.1926 	16.9638	0.0008	     1566.1  	       9.2049  	17.3644	0.0064	      2239.4 	      8.2653  	16.3866	0.004 	 0.9778	   --- 	 --- 	5273.0 	0.0193	0.0072	  --- 	    ---  	  0.1  	NGC_2571
 0.1046	 0.1762	 0.1301	  698.428	   64.887	  154.007	1.341	15	 ---	124.75814115407	0.0732	-29.6794291735 	0.1029	5644534878998492928	  0.7696 	0.1351	 -5.401	0.17 	  4.263	0.199	0	     1328.5 	      1.9021 	17.88  	0.0016	      423.92 	       6.5332  	18.7832	0.0167	      1357.0 	      8.8113  	16.9305	0.007 	 1.8527	   --- 	 --- 	   --- 	---   	---   	  --- 	    ---  	  0.7  	NGC_2571
 0.0008	 0.2114	 0.1396	  928.818	  106.932	  120.209	1.25 	14	 ---	124.6998155203 	0.0575	-29.60940499834	0.073 	5644536219027784576	  0.6218 	0.0936	 -4.47 	0.135	  4.926	0.148	0	     2261.7 	      2.435  	17.3023	0.0012	      958.42 	       8.9629  	17.8975	0.0102	      1868.9 	     15.547   	16.5829	0.009 	 1.3146	   --- 	 --- 	   --- 	---   	---   	  --- 	    ---  	  0.9  	NGC_2571
 0.1285	 0.126 	 0.0956	  926.496	   99.53 	  176.385	1.262	16	 ---	124.48402181599	0.0719	-29.95864263368	0.0938	5644523437205820672	  0.6109 	0.1202	 -4.95 	0.167	  3.965	0.201	0	     1982.4 	      2.1397 	17.4454	0.0012	      964.57 	       9.6912  	17.8906	0.0109	      1538.1 	      8.7203  	16.7944	0.0062	 1.0961	   --- 	 --- 	   --- 	---   	---   	  --- 	    ---  	  0.8  	NGC_2571
 0.1299	 0.1684	-0.0913	 4307.583	  500.727	  286.876	1.214	16	 ---	124.74377527991	0.0154	-29.63198240952	0.0167	5644535291315347584	  0.7258 	0.0236	 -4.987	0.036	  4.245	0.03 	1	    40814.0 	      9.475  	14.1613	0.0003	    23751.0  	      47.434   	14.4122	0.0022	     25778.0 	     89.857   	13.7338	0.0038	 0.6784	   --- 	 --- 	6662.32	0.329 	0.184 	  1.3 	    2.997	  1.0  	NGC_2571
 0.1169	 0.2474	-0.1301	  950.631	  259.972	  381.222	1.231	16	 ---	124.74071098629	0.0195	-29.64267623003	0.0235	5644535188236135936	  0.6906 	0.0329	 -4.855	0.046	  4.255	0.042	0	    15697.0 	     16.512  	15.1988	0.0011	     7668.3  	      29.496   	15.6396	0.0042	     11652.0 	     30.566   	14.5959	0.0028	 1.0438	   --- 	 --- 	5145.0 	0.856 	0.4247	  1.49	    1.395	  1.0  	NGC_2571
 0.2852	 0.179 	 0.014 	  783.727	  198.961	  334.226	1.25 	16	 ---	124.54639015336	0.0258	-29.81084330394	0.0353	5644527148057474176	  0.7245 	0.042 	 -4.947	0.059	  4.291	0.072	0	     7165.7 	      9.1431 	16.0502	0.0014	     3208.2  	      16.125   	16.5857	0.0055	      5751.4 	     17.208   	15.3625	0.0032	 1.2232	   --- 	 --- 	4861.0 	0.883 	0.4442	  1.11	    0.615	  1.0  	NGC_2571
 0.182 	 0.3161	-0.1588	  605.394	  110.915	  220.688	1.243	16	 ---	124.65945211624	0.0263	-29.72353060369	0.0312	5644533092292137088	  0.756  	0.043 	 -4.929	0.06 	  4.169	0.056	0	     9317.0 	     15.39   	15.7652	0.0018	     4393.8  	      39.614   	16.2443	0.0098	      7188.4 	     32.573   	15.1203	0.0049	 1.1239	   --- 	 --- 	4928.7 	0.651 	0.313 	  1.17	    0.722	  1.0  	NGC_2571
 0.1831	 0.2294	-0.0126	 3191.496	  550.749	  751.496	1.218	17	 ---	124.61921528933	0.0199	-29.67889828197	0.0258	5644534191803767936	  0.6833 	0.0329	 -4.324	0.045	  4.421	0.05 	0	    15053.0 	      4.7166 	15.2443	0.0003	     7918.5  	      14.378   	15.6048	0.002 	     10415.0 	     13.859   	14.7178	0.0014	 0.887 	   --- 	 --- 	5718.62	0.3703	0.162 	  1.15	    1.278	  0.6  	NGC_2571
 0.0425	 0.1894	 0.1335	 1236.467	  269.329	  400.617	1.222	15	 ---	125.14298783966	0.0172	-29.85694275487	0.0235	5644560580077747968	  0.9241 	0.0301	 -4.733	0.039	  4.719	0.045	1	    17220.0 	     13.927  	15.0983	0.0009	     8847.2  	      32.849   	15.4844	0.004 	     12189.0 	     30.424   	14.547 	0.0027	 0.9373	   --- 	 --- 	5342.5 	0.175 	0.0775	  1.06	    0.829	  0.1  	NGC_2571
 0.1229	 0.2367	 0.0871	  516.237	   51.959	  124.666	1.335	14	 ---	124.62437014694	0.0664	-29.52977317847	0.0885	5644540612768726912	  0.7018 	0.1204	 -4.75 	0.157	  4.174	0.18 	0	     1548.8 	      3.0002 	17.7134	0.0021	      503.72 	       9.6946  	18.5959	0.0209	      1563.2 	     12.539   	16.7769	0.0087	 1.819 	   --- 	 --- 	   --- 	---   	---   	  --- 	    ---  	  1.0  	NGC_2571
 0.2252	 0.1253	-0.1614	  285.673	   85.503	   87.847	1.294	17	 ---	124.66345603473	0.0374	-29.71439160049	0.0433	5644533092292134272	  0.7079 	0.0591	 -4.743	0.082	  4.326	0.081	0	     4492.8 	     15.727  	16.5571	0.0038	     1863.8  	      21.798   	17.1754	0.0127	      3949.3 	     44.957   	15.7706	0.0124	 1.4048	   --- 	 --- 	4523.9 	1.1617	0.5795	  1.09	    0.45 	  1.0  	NGC_2571
 0.1697	 0.1531	-0.1527	  623.045	  158.512	  389.592	1.314	17	 ---	124.48124919793	0.1019	-29.95819891051	0.1143	5644523437205822080	  0.7441 	0.1572	 -4.502	0.238	  4.708	0.228	0	     3815.0 	      6.1232 	16.7346	0.0017	     2011.8  	      12.692   	17.0924	0.0068	      3002.8 	      7.7076  	16.0681	0.0028	 1.0243	   --- 	 --- 	5319.29	0.17  	0.084 	  --- 	    ---  	  0.6  	NGC_2571
 0.1957	 0.2305	-0.0357	 3845.127	 1040.217	  887.213	1.2  	17	 ---	124.66338642956	0.0142	-29.76507846465	0.017 	5644532679975286656	  0.7149 	0.0229	 -4.989	0.031	  4.339	0.033	0	    46920.0 	     12.202  	14.01  	0.0003	    27603.0  	      26.536   	14.249 	0.001 	     28706.0 	     32.355   	13.617 	0.0012	 0.632 	   --- 	 --- 	6807.0 	0.5632	0.29  	  1.36	    3.555	  1.0  	NGC_2571
 0.1573	 0.2433	-0.1241	 1022.669	  164.213	  280.28 	1.255	16	 ---	124.75185691634	0.0306	-29.68501973775	0.0398	5644534874692196480	  0.7229 	0.0523	 -4.841	0.07 	  4.679	0.07 	0	     5699.6 	      5.5733 	16.2988	0.0011	     2550.6  	      15.532   	16.8348	0.0066	      4605.0 	     16.43    	15.6039	0.0039	 1.2309	   --- 	 --- 	4917.84	0.7625	0.38  	  0.96	    0.485	  0.8  	NGC_2571
 0.2121	 0.1917	 0.122 	  991.407	   48.497	  122.035	1.338	16	 ---	124.51132515058	0.0575	-29.83828669772	0.0754	5644526701380899712	  0.7549 	0.0951	 -4.811	0.131	  4.109	0.166	0	     2062.7 	      2.0806 	17.4023	0.0011	     1006.7  	      20.758   	17.8442	0.0224	      1752.8 	     14.363   	16.6526	0.0089	 1.1916	   --- 	 --- 	   --- 	---   	---   	  --- 	    ---  	  0.9  	NGC_2571
 0.1801	 0.2318	-0.0142	  821.605	   46.841	  132.022	1.318	17	 ---	124.62791184602	0.0737	-29.71105660495	0.0964	5644533813846651264	  0.5655 	0.13  	 -4.631	0.172	  3.686	0.186	0	     1334.1 	      1.6238 	17.8754	0.0013	      596.28 	      12.73    	18.4128	0.0232	      1161.7 	      8.799   	17.0992	0.0082	 1.3135	   --- 	 --- 	   --- 	---   	---   	  --- 	    ---  	  0.1  	NGC_2571
 0.2103	 0.2539	-0.1667	  629.963	   37.37 	  166.016	1.359	15	 ---	124.61250664478	0.0396	-29.70058068382	0.0421	5644534020005084416	  0.7433 	0.0629	 -4.83 	0.092	  4.304	0.079	0	     5191.0 	      8.2401 	16.4002	0.0017	     2597.2  	      69.498   	16.8151	0.0291	      4454.8 	     26.834   	15.6398	0.0065	 1.1753	   --- 	 --- 	4884.25	0.521 	0.2632	  0.91	    0.421	  1.0  	NGC_2571
 0.1301	 0.0771	 0.1203	  516.303	   76.076	  179.869	1.377	16	 ---	124.64982935257	0.0554	-29.74697721561	0.0752	5644532886133716992	  0.6662 	0.0975	 -5.011	0.131	  4.406	0.158	0	     2187.2 	      4.2362 	17.3387	0.0021	      638.58 	       8.394   	18.3383	0.0143	      2374.1 	     13.199   	16.3232	0.006 	 2.0152	   --- 	 --- 	   --- 	---   	---   	  --- 	    ---  	  0.8  	NGC_2571
 0.229 	 0.2062	-0.0283	  339.736	   86.029	  112.532	1.28 	17	 ---	124.4155099203 	0.029 	-29.81996899022	0.0381	5644528625526295424	  0.8706 	0.046 	 -4.727	0.066	  4.44 	0.074	0	     7016.7 	     20.653  	16.073 	0.0032	     3194.4  	      37.131   	16.5904	0.0126	      5785.2 	     51.409   	15.3561	0.0096	 1.2343	   --- 	 --- 	4918.33	---   	---   	  0.88	    0.411	  0.5  	NGC_2571
 0.2254	 0.2475	 0.0025	 1481.295	  269.406	  362.725	1.251	15	 ---	124.62219944257	0.0321	-29.69339878367	0.0446	5644534020005078912	  0.7805 	0.056 	 -5.182	0.073	  3.846	0.087	0	     6192.9 	      4.1807 	16.2086	0.0007	     2838.9  	      10.538   	16.7185	0.004 	      4908.0 	     13.531   	15.5347	0.003 	 1.1839	   --- 	 --- 	4875.67	0.6165	0.301 	  0.95	    0.456	  0.6  	NGC_2571
 0.2215	 0.1237	-0.096 	 3334.224	  695.522	 1346.704	1.177	17	 ---	124.62801881054	0.0206	-29.70729958922	0.0254	5644533813846649984	  0.7255 	0.0339	 -4.899	0.045	  4.271	0.05 	0	   321660.0 	     96.471  	11.9199	0.0003	   234060.0  	     336.53    	11.9281	0.0016	    144610.0 	    107.38    	11.8614	0.0008	 0.0666	   --- 	 --- 	9566.0 	---   	---   	  --- 	    ---  	  1.0  	NGC_2571
 0.219 	 0.2428	-0.163 	 1092.622	  257.083	  343.463	1.236	16	 ---	124.64695382362	0.022 	-29.72929546437	0.025 	5644532989212928384	  0.6647 	0.0352	 -5.09 	0.048	  4.165	0.048	0	    13162.0 	     12.046  	15.3901	0.001 	     6398.9  	      24.89    	15.8361	0.0042	      9872.7 	     28.745   	14.7758	0.0032	 1.0603	   --- 	 --- 	5096.76	---   	---   	  1.45	    1.274	  0.9  	NGC_2571
 0.2543	 0.1119	-0.1473	 5148.211	  865.283	 1155.878	1.205	17	 ---	124.65283028875	0.0131	-29.77787793959	0.0151	5644532302018172032	  0.7976 	0.0202	 -4.473	0.029	  4.201	0.029	0	    51129.0 	      9.9313 	13.9167	0.0002	    28732.0  	      33.205   	14.2055	0.0013	     32878.0 	     28.444   	13.4697	0.0009	 0.7358	   --- 	 --- 	6271.5 	0.9485	0.4705	  1.5 	    3.117	  0.9  	NGC_2571
 0.2428	 0.1518	-0.153 	  961.096	  137.961	  251.277	1.323	17	 ---	124.65003325307	0.0424	-29.77930985321	0.051 	5644532302018173312	  0.7313 	0.068 	 -4.872	0.097	  4.263	0.097	0	     3425.7 	      3.5643 	16.8515	0.0011	     1166.6  	       8.4563  	17.6841	0.0079	      3366.4 	     13.397   	15.944 	0.0043	 1.74  	   --- 	 --- 	4115.67	---   	---   	  1.23	    0.393	  0.9  	NGC_2571
 0.2261	 0.157 	-0.2255	 4264.723	  767.05 	  910.231	1.208	16	 ---	124.61198486866	0.015 	-29.71862712699	0.0204	5644533779486921088	  0.7087 	0.0252	 -4.795	0.032	  4.097	0.037	0	    33424.0 	      7.8372 	14.3782	0.0003	    18837.0  	      24.557   	14.6639	0.0014	     21524.0 	     23.646   	13.9296	0.0012	 0.7343	   --- 	 --- 	6195.0 	0.481 	0.239 	  1.4 	    2.585	  1.0  	NGC_2571
 0.1542	 0.1992	 0.1589	  867.645	   37.243	   29.03 	1.353	16	 ---	124.70609151002	0.0659	-29.73236897099	0.0934	5644532783048994176	  0.6437 	0.1198	 -5.105	0.149	  4.275	0.183	0	     1529.0 	      1.7622 	17.7274	0.0013	      518.75 	      13.929   	18.564 	0.0292	      1549.6 	     53.381   	16.7863	0.0374	 1.7777	   --- 	 --- 	   --- 	---   	---   	  --- 	    ---  	  1.0  	NGC_2571
 0.272 	 0.1532	-0.13  	 1341.774	  563.701	 1133.447	1.165	17	 ---	124.61224086389	0.0326	-29.70265124683	0.042 	5644534020005085184	  0.63   	0.052 	 -4.828	0.072	  4.141	0.087	0	   641810.0 	    478.33   	11.1698	0.0008	   464880.0  	     824.7     	11.183 	0.0019	    282960.0 	    249.64    	11.1326	0.001 	 0.0504	   --- 	 --- 	9540.0 	0.5588	0.2817	  --- 	    ---  	  1.0  	NGC_2571
 0.2041	 0.1886	 0.0377	 1276.176	  187.719	  280.441	1.266	17	 ---	124.60139189132	0.0267	-29.69884057702	0.038 	5644534054364826624	  0.6596 	0.0461	 -4.791	0.06 	  4.49 	0.075	0	     7388.0 	      5.7892 	16.017 	0.0009	     3773.8  	      20.104   	16.4094	0.0058	      5581.1 	     19.901   	15.3951	0.0039	 1.0143	   --- 	 --- 	5332.0 	0.3405	0.158 	  0.98	    0.699	  1.0  	NGC_2571
 0.2439	 0.2441	-0.0085	 1985.389	  318.106	  505.879	1.233	16	 ---	124.64224288765	0.029 	-29.7537533673 	0.0394	5644532886133721472	  0.599  	0.0493	 -5.349	0.067	  4.811	0.078	0	     6743.2 	      3.3964 	16.1162	0.0005	     3318.9  	      10.433   	16.5489	0.0034	      4997.2 	      9.8782  	15.5151	0.0021	 1.0338	   --- 	 --- 	5177.39	0.5823	0.2862	  1.11	    0.792	  0.1  	NGC_2571
 0.154 	 0.2466	-0.0794	  963.583	  214.521	  376.43 	1.247	17	 ---	124.5890051302 	0.0242	-29.66582165583	0.031 	5644537112381113344	  0.5524 	0.0394	 -5.002	0.054	  3.797	0.06 	0	    18382.0 	     19.076  	15.0274	0.0011	     8555.1  	      39.88    	15.5208	0.0051	     14371.0 	     38.178   	14.3682	0.0029	 1.1526	   --- 	 --- 	4950.67	2.2733	1.1647	  2.22	    2.656	  0.4  	NGC_2571
 0.2145	 0.215 	 0.088 	  704.296	   87.367	  290.538	1.278	16	 ---	124.68916978565	0.0285	-29.73954467331	0.0456	5644532817414225024	  0.7715 	0.0491	 -4.866	0.063	  3.955	0.084	0	     6725.2 	      9.5489 	16.1191	0.0015	     2990.0  	      34.223   	16.6622	0.0124	      5607.7 	     19.301   	15.3899	0.0037	 1.2723	   --- 	 --- 	4861.0 	0.862 	0.4125	  1.01	    0.509	  0.8  	NGC_2571
 0.0989	 0.2088	-0.067 	 2157.12 	  525.826	  652.888	1.218	15	 ---	124.53965491282	0.0156	-29.51691995245	0.018 	5644552265025681920	  0.754  	0.0248	 -4.863	0.035	  4.145	0.035	1	    27207.0 	     12.613  	14.6017	0.0005	    14056.0  	      26.731   	14.9817	0.0021	     19094.0 	     29.245   	14.0597	0.0017	 0.9221	   --- 	 --- 	5412.5 	0.741 	0.381 	  1.59	    1.951	  1.0  	NGC_2571
 0.2225	 0.171 	-0.1174	 5100.193	  921.873	 1475.519	1.175	17	 ---	124.6512593696 	0.018 	-29.79850229543	0.022 	5644532198938963072	  0.7534 	0.0288	 -4.981	0.04 	  4.278	0.042	0	   228110.0 	     44.725  	12.293 	0.0002	   162110.0  	     175.85    	12.3269	0.0012	    106010.0 	     71.846   	12.1986	0.0007	 0.1283	   --- 	 --- 	9459.25	0.1287	0.0913	  --- 	    ---  	  1.0  	NGC_2571
 0.0345	 0.1637	-0.0829	  663.669	  117.033	  259.676	1.283	16	 ---	124.71687007255	0.0423	-29.66665787929	0.0521	5644534775919285888	  0.8689 	0.0695	 -5.065	0.104	  4.132	0.089	0	     3786.1 	      5.7047 	16.7429	0.0016	     1566.8  	      13.388   	17.3639	0.0093	      3290.5 	     12.671   	15.9688	0.0042	 1.3951	   --- 	 --- 	4653.68	0.7177	0.3332	  0.75	    0.24 	  0.9  	NGC_2571
 0.1546	 0.2178	-0.0528	 5103.104	 1001.752	 1385.402	1.193	17	 ---	124.43456124936	0.0105	-29.72131508768	0.0124	5644531580463396736	  0.7154 	0.0163	 -5.439	0.023	  4.067	0.024	0	    69467.0 	     13.613  	13.5839	0.0002	    41929.0  	      41.855   	13.7951	0.0011	     40945.0 	     29.554   	13.2314	0.0008	 0.5637	   --- 	 --- 	7176.5 	0.7015	0.3422	  1.49	    5.291	  0.5  	NGC_2571
 0.2254	 0.0643	-0.1436	 2888.472	  616.277	 1114.096	1.178	17	 ---	124.52209689692	0.0256	-29.89298822745	0.0284	5644525533149813120	  0.753  	0.0373	 -4.854	0.058	  4.058	0.058	0	   353740.0 	    122.47   	11.8166	0.0004	   260510.0  	     422.72    	11.8118	0.0018	    156110.0 	    140.12    	11.7783	0.001 	 0.0335	   --- 	 --- 	9408.0 	---   	---   	  --- 	    ---  	  1.0  	NGC_2571
 0.1868	 0.2196	 0.0548	  832.93 	   66.484	  132.359	1.311	15	 ---	124.70144303121	0.0689	-29.67435058202	0.1052	5644534741559554944	  0.9086 	0.1292	 -5.043	0.159	  4.835	0.211	0	     1402.3 	      1.6836 	17.8213	0.0013	      500.09 	       7.522   	18.6038	0.0163	      1337.7 	     10.106   	16.946 	0.0082	 1.6577	   --- 	 --- 	   --- 	---   	---   	  --- 	    ---  	  0.3  	NGC_2571
 0.1707	 0.2064	 0.107 	  753.194	   69.118	  102.963	1.262	15	 ---	124.56802792185	0.0846	-29.73727692091	0.1306	5644533465942801024	  0.611  	0.1483	 -5.217	0.192	  4.986	0.27 	0	     1285.9 	      1.7073 	17.9153	0.0014	      613.39 	       8.8745  	18.3821	0.0157	      1009.9 	      9.8086  	17.2512	0.0105	 1.1309	   --- 	 --- 	   --- 	---   	---   	  --- 	    ---  	  0.2  	NGC_2571
 0.1968	 0.2401	 0.1153	 2945.23 	  348.755	  423.641	1.231	15	 ---	124.71800063999	0.016 	-29.70304646958	0.0317	5644534363596914816	  0.7035 	0.0277	 -4.919	0.036	  4.045	0.056	0	    25999.0 	      8.8276 	14.651 	0.0004	    14622.0  	      41.925   	14.9389	0.0031	     17386.0 	     41.039   	14.1614	0.0026	 0.7775	   --- 	 --- 	5861.0 	0.33  	0.156 	  1.39	    2.065	  1.0  	NGC_2571
 0.1814	 0.2315	-0.1423	 4784.967	  677.877	  994.794	1.183	16	 ---	124.72086419978	0.0121	-29.68743571026	0.0165	5644534672840074880	  0.6841 	0.0203	 -4.969	0.027	  4.246	0.028	0	    94909.0 	     19.835  	13.2451	0.0002	    62631.0  	      92.393   	13.3594	0.0016	     49622.0 	     49.881   	13.0227	0.0011	 0.3367	   --- 	 --- 	8355.0 	0.4867	0.255 	  --- 	    ---  	  1.0  	NGC_2571
 0.0397	 0.0756	-0.1212	 1248.282	  357.145	  436.079	1.217	16	 ---	124.61615782931	0.0187	-29.57687625248	0.0206	5644539929879578368	  0.771  	0.0278	 -5.063	0.045	  4.323	0.04 	0	    17219.0 	     13.794  	15.0983	0.0009	     9037.4  	      25.305   	15.4613	0.003 	     11915.0 	     27.323   	14.5717	0.0025	 0.8896	   --- 	 --- 	5727.0 	0.233 	0.124 	  1.09	    1.148	  1.0  	NGC_2571
 0.1887	 0.1477	 0.1643	 2156.428	  569.333	  966.805	1.167	15	 ---	125.04063089051	0.0386	-29.80254382443	0.0506	5644564389703598080	  0.6381 	0.0607	 -4.788	0.084	  4.07 	0.101	0	   953490.0 	    442.16   	10.7401	0.0005	   720510.0  	    1265.5     	10.7073	0.0019	    392610.0 	    406.09    	10.777 	0.0011	-0.0697	   --- 	 --- 	8613.75	0.305 	0.148 	  --- 	    ---  	  0.8  	NGC_2571
 0.2487	 0.1369	-0.2369	  529.28 	  142.603	  149.843	1.243	15	 ---	124.71692444537	0.023 	-29.73698678063	0.0287	5644534260523226240	  0.6695 	0.0384	 -4.859	0.051	  4.337	0.051	0	    11713.0 	     22.13   	15.5167	0.0021	     5670.4  	      39.764   	15.9674	0.0076	      8883.2 	     59.283   	14.8905	0.0072	 1.0769	   --- 	 --- 	5013.11	---   	---   	  1.41	    1.136	  1.0  	NGC_2571
 0.2004	 0.2285	-0.1385	 2614.785	  606.565	  642.766	1.177	16	 ---	124.69167708503	0.0203	-29.70366597034	0.0256	5644534535401133696	  0.7494 	0.033 	 -5.014	0.044	  4.614	0.048	1	   152200.0 	     58.209  	12.7323	0.0004	   102390.0  	     168.8     	12.8258	0.0018	     76802.0 	    119.49    	12.5485	0.0017	 0.2773	   --- 	 --- 	8639.33	0.591 	0.2935	  --- 	    ---  	  0.8  	NGC_2571
 0.0977	 0.0879	 0.3116	 1004.824	  161.427	  235.395	1.254	14	 ---	124.99327177135	0.046 	-29.63679768069	0.0553	5644582673389508608	  0.6243 	0.0793	 -5.489	0.107	  5.003	0.132	0	     3171.4 	      3.1562 	16.9352	0.0011	     1485.1  	       9.2     	17.422 	0.0067	      2492.3 	     10.588   	16.2704	0.0046	 1.1516	   --- 	 --- 	5107.11	0.2923	0.1635	  0.75	    0.347	  0.1  	NGC_2571
 0.1902	 0.1744	-0.0163	 2754.073	  536.299	  702.903	1.21 	16	 ---	124.96570697948	0.0192	-29.8032797913 	0.0229	5644576110679618816	  0.6534 	0.0315	 -4.473	0.042	  4.806	0.047	0	    15524.0 	      5.6366 	15.2109	0.0004	     8448.8  	      15.754   	15.5344	0.002 	     10329.0 	     14.694   	14.7268	0.0015	 0.8076	   --- 	 --- 	5836.0 	0.217 	0.1173	  1.17	    1.431	  1.0  	NGC_2571
 0.2105	 0.1203	-0.0052	 5181.523	  599.331	  755.379	1.202	16	 ---	124.97392734004	0.013 	-29.79834086552	0.0159	5644576145039348608	  0.793  	0.0208	 -4.506	0.028	  3.907	0.032	0	    60776.0 	     11.729  	13.729 	0.0002	    34878.0  	      58.195   	13.995 	0.0018	     38198.0 	     50.567   	13.3068	0.0014	 0.6882	   --- 	 --- 	6623.0 	0.801 	0.3975	  1.47	    3.738	  0.6  	NGC_2571
 0.112 	 0.2435	 0.1574	 3887.511	  776.815	 1022.097	1.22 	15	 ---	125.04812861883	0.017 	-29.75097754617	0.0206	5644576729154795648	  0.6511 	0.0286	 -4.95 	0.041	  4.19 	0.042	0	    26847.0 	      6.9061 	14.6161	0.0003	    13945.0  	      17.952   	14.9903	0.0014	     18802.0 	     18.396   	14.0764	0.0011	 0.9139	   --- 	 --- 	5433.07	---   	---   	  1.81	    2.576	  0.9  	NGC_2571
 0.1526	 0.1859	 0.2608	  917.538	   58.276	  137.121	1.301	14	 ---	124.96165565767	0.0707	-29.80203474365	0.0928	5644576316828280576	  0.5306 	0.1283	 -4.083	0.158	  4.549	0.211	0	     1366.2 	      1.489  	17.8496	0.0012	      672.79 	      11.545   	18.2817	0.0186	      1104.2 	      8.0526  	17.1543	0.0079	 1.1274	   --- 	 --- 	   --- 	---   	---   	  --- 	    ---  	  0.3  	NGC_2571
 0.2085	 0.1498	 0.1993	  517.348	   67.796	  213.582	1.359	14	 ---	124.95858052088	0.0591	-29.54410935548	0.0778	5644584563175085312	  0.6884 	0.1042	 -4.571	0.136	  3.97 	0.177	0	     2472.4 	      4.779  	17.2056	0.0021	      764.35 	      11.274   	18.1432	0.016 	      2595.0 	     12.15    	16.2266	0.0051	 1.9166	   --- 	 --- 	   --- 	---   	---   	  --- 	    ---  	  0.4  	NGC_2571
 0.1148	 0.1393	 0.1813	  413.263	   56.346	  106.851	1.342	15	 ---	124.90236629329	0.0855	-29.66668062137	0.1082	5644580955402698368	  0.7254 	0.1456	 -4.841	0.198	  4.216	0.234	0	     1274.9 	      3.0851 	17.9246	0.0026	      421.5  	       7.4805  	18.7894	0.0193	      1289.2 	     12.065   	16.9861	0.0102	 1.8033	   --- 	 --- 	   --- 	---   	---   	  --- 	    ---  	  0.8  	NGC_2571
 0.15  	 0.2411	 0.0619	  910.13 	   50.305	  105.702	1.294	16	 ---	124.90835116934	0.0756	-29.75683946827	0.0908	5644577412046933888	  0.6248 	0.128 	 -4.6  	0.173	  4.779	0.186	0	     1213.4 	      1.3332 	17.9784	0.0012	      480.38 	       9.5493  	18.6474	0.0216	      1090.3 	     10.315   	17.168 	0.0103	 1.4794	   --- 	 --- 	   --- 	---   	---   	  --- 	    ---  	  0.6  	NGC_2571
 0.2063	 0.2162	 0.1063	 3430.715	  439.91 	  658.933	1.219	15	 ---	125.00798058872	0.0186	-29.78596141545	0.0245	5644576213758786048	  0.5897 	0.0319	 -5.398	0.041	  5.053	0.052	0	    16935.0 	      4.9363 	15.1164	0.0003	     8680.6  	      19.733   	15.505 	0.0025	     11966.0 	     18.16    	14.567 	0.0016	 0.938 	   --- 	 --- 	5365.0 	0.876 	0.4523	  1.64	    1.997	  0.1  	NGC_2571
 0.2207	 0.1664	 0.2051	 5252.06 	 1071.191	 1348.683	1.197	15	 ---	125.02300322466	0.0124	-29.5236968834 	0.0162	5644590335611055232	  0.765  	0.0211	 -4.897	0.028	  4.196	0.037	0	    54000.0 	     10.282  	13.8574	0.0002	    31869.0  	      29.751   	14.093 	0.001 	     32765.0 	     24.294   	13.4734	0.0008	 0.6196	   --- 	 --- 	6919.0 	0.236 	0.1085	  1.32	    3.577	  1.0  	NGC_2571
 0.1508	 0.1556	 0.1641	  736.267	  142.262	  257.654	1.291	15	 ---	124.91142655654	0.0439	-29.7180883102 	0.0596	5644580474366385408	  0.6685 	0.0778	 -4.993	0.103	  4.324	0.125	0	     3140.5 	      4.2655 	16.9459	0.0015	     1230.4  	       8.6488  	17.6263	0.0076	      2824.5 	     10.962   	16.1346	0.0042	 1.4917	   --- 	 --- 	4451.28	---   	---   	  1.01	    0.363	  1.0  	NGC_2571
 0.041 	 0.1206	 0.3122	  765.893	   64.265	  224.641	1.381	15	 ---	125.05184963213	0.0541	-29.73394726647	0.0676	5644576832233996416	  0.6991 	0.0938	 -4.83 	0.131	  5.084	0.156	0	     3018.6 	      3.9413 	16.9888	0.0014	     1054.5  	      16.408   	17.7938	0.0169	      3115.4 	     13.868   	16.0281	0.0048	 1.7656	   --- 	 --- 	4146.67	1.9885	1.0193	  1.18	    0.372	  0.3  	NGC_2571
 0.1024	 0.1963	 0.0763	 1030.221	  193.775	  330.458	1.239	16	 ---	124.77935044846	0.0358	-29.48645147034	0.0412	5644633972480628992	  0.6662 	0.0563	 -5.555	0.076	  4.794	0.079	0	     4478.9 	      4.3476 	16.5604	0.0011	     2022.8  	      10.439   	17.0865	0.0056	      3526.8 	     10.672   	15.8935	0.0033	 1.193 	   --- 	 --- 	5008.52	0.5533	0.25  	  0.88	    0.439	  0.1  	NGC_2571
 0.1337	 0.2134	-0.0109	  876.528	  209.45 	  238.239	1.24 	16	 ---	124.72490668039	0.0251	-29.39047368266	0.0295	5644648609729160448	  0.7344 	0.0394	 -5.042	0.054	  4.313	0.056	0	     9051.1 	     10.326  	15.7966	0.0012	     4239.6  	      20.242   	16.2831	0.0052	      6985.5 	     29.321   	15.1514	0.0046	 1.1316	   --- 	 --- 	5075.89	0.7018	0.3488	  1.1 	    0.721	  1.0  	NGC_2571
 0.0743	 0.1296	-0.0357	 2635.806	  590.691	  652.293	1.207	16	 ---	124.7144440814 	0.0114	-29.54843675424	0.014 	5644633285285970048	  0.7004 	0.0184	 -5.143	0.027	  4.406	0.027	0	    60336.0 	     22.891  	13.7369	0.0004	    33487.0  	      56.691   	14.0392	0.0018	     39318.0 	     60.276   	13.2754	0.0017	 0.7638	   --- 	 --- 	5965.75	---   	---   	  2.05	    4.811	  1.0  	NGC_2571
 0.3195	-0.0487	-0.0249	 1012.48 	    ---  	    ---  	---  	11	 ---	124.92830201199	0.0344	-29.49500915741	0.0295	5644631670378021760	  0.5579 	0.0464	 -5.274	0.065	  3.793	0.056	0	    15551.0 	     15.359  	15.209 	0.0011	        ---  	       ---     	 ---   	---   	         --- 	      ---     	 ---   	---   	 ---   	   --- 	 --- 	   --- 	---   	---   	  --- 	    ---  	  0.2  	NGC_2571
 0.2281	 0.089 	-0.1408	  947.746	    ---  	    ---  	---  	15	 ---	124.67663098927	0.0174	-29.51650485155	0.0221	5644634316071976192	  0.7829 	0.029 	 -5.001	0.041	  4.275	0.048	0	    23331.0 	     24.617  	14.7685	0.0011	        ---  	       ---     	 ---   	---   	         --- 	      ---     	 ---   	---   	 ---   	   --- 	 --- 	   --- 	---   	---   	  --- 	    ---  	  1.0  	NGC_2571
 0.1349	 0.238 	 0.26  	  614.841	   85.74 	  206.949	1.276	15	 ---	124.88536177954	0.0495	-29.49924415055	0.0626	5644631494278538368	  0.6725 	0.0856	 -5.128	0.114	  4.203	0.148	0	     2401.0 	      3.9051 	17.2374	0.0018	      869.4  	      10.14    	18.0033	0.0127	      2194.7 	     10.605   	16.4085	0.0052	 1.5948	   --- 	 --- 	   --- 	---   	---   	  --- 	    ---  	  0.7  	NGC_2571
 0.1841	 0.1391	 0.1053	  237.274	   27.076	   53.608	1.687	13	 ---	124.66460809699	0.0587	-29.50162348784	0.0774	5644634380495153024	  0.5941 	0.0982	 -5.401	0.13 	  3.747	0.183	0	     2158.0 	      9.0952 	17.3532	0.0046	     1264.7  	      46.708   	17.5965	0.0401	      2375.0 	     44.303   	16.3227	0.0203	 1.2737	   --- 	 --- 	   --- 	---   	---   	  --- 	    ---  	  0.1  	NGC_2571
 0.0808	 0.1094	 0.1764	 1562.466	  162.924	  305.043	1.248	15	 ---	124.79278480096	0.0405	-29.55012655487	0.0598	5644630536506824832	  0.7456 	0.0709	 -5.843	0.097	  4.677	0.13 	0	     3215.7 	      2.0581 	16.9202	0.0007	     1371.5  	       8.4179  	17.5084	0.0067	      2641.3 	      8.6587  	16.2074	0.0036	 1.301 	   --- 	 --- 	4875.0 	---   	---   	  0.71	    0.26 	  0.1  	NGC_2571
 0.0713	 0.1627	-0.0154	 2867.7  	  410.0  	  592.212	1.221	16	 ---	124.76379861357	0.0205	-29.49026082926	0.023 	5644633869401432832	  0.6364 	0.031 	 -5.443	0.044	  3.851	0.045	0	    13952.0 	      4.8654 	15.3267	0.0004	     7081.4  	      17.272   	15.7261	0.0026	      9959.3 	     16.817   	14.7663	0.0018	 0.9597	   --- 	 --- 	5363.25	0.631 	0.3123	  1.38	    1.413	  0.2  	NGC_2571
 0.1269	 0.1735	-0.0992	  483.896	  102.334	  135.457	1.277	15	 ---	124.55729779249	0.0361	-29.40918177438	0.0389	5644647785095597056	  0.792  	0.0542	 -4.786	0.079	  4.218	0.074	0	     4816.3 	      9.9531 	16.4816	0.0022	     2073.2  	      20.259   	17.0598	0.0106	      4077.2 	     30.1     	15.736 	0.008 	 1.3238	   --- 	 --- 	4719.33	0.772 	0.378 	  0.9 	    0.36 	  1.0  	NGC_2571
 0.0166	 0.336 	-0.0103	 1618.013	  216.683	  336.896	1.236	15	 ---	124.56961274309	0.0357	-29.42319207856	0.0358	5644647578937166208	  0.7388 	0.051 	 -5.261	0.077	  5.143	0.069	0	     6055.5 	      3.7426 	16.233 	0.0007	     2827.0  	      13.047   	16.7231	0.005 	      4659.0 	     13.829   	15.5912	0.0032	 1.1319	   --- 	 --- 	4961.0 	0.2843	0.1412	  0.95	    0.488	  0.1  	NGC_2571
 0.1249	 0.1834	 0.0588	 3653.8  	  757.525	 1430.081	1.198	16	 ---	124.80066431476	0.0113	-29.48337994007	0.014 	5644633938120868480	  0.6898 	0.0181	 -5.068	0.024	  3.66 	0.027	0	    59649.0 	     16.325  	13.7494	0.0003	    34489.0  	      45.529   	14.0072	0.0014	     36987.0 	     25.864   	13.3418	0.0008	 0.6654	   --- 	 --- 	6395.5 	---   	---   	  1.79	    4.853	  0.1  	NGC_2571
 0.0532	 0.1118	-0.0325	 2916.094	  492.868	  941.917	1.206	16	 ---	124.74352552242	0.0137	-29.52987800658	0.0167	5644633388365141888	  0.8841 	0.022 	 -5.346	0.032	  3.599	0.033	0	    30310.0 	     10.394  	14.4844	0.0004	    16608.0  	      33.697   	14.8006	0.0022	     19936.0 	     21.166   	14.0128	0.0012	 0.7878	   --- 	 --- 	5852.0 	0.1585	0.0798	  1.2 	    1.525	  0.3  	NGC_2571
 0.13  	 0.1127	 0.0422	 3428.354	  768.316	  900.548	1.216	17	 ---	124.8616243246 	0.0179	-29.59897867546	0.022 	5644629402635621376	  0.8343 	0.0297	 -4.156	0.042	  3.696	0.043	0	    18873.0 	      5.505  	14.9988	0.0003	     9854.9  	      12.827   	15.3673	0.0014	     13101.0 	     14.548   	14.4687	0.0012	 0.8986	   --- 	 --- 	5533.02	---   	---   	  1.14	    1.091	  0.5  	NGC_2571
 0.0977	 0.1615	-0.0217	 2445.417	  350.589	  589.964	1.226	16	 ---	124.75936197016	0.0257	-29.60630894033	0.0306	5644629918031717120	  0.748  	0.0417	 -5.334	0.058	  4.19 	0.055	0	    10021.0 	      4.0981 	15.686 	0.0004	     4911.5  	      14.009   	16.1234	0.0031	      7372.4 	     12.496   	15.0929	0.0018	 1.0305	   --- 	 --- 	5202.47	0.3717	0.1788	  1.07	    0.752	  0.7  	NGC_2571
 0.1404	 0.187 	-0.0422	 4246.261	  920.999	 1183.676	1.174	15	 ---	124.663414889  	0.0188	-29.50167777176	0.0214	5644634380490627840	  0.7822 	0.0298	 -5.288	0.041	  4.544	0.043	0	   134750.0 	     31.734  	12.8645	0.0003	    90817.0  	      98.607   	12.956 	0.0012	     67433.0 	     56.969   	12.6897	0.0009	 0.2662	   --- 	 --- 	8385.0 	0.4185	0.1947	  --- 	    ---  	  0.8  	NGC_2571
 0.1438	 0.0968	-0.0487	 2481.387	  166.498	  110.381	1.244	16	 ---	124.67616150324	0.0172	-29.5162433317 	0.0206	5644634316078131328	  0.8013 	0.0281	 -5.022	0.039	  4.285	0.04 	0	   124350.0 	     50.115  	12.9517	0.0004	    87314.0  	     524.42    	12.9987	0.0065	     67328.0 	    609.96    	12.6914	0.0098	 0.3072	   --- 	 --- 	9076.0 	---   	---   	  --- 	    ---  	  1.0  	NGC_2571
 0.0065	 0.1089	 0.2184	  952.933	   88.374	  145.698	1.238	14	 ---	125.00949969259	0.066 	-29.951868245  	0.0962	5644468461621575808	  0.6557 	0.1206	 -4.45 	0.16 	  4.252	0.213	0	     1312.2 	      1.377  	17.8934	0.0011	      643.56 	       7.2822  	18.3299	0.0123	       980.38	      6.7289  	17.2834	0.0075	 1.0465	   --- 	 --- 	   --- 	---   	---   	  --- 	    ---  	  0.6  	NGC_2571
 0.0017	 0.0859	 0.2861	  477.515	   13.524	   89.748	1.501	15	 ---	124.84676119345	0.0558	-30.0246257732 	0.076 	5644467190301112192	  0.841  	0.1035	 -4.625	0.136	  4.902	0.17 	1	     1948.0 	      4.0795 	17.4644	0.0023	      729.04 	      53.905   	18.1945	0.0803	      2195.4 	     24.462   	16.4081	0.0121	 1.7864	   --- 	 --- 	   --- 	---   	---   	  --- 	    ---  	  0.4  	NGC_2571
 0.1144	 0.184 	 0.1478	 2038.606	  513.614	  477.191	1.214	16	 ---	125.01297101034	0.015 	-29.90497278007	0.0208	5644469148816312832	  0.7656 	0.0253	 -4.935	0.034	  4.172	0.043	0	    18730.0 	      9.1877 	15.007 	0.0005	     9997.6  	      19.465   	15.3517	0.0021	     12733.0 	     26.683   	14.4996	0.0023	 0.852 	   --- 	 --- 	5762.67	0.205 	0.101 	  1.13	    1.263	  1.0  	NGC_2571
 0.164 	 0.0556	-0.0219	 5160.695	  701.381	 1400.097	1.18 	17	 ---	124.90772211328	0.0189	-29.94731770663	0.0246	5644467980585326848	  0.7776 	0.0308	 -5.007	0.043	  4.271	0.051	0	   293100.0 	     56.795  	12.0208	0.0002	   214000.0  	     305.11    	12.0254	0.0015	    131880.0 	     94.193   	11.9615	0.0008	 0.0639	   --- 	 --- 	9591.25	0.2105	0.1078	  --- 	    ---  	  1.0  	NGC_2571
 0.0604	 0.0758	 0.1166	 1192.746	  104.06 	  223.993	1.243	16	 ---	124.86859461349	0.0577	-30.04346214404	0.0784	5644466430092135040	  0.6318 	0.0963	 -4.445	0.14 	  3.748	0.172	0	     1758.5 	      1.4744 	17.5755	0.0009	      791.67 	       7.6078  	18.105 	0.0104	      1393.6 	      6.2215  	16.9016	0.0048	 1.2034	   --- 	 --- 	   --- 	---   	---   	  --- 	    ---  	  0.2  	NGC_2571
 0.128 	 0.1682	 0.1643	  697.554	  145.664	  256.692	1.237	16	 ---	125.03235422636	0.0209	-29.90007114248	0.0293	5644469286255256704	  0.8225 	0.0355	 -4.89 	0.048	  5.208	0.062	0	     9559.4 	     13.704  	15.7373	0.0016	     4530.3  	      31.101   	16.2111	0.0075	      7290.7 	     28.402   	15.105 	0.0042	 1.1061	   --- 	 --- 	5002.68	0.543 	0.267 	  1.04	    0.616	  0.2  	NGC_2571
 0.0841	 0.0749	-0.0332	  814.935	  164.847	  242.226	1.262	17	 ---	124.84753534854	0.0195	-30.02470994255	0.0234	5644467190311449216	  0.7105 	0.0312	 -4.924	0.047	  4.729	0.047	0	    12336.0 	     15.138  	15.4604	0.0013	     6022.6  	      36.534   	15.9019	0.0066	      9549.6 	     39.424   	14.812 	0.0045	 1.09  	   --- 	 --- 	4993.51	0.7563	0.3737	  1.38	    1.067	  0.5  	NGC_2571
 0.0826	 0.17  	 0.0416	  434.714	   86.036	  149.838	1.307	16	 ---	124.82751976426	0.0451	-30.04922890896	0.0598	5644461276131359232	  0.701  	0.0719	 -4.849	0.11 	  4.196	0.125	0	     2544.0 	      5.8522 	17.1746	0.0025	      950.65 	      11.049   	17.9063	0.0126	      2374.5 	     15.847   	16.323 	0.0072	 1.5834	   --- 	 --- 	   --- 	---   	---   	  --- 	    ---  	  1.0  	NGC_2571
 0.1159	 0.128 	 0.1811	  562.06 	  105.841	  181.68 	1.256	16	 ---	125.03142410049	0.0243	-29.89614156891	0.0354	5644469286255256192	  0.7748 	0.0413	 -4.328	0.057	  4.489	0.076	0	     7338.4 	     13.056  	16.0244	0.0019	     3264.0  	      30.839   	16.567 	0.0103	      5951.5 	     32.758   	15.3253	0.006 	 1.2417	   --- 	 --- 	4899.69	---   	---   	  1.02	    0.546	  0.7  	NGC_2571
 0.0899	 0.0523	 0.0899	  635.963	  107.901	  179.599	1.267	16	 ---	124.94117198799	0.0549	-30.0321823218 	0.0757	5644466636252659840	  0.7541 	0.0907	 -5.623	0.138	  4.433	0.157	1	     2023.1 	      3.1812 	17.4233	0.0017	      823.52 	       7.6321  	18.0622	0.0101	      1740.2 	      9.6891  	16.6604	0.006 	 1.4018	   --- 	 --- 	   --- 	---   	---   	  --- 	    ---  	  0.1  	NGC_2571
 0.2167	 0.1243	-0.1028	 7268.383	 1345.941	 1723.399	1.179	17	 ---	124.85490388002	0.0156	-29.97005256917	0.0208	5644467705707486336	  0.8395 	0.0249	 -5.518	0.036	  4.401	0.041	0	   264190.0 	     36.347  	12.1336	0.0001	   170000.0  	     126.31    	12.2752	0.0008	    141350.0 	     82.016   	11.8862	0.0006	 0.389 	   --- 	 --- 	7732.0 	0.6833	0.35  	  2.16	   15.005	  0.2  	NGC_2571
 0.0585	 0.0343	 0.1023	 3050.23 	  645.204	  924.046	1.22 	16	 ---	124.90386531668	0.0163	-30.02479314978	0.0215	5644466537476372736	  0.9171 	0.0264	 -4.793	0.04 	  3.791	0.047	0	    17252.0 	      5.6559 	15.0963	0.0004	     8848.7  	      13.715   	15.4842	0.0017	     12203.0 	     13.206   	14.5458	0.0012	 0.9384	   --- 	 --- 	5361.67	0.2527	0.1077	  1.06	    0.842	  0.2  	NGC_2571
