pmRApmDEcor	PlxpmRAcor	PlxpmDEcor	RFG	RFBP	RFRP	E(BR/RP)	Nper	[Fe/H]temp	RAdeg	e_RAdeg	DEdeg	e_DEdeg	Source	Plx	e_Plx	pmRA	e_pmRA	pmDE	e_pmDE	Dup	FG	e_FG	Gmag	e_Gmag	FBP	e_FBP	BPmag	e_BPmag	FRP	e_FRP	RPmag	e_RPmag	BP-RP	RV	e_RV	Teff	AG	E(BR-RP)	Rad	Lum	Pmemb	Cluster
---	---	---	---	---	---	---	---	---	deg	mas	deg	mas	---	mas	mas	mas/yr	mas/yr	mas/yr	mas/yr	---	e-/s	e-/s	mag	mag	e-/s	e-/s	mag	mag	e-/s	e-/s	mag	mag	mag	km/s	km/s	K	mag	mag	solRad	solLum	---	---
-------	-------	-------	---------	---------	---------	-----	--	----	---------------	------	---------------	------	-------------------	---------	------	-------	-----	-------	-----	-	------------	-------------	-------	------	-------------	---------------	-------	------	-------------	--------------	-------	------	-------	-------	-----	-------	------	------	------	---------	-------	--------------------
 0.1135	 0.2196	-0.0787	 3286.112	  673.158	  681.167	1.213	16	 ---	132.55221403064	0.0168	-38.56228450137	0.018 	5621998154798766464	  1.3967 	0.0233	 -9.48 	0.036	  4.201	0.035	0	    32077.0 	      9.7614 	14.4229	0.0003	    16821.0  	      24.988   	14.7868	0.0016	     22082.0 	     32.418   	13.9018	0.0016	 0.885 	   --- 	 --- 	5727.0 	0.021 	0.0095	  0.82	    0.651	  0.5  	Teutsch_38
 0.1561	 0.1265	-0.1246	  691.869	  179.22 	  245.257	1.23 	16	 ---	132.73809364919	0.0157	-38.66526926781	0.0183	5621982555477508992	  1.538  	0.0228	 -8.573	0.033	  3.409	0.035	0	    28572.0 	     41.297  	14.5485	0.0016	    13313.0  	      74.283   	15.0407	0.0061	     21836.0 	     89.033   	13.914 	0.0044	 1.1267	   --- 	 --- 	4974.74	---   	---   	  0.98	    0.53 	  0.9  	Teutsch_38
 0.0985	 0.0559	-0.0496	  830.49 	  202.442	  350.734	1.286	15	 ---	133.07084962691	0.0237	-38.21174679779	0.0328	5622021175824356992	  1.5246 	0.0367	 -8.767	0.053	  3.537	0.062	0	     9854.0 	     11.865  	15.7043	0.0013	     3729.6  	      18.423   	16.4222	0.0054	      8941.2 	     25.493   	14.8834	0.0031	 1.5388	   --- 	 --- 	4295.01	1.0493	0.505 	  0.88	    0.236	  1.0  	Teutsch_38
 0.1073	 0.024 	-0.0768	 6215.42 	 1139.0  	 1478.981	1.186	16	 ---	132.98391970681	0.0198	-38.31805854636	0.0243	5622018972494478976	  1.4369 	0.0287	 -8.659	0.045	  3.427	0.046	0	   278920.0 	     44.876  	12.0747	0.0002	   170720.0  	     149.89    	12.2706	0.001 	    160140.0 	    108.28    	11.7507	0.0007	 0.52  	   --- 	 --- 	7027.9 	0.778 	0.386 	  1.55	    5.247	  1.0  	Teutsch_38
 0.2186	 0.0819	-0.0391	  487.678	   51.553	  161.751	1.481	17	 ---	132.95214001532	0.0651	-38.3957877693 	0.076 	5622012615943870080	  1.5425 	0.0885	 -8.372	0.163	  3.704	0.147	0	     1982.3 	      4.0647 	17.4455	0.0022	      376.02 	       7.2938  	18.9134	0.0211	      2559.6 	     15.824   	16.2415	0.0067	 2.6719	   --- 	 --- 	   --- 	---   	---   	  --- 	    ---  	  0.9  	Teutsch_38
 0.1404	 0.2203	-0.1067	  437.918	  118.341	  173.448	1.21 	17	 ---	132.62941118907	0.0137	-38.56326064642	0.0144	5621998704554545920	  1.488  	0.0177	 -8.689	0.029	  3.529	0.028	0	    76687.0 	    175.12   	13.4766	0.0025	    40764.0  	     344.46    	13.8257	0.0092	     52009.0 	    299.85    	12.9717	0.0063	 0.854 	   --- 	 --- 	5749.0 	0.391 	0.1902	  1.18	    1.37 	  1.0  	Teutsch_38
 0.0442	 0.1374	-0.1871	 1637.048	  645.146	  481.356	1.143	15	 ---	132.80792538655	0.0362	-38.6330755222 	0.0456	5621982933434588544	  1.474  	0.0524	 -8.905	0.075	  3.618	0.091	1	 31429000.0 	  19198.0    	 6.9451	0.0007	 24519000.0  	   38006.0     	 6.8776	0.0017	  11396000.0 	  23676.0     	 7.12  	0.0023	-0.2424	   --- 	 --- 	8868.67	0.046 	0.0175	  --- 	    ---  	  1.0  	Teutsch_38
 0.0627	 0.2122	-0.007 	 1737.873	  809.032	  982.203	1.165	16	 ---	132.42692074618	0.0295	-38.55371791381	0.0306	5622001144095873024	  1.548  	0.039 	 -8.76 	0.066	  3.438	0.059	0	   594910.0 	    342.32   	11.2522	0.0006	   412380.0  	     509.71    	11.3132	0.0013	    280560.0 	    285.65    	11.1418	0.0011	 0.1713	   --- 	 --- 	8762.33	0.2298	0.1097	  --- 	    ---  	  1.0  	Teutsch_38
 0.1289	 0.2274	-0.0854	 7279.52 	 1233.603	 1261.371	1.196	17	 0.0	132.89204769074	0.019 	-38.53270914436	0.0231	5622007324544439808	  1.6205 	0.0268	 -9.423	0.04 	  3.719	0.042	0	   327180.0 	     44.945  	11.9014	0.0001	   183820.0  	     149.01    	12.1904	0.0009	    207440.0 	    164.45    	11.4697	0.0009	 0.7207	   1.13	 3.46	6086.0 	---   	---   	  1.98	    4.852	  0.9  	Teutsch_38
 0.0952	 0.3535	-0.1334	  682.044	   74.124	  230.057	1.366	16	 ---	132.71611093591	0.0514	-38.22328924696	0.064 	5622029971917275904	  1.6255 	0.0798	 -8.321	0.115	  3.266	0.102	0	     3020.3 	      4.4284 	16.9882	0.0016	      830.88 	      11.209   	18.0525	0.0146	      3296.1 	     14.327   	15.9669	0.0047	 2.0856	   --- 	 --- 	3772.75	1.403 	0.7155	  0.69	    0.088	  0.1  	Teutsch_38
 0.138 	 0.2054	-0.1413	 2109.627	  319.879	  689.086	1.307	16	 ---	133.68867785241	0.0272	-38.16230934806	0.034 	5622069245095233536	  1.4856 	0.0408	 -9.354	0.059	  3.135	0.064	0	     6894.6 	      3.2681 	16.0921	0.0005	     2396.5  	       7.492   	16.9024	0.0034	      6616.1 	      9.6013  	15.2104	0.0016	 1.692 	   --- 	 --- 	4259.5 	---   	---   	  0.77	    0.177	  0.5  	Teutsch_38
 0.2215	 0.0899	-0.1268	 1748.744	  256.731	  390.137	1.254	17	 ---	133.54330274151	0.0241	-37.553475993  	0.0278	5622166448798037504	  1.4014 	0.0332	 -8.97 	0.057	  3.094	0.056	0	     9062.2 	      5.1821 	15.7953	0.0006	     3854.9  	      15.015   	16.3864	0.0042	      7506.7 	     19.241   	15.0733	0.0028	 1.3131	   --- 	 --- 	4898.0 	---   	---   	  0.63	    0.206	  0.4  	Teutsch_38
 0.1163	 0.1069	 0.0966	 3844.855	  526.327	  986.524	1.226	16	 ---	133.19836992023	0.02  	-37.96481808899	0.0217	5622131161345897216	  1.6127 	0.0289	 -8.336	0.044	  3.06 	0.045	0	    22643.0 	      5.8892 	14.801 	0.0003	    10706.0  	      20.341   	15.2773	0.0021	     17059.0 	     17.292   	14.1821	0.0011	 1.0953	   --- 	 --- 	5037.0 	0.07  	0.0345	  0.81	    0.377	  0.1  	Teutsch_38
 0.1932	 0.17  	-0.1   	 4160.973	  537.229	 1024.889	1.222	17	 ---	133.5579060913 	0.0149	-37.62079838679	0.0169	5622154148011737472	  1.5017 	0.021 	 -8.641	0.036	  3.203	0.033	0	    27931.0 	      6.7127 	14.5731	0.0003	    13632.0  	      25.374   	15.015 	0.002 	     20487.0 	     19.989   	13.9832	0.0011	 1.0318	   --- 	 --- 	5131.38	0.217 	0.111 	  0.92	    0.526	  0.2  	Teutsch_38
 0.1307	 0.1374	-0.0965	 2573.593	  625.493	 1005.539	1.198	17	 ---	130.7534964599 	0.0171	-37.07532716438	0.0217	5626123144467765120	  1.6285 	0.0261	 -9.36 	0.037	  4.043	0.041	0	   144110.0 	     55.995  	12.7917	0.0004	    81565.0  	     130.4     	13.0726	0.0017	     91101.0 	     90.6     	12.3631	0.0011	 0.7095	   --- 	 --- 	6184.01	0.1892	0.1135	  1.27	    2.111	  0.9  	Teutsch_38
 0.0684	 0.3066	-0.1412	  925.395	  111.553	  338.398	1.338	17	 ---	132.21751008581	0.0334	-38.08310736343	0.0437	5625026106739911168	  1.574  	0.0526	 -8.557	0.075	  3.518	0.081	0	     4844.6 	      5.2352 	16.4752	0.0012	     1532.9  	      13.741   	17.3876	0.0097	      4947.0 	     14.619   	15.5261	0.0032	 1.8615	   --- 	 --- 	3877.67	---   	---   	  0.83	    0.14 	  0.8  	Teutsch_38
-0.0606	-0.0343	 0.2142	  802.493	   88.284	  198.447	1.37 	14	 ---	131.9857533222 	0.0507	-38.23717986455	0.0562	5625020506102641408	  1.5658 	0.073 	 -8.702	0.122	  3.388	0.125	0	     3722.7 	      4.6389 	16.7612	0.0014	     1086.5  	      12.307   	17.7613	0.0123	      4015.5 	     20.235   	15.7526	0.0055	 2.0088	   --- 	 --- 	3761.0 	---   	---   	  0.81	    0.117	  0.6  	Teutsch_38
 0.0198	-0.0357	 0.0127	 1060.518	  300.413	  378.312	1.223	15	 ---	132.04615566017	0.0129	-38.31632352069	0.0157	5625016898330348928	  1.5127 	0.0191	 -8.641	0.03 	  3.536	0.033	0	    59973.0 	     56.551  	13.7435	0.001 	    30173.0  	     100.44    	14.1523	0.0036	     43190.0 	    114.17    	13.1735	0.0029	 0.9789	   --- 	 --- 	5337.67	0.4665	0.219 	  1.21	    1.079	  1.0  	Teutsch_38
 0.2333	-0.2246	-0.1614	 1199.16 	  186.869	  450.022	1.263	16	 ---	132.1516603239 	0.0285	-38.26107632565	0.0312	5625022670766491648	  1.5456 	0.0392	 -8.514	0.073	  2.81 	0.065	0	    14925.0 	     12.446  	15.2536	0.0009	     6197.9  	      33.167   	15.8708	0.0058	     12652.0 	     28.115   	14.5065	0.0024	 1.3643	   --- 	 --- 	4937.5 	0.7353	0.36  	  0.72	    0.276	  0.1  	Teutsch_38
 0.1412	 0.1554	 0.0003	 1666.301	  277.17 	  455.891	1.228	16	 ---	131.94873484476	0.0206	-38.25383388807	0.0228	5625019750188400896	  1.3612 	0.0286	 -9.238	0.046	  3.19 	0.046	0	    17558.0 	     10.537  	15.0772	0.0007	     8404.0  	      30.321   	15.5402	0.0039	     13156.0 	     28.857   	14.4641	0.0024	 1.076 	   --- 	 --- 	5054.27	0.1495	0.086 	  0.83	    0.409	  0.4  	Teutsch_38
 0.1165	 0.0315	-0.0249	  467.234	  113.439	  165.736	1.236	17	 ---	132.17577414213	0.0158	-38.30626230332	0.0204	5625016451653688576	  1.4995 	0.0237	 -8.74 	0.037	  3.548	0.039	0	    28472.0 	     60.938  	14.5523	0.0023	    13244.0  	     116.75    	15.0463	0.0096	     21957.0 	    132.48    	13.908 	0.0066	 1.1383	   --- 	 --- 	5001.0 	0.4825	0.233 	  0.99	    0.552	  1.0  	Teutsch_38
 0.0684	 0.1917	-0.0465	 2222.643	  711.788	  590.586	1.151	15	 ---	131.85786457996	0.0357	-38.03302125513	0.0447	5625073729339078400	  1.4943 	0.0563	 -8.501	0.079	  3.975	0.098	0	  5573100.0 	   2507.4    	 8.8231	0.0005	  4250300.0  	    5971.3     	 8.7803	0.0015	   2164500.0 	   3664.9     	 8.9235	0.0018	-0.1432	   --- 	 --- 	8868.67	0.212 	0.1135	  --- 	    ---  	  0.9  	Teutsch_38
 0.1858	 0.0989	-0.1907	 1130.167	   71.303	  332.802	1.431	17	 ---	132.06200941878	0.0573	-37.85704974905	0.0697	5625082284913704448	  1.4086 	0.0838	 -8.606	0.133	  3.268	0.135	0	     2623.6 	      2.3214 	17.1411	0.001 	      605.54 	       8.4925  	18.396 	0.0152	      3147.6 	      9.4577  	16.017 	0.0033	 2.379 	   --- 	 --- 	   --- 	---   	---   	  --- 	    ---  	  0.5  	Teutsch_38
 0.1924	-0.002 	 0.0541	  513.963	   31.443	  148.087	1.463	15	 ---	131.62395312493	0.0794	-37.88595840453	0.1083	5625089363020073856	  1.6076 	0.1131	 -8.231	0.175	  3.85 	0.212	0	     1595.6 	      3.1045 	17.6811	0.0021	      350.83 	      11.158   	18.9886	0.0345	      1984.0 	     13.398   	16.5181	0.0073	 2.4706	   --- 	 --- 	   --- 	---   	---   	  --- 	    ---  	  0.5  	Teutsch_38
 0.0749	 0.1342	-0.1253	  721.06 	  192.914	  258.697	1.226	16	 ---	131.87157420882	0.0139	-37.64043492097	0.0183	5625100151977645056	  1.5242 	0.0213	 -8.76 	0.03 	  4.006	0.035	0	    42438.0 	     58.855  	14.119 	0.0015	    21362.0  	     110.73    	14.5273	0.0056	     30669.0 	    118.55    	13.5452	0.0042	 0.9821	   --- 	 --- 	5337.25	0.216 	0.1045	  1.01	    0.752	  0.8  	Teutsch_38
 0.0603	 0.0974	-0.0064	 1657.5  	  366.611	  531.889	1.227	15	 ---	131.87845917986	0.0153	-37.76320274575	0.0212	5625095994449384192	  1.5105 	0.0221	 -8.428	0.033	  3.556	0.041	0	    32718.0 	     19.74   	14.4014	0.0007	    15649.0  	      42.686   	14.8652	0.003 	     24493.0 	     46.05    	13.7893	0.002 	 1.0759	   --- 	 --- 	5036.35	0.4667	0.2415	  1.03	    0.621	  1.0  	Teutsch_38
-0.0045	 0.0536	 0.1598	  710.202	   81.374	  243.967	1.381	15	 ---	131.7581983514 	0.0505	-37.92592472261	0.0742	5625086987894112256	  1.5198 	0.0805	 -8.492	0.109	  3.532	0.155	0	     2910.6 	      4.0982 	17.0284	0.0015	      752.85 	       9.2518  	18.1596	0.0133	      3267.4 	     13.393   	15.9764	0.0045	 2.1832	   --- 	 --- 	3883.0 	---   	---   	  0.66	    0.09 	  0.6  	Teutsch_38
 0.0887	 0.0141	 0.1567	 5718.99 	  810.65 	 1164.772	1.193	15	 ---	131.69751716953	0.0222	-37.85614042684	0.0273	5625091115366690560	  1.5361 	0.0323	 -8.076	0.049	  3.13 	0.056	0	   192660.0 	     33.688  	12.4764	0.0002	   114010.0  	     140.65    	12.709 	0.0013	    115910.0 	     99.51    	12.1017	0.0009	 0.6073	   --- 	 --- 	6796.55	0.234 	0.1238	  1.28	    3.161	  0.1  	Teutsch_38
 0.0602	 0.1497	-0.0104	  431.61 	   75.523	  140.689	1.348	17	 ---	131.9287345129 	0.0483	-37.95206863046	0.0691	5625079914091907840	  1.3954 	0.0797	 -8.763	0.107	  4.655	0.128	0	     2644.6 	      6.1273 	17.1325	0.0025	      873.2  	      11.562   	17.9986	0.0144	      2691.5 	     19.131   	16.1869	0.0077	 1.8117	   --- 	 --- 	   --- 	---   	---   	  --- 	    ---  	  0.3  	Teutsch_38
 0.0694	 0.3168	 0.2276	  701.018	  152.711	  209.526	1.342	14	 ---	131.91656559878	0.0429	-38.18749687913	0.0495	5625068575378356736	  1.4595 	0.0672	 -8.755	0.093	  3.715	0.1  	0	     4870.3 	      6.9474 	16.4695	0.0015	     1515.4  	       9.923   	17.4001	0.0071	      5018.6 	     23.952   	15.5105	0.0052	 1.8896	   --- 	 --- 	4105.89	1.471 	0.724 	  0.74	    0.141	  0.9  	Teutsch_38
 0.1588	 0.257 	-0.0131	  613.105	  186.8  	  213.412	1.209	17	 ---	132.34022459901	0.0144	-37.77738914199	0.0155	5625057339742957056	  1.5018 	0.0197	 -8.688	0.03 	  3.543	0.03 	0	    51830.0 	     84.536  	13.9019	0.0018	    27228.0  	     145.76    	14.2638	0.0058	     35436.0 	    166.05    	13.3883	0.0051	 0.8756	   --- 	 --- 	5692.0 	0.0997	0.0385	  0.98	    0.913	  1.0  	Teutsch_38
 0.1868	 0.1139	-0.0558	 1629.696	  247.809	  525.829	1.262	16	 ---	132.23431475111	0.0175	-37.71225200948	0.0178	5625105202860092928	  1.5419 	0.0215	 -8.705	0.038	  3.514	0.033	0	    30656.0 	     18.811  	14.4721	0.0007	    12927.0  	      52.166   	15.0726	0.0044	     25758.0 	     48.986   	13.7346	0.0021	 1.338 	   --- 	 --- 	4777.97	1.188 	0.5945	  1.13	    0.594	  1.0  	Teutsch_38
 0.0511	 0.1086	 0.0424	  778.795	  166.198	  260.04 	1.263	16	 ---	131.65672856042	0.0185	-37.95118174439	0.027 	5625085961405987968	  1.5033 	0.0283	 -8.61 	0.039	  3.533	0.053	0	    16121.0 	     20.7    	15.1699	0.0014	     6894.0  	      41.48    	15.7552	0.0065	     13470.0 	     51.8     	14.4385	0.0042	 1.3167	   --- 	 --- 	4888.33	0.583 	0.285 	  0.79	    0.319	  1.0  	Teutsch_38
 0.0678	 0.1528	-0.019 	  784.228	   81.884	  159.863	1.424	16	 ---	131.58979154019	0.0567	-37.96947436737	0.0677	5625088504026671872	  1.5682 	0.0826	 -8.511	0.119	  3.645	0.14 	0	     2499.4 	      3.1871 	17.1938	0.0014	      661.11 	       8.0737  	18.3007	0.0133	      2899.1 	     18.135   	16.1063	0.0068	 2.1944	   --- 	 --- 	   --- 	---   	---   	  --- 	    ---  	  0.7  	Teutsch_38
 0.0464	 0.0365	 0.0002	 2735.066	 1071.021	  826.317	1.151	17	 ---	131.97187520603	0.0362	-37.98934030701	0.045 	5625076645611225088	  1.391  	0.0535	 -8.552	0.081	  3.53 	0.089	1	  5350200.0 	   1956.2    	 8.8674	0.0004	  3988300.0  	    3723.9     	 8.8494	0.001 	   2172200.0 	   2628.8     	 8.9197	0.0013	-0.0703	   --- 	 --- 	8613.75	---   	---   	  --- 	    ---  	  1.0  	Teutsch_38
 0.1635	 0.1588	-0.0941	  767.766	  113.271	  296.839	1.399	17	 ---	131.91300920682	0.0422	-37.78144125575	0.047 	5625095204175389056	  1.5644 	0.0553	 -8.71 	0.089	  3.318	0.089	0	     5157.7 	      6.7178 	16.4072	0.0014	     1372.2  	      12.114   	17.5078	0.0096	      5845.2 	     19.691   	15.3449	0.0037	 2.1629	   --- 	 --- 	3588.25	---   	---   	  1.11	    0.184	  0.7  	Teutsch_38
 0.0923	 0.0506	-0.1223	 1079.357	  286.256	  420.303	1.231	16	 ---	132.01477885056	0.0134	-37.89263298783	0.017 	5625081803877428224	  1.5346 	0.0199	 -8.413	0.031	  3.472	0.032	0	    64927.0 	     60.153  	13.6573	0.001 	    35134.0  	     122.74    	13.9871	0.0038	     44777.0 	    106.53    	13.1343	0.0026	 0.8528	   --- 	 --- 	5622.1 	0.183 	0.073 	  1.11	    1.101	  0.9  	Teutsch_38
-0.0434	 0.1679	 0.0938	 4021.745	  816.357	 1324.994	1.197	16	 ---	131.75993894053	0.0175	-38.17431025451	0.0257	5625070740041946624	  1.4986 	0.0271	 -8.541	0.037	  3.721	0.05 	0	   140680.0 	     34.979  	12.8178	0.0003	    81625.0  	      99.987   	13.0718	0.0013	     86834.0 	     65.535   	12.4152	0.0008	 0.6566	   --- 	 --- 	6369.0 	0.097 	0.035 	  1.28	    2.426	  1.0  	Teutsch_38
 0.2061	 0.005 	-0.2151	  783.22 	   84.661	  237.727	1.47 	16	 ---	131.93134932565	0.0775	-37.71591341488	0.0996	5625096578560326016	  1.5241 	0.1134	 -8.34 	0.171	  3.51 	0.195	0	     1587.1 	      2.0263 	17.6869	0.0014	      355.4  	       4.1979  	18.9746	0.0128	      1977.6 	      8.3186  	16.5216	0.0046	 2.453 	   --- 	 --- 	   --- 	---   	---   	  --- 	    ---  	  0.6  	Teutsch_38
 0.0165	 0.0833	-0.1215	 1636.619	  439.964	  490.595	1.214	15	 ---	131.83025591105	0.0134	-37.74017344293	0.0189	5625094860578036864	  1.4873 	0.0199	 -8.515	0.028	  3.578	0.035	0	    49640.0 	     30.331  	13.9488	0.0007	    26033.0  	      59.172   	14.3126	0.0025	     34236.0 	     69.785   	13.4257	0.0022	 0.8868	   --- 	 --- 	5727.69	0.176 	0.0785	  0.96	    0.889	  1.0  	Teutsch_38
 0.1009	 0.1346	 0.1103	  493.225	   97.492	  187.778	1.258	15	 ---	131.7211298786 	0.0256	-37.8184667628 	0.0287	5625091287165356160	  1.5307 	0.0368	 -8.53 	0.051	  3.666	0.056	0	    15513.0 	     31.452  	15.2116	0.0022	     6621.2  	      67.915   	15.799 	0.0111	     12893.0 	     68.66    	14.4861	0.0058	 1.313 	   --- 	 --- 	4805.49	0.633 	0.309 	  0.79	    0.303	  1.0  	Teutsch_38
 0.1606	 0.145 	-0.1279	  659.357	   32.191	  241.106	1.506	17	 ---	132.10258502937	0.1257	-37.86632179764	0.145 	5625079364335921280	  1.5002 	0.1749	 -8.496	0.285	  4.421	0.274	0	     1949.8 	      2.9572 	17.4634	0.0016	      384.99 	      11.96    	18.8878	0.0337	      2552.2 	     10.585   	16.2446	0.0045	 2.6431	   --- 	 --- 	   --- 	---   	---   	  --- 	    ---  	  0.3  	Teutsch_38
 0.0811	 0.0248	 0.0622	 2261.771	  623.978	  814.697	1.209	15	 ---	131.78054016162	0.014 	-37.87149535977	0.0168	5625087915605400064	  1.3754 	0.0201	 -8.84 	0.032	  3.181	0.033	0	    88605.0 	     39.175  	13.3197	0.0005	    47959.0  	      76.86    	13.6492	0.0017	     59198.0 	     72.662   	12.8312	0.0013	 0.8181	   --- 	 --- 	5813.0 	0.294 	0.1605	  1.34	    1.846	  0.4  	Teutsch_38
 0.0286	 0.1261	 0.065 	  632.83 	   69.556	  118.936	1.425	16	 ---	131.66297895082	0.0707	-37.98554872314	0.1017	5625085647863987968	  1.4244 	0.1114	 -8.441	0.155	  3.435	0.208	0	     1800.4 	      2.8451 	17.5499	0.0017	      417.03 	       5.9956  	18.801 	0.0156	      2148.1 	     18.061   	16.4318	0.0091	 2.3692	   --- 	 --- 	   --- 	---   	---   	  --- 	    ---  	  0.7  	Teutsch_38
 0.0715	 0.1984	 0.0513	 1389.149	  151.894	  430.727	1.321	16	 ---	132.21836305515	0.0371	-37.31200060652	0.0463	5625134649155553152	  1.3758 	0.0551	 -7.818	0.078	  4.038	0.085	0	     4422.0 	      3.1832 	16.5743	0.0008	     1495.8  	       9.8476  	17.4142	0.0071	      4344.4 	     10.086   	15.6671	0.0025	 1.7471	   --- 	 --- 	4026.5 	---   	---   	  0.8 	    0.152	  0.2  	Teutsch_38
 0.1512	 0.0172	-0.039 	 1239.576	  113.435	  311.879	1.373	17	 ---	132.57346187529	0.0397	-37.53868897432	0.0426	5625160075360724608	  1.4921 	0.0548	 -8.645	0.093	  3.914	0.081	0	     4346.0 	      3.506  	16.5931	0.0009	     1238.5  	      10.918   	17.6191	0.0096	      4730.3 	     15.167   	15.5747	0.0035	 2.0444	   --- 	 --- 	3959.0 	2.139 	1.067 	  0.77	    0.132	  0.8  	Teutsch_38
 0.1276	 0.1497	-0.0319	  721.155	  119.801	  286.106	1.288	17	 ---	131.4804975489 	0.0299	-37.90411347685	0.0314	5625277413866432000	  1.4578 	0.0399	 -8.524	0.063	  3.574	0.061	0	     8596.7 	     11.921  	15.8525	0.0015	     3151.4  	      26.305   	16.6051	0.0091	      7920.7 	     27.685   	15.015 	0.0038	 1.5901	   --- 	 --- 	4328.91	1.136 	0.57  	  0.84	    0.221	  1.0  	Teutsch_38
 0.0607	 0.1009	 0.0156	  843.451	  247.077	  224.868	1.213	17	 ---	131.49843886794	0.0114	-37.80013636679	0.0144	5625279097493482496	  1.475  	0.0165	 -8.482	0.026	  3.593	0.029	0	    75427.0 	     89.426  	13.4946	0.0013	    40200.0  	     162.7     	13.8408	0.0044	     51286.0 	    228.07    	12.9869	0.0048	 0.8539	   --- 	 --- 	5764.0 	0.3813	0.1883	  1.17	    1.37 	  1.0  	Teutsch_38
 0.1166	 0.2778	-0.0135	  641.113	   77.338	  184.725	1.384	17	 ---	131.67394642234	0.0453	-37.50011572013	0.0602	5625293008884140416	  1.4032 	0.0657	 -8.55 	0.097	  3.62 	0.111	0	     3256.9 	      5.0801 	16.9064	0.0017	      897.92 	      11.61    	17.9683	0.014 	      3609.1 	     19.538   	15.8684	0.0059	 2.0999	   --- 	 --- 	3644.57	2.117 	1.019 	  0.93	    0.139	  1.0  	Teutsch_38
 0.1266	 0.2666	 0.0232	  899.765	  140.359	  304.872	1.337	17	 ---	131.41136818657	0.0401	-37.48896344716	0.0473	5625299094861055488	  1.4608 	0.0579	 -8.837	0.085	  3.59 	0.09 	0	     4476.7 	      4.9754 	16.561 	0.0012	     1354.9  	       9.6533  	17.5216	0.0077	      4630.0 	     15.187   	15.598 	0.0036	 1.9236	   --- 	 --- 	4177.84	1.759 	0.8762	  0.67	    0.124	  1.0  	Teutsch_38
 0.1341	 0.1933	-0.1034	  842.947	  100.997	  236.448	1.385	17	 ---	132.04980404679	0.0441	-37.28935333762	0.0499	5625322012807297920	  1.6382 	0.066 	 -8.713	0.096	  3.44 	0.098	0	     3232.3 	      3.8345 	16.9146	0.0013	      873.78 	       8.6515  	17.9979	0.0108	      3601.7 	     15.233   	15.8706	0.0046	 2.1272	   --- 	 --- 	3650.0 	---   	---   	  0.79	    0.101	  0.7  	Teutsch_38
 0.1779	 0.1423	-0.0845	 2243.326	 1423.055	 1104.288	1.156	17	 ---	131.90427332869	0.033 	-37.12804744232	0.0406	5625327712219433472	  1.3371 	0.0493	 -8.972	0.071	  3.134	0.081	1	  2132700.0 	    950.7    	 9.866 	0.0005	  1569800.0  	    1103.2     	 9.8617	0.0008	    895030.0 	    810.5     	 9.8823	0.001 	-0.0206	   --- 	 --- 	9689.0 	0.264 	0.136 	  --- 	    ---  	  0.4  	Teutsch_38
 0.0746	 0.1874	 0.078 	  439.551	   36.948	  137.007	1.428	17	 ---	131.69211618973	0.0762	-37.02623044737	0.1   	5625338608560815104	  1.3866 	0.1101	 -9.02 	0.167	  3.801	0.183	0	     1752.5 	      3.987  	17.5792	0.0025	      382.17 	      10.343   	18.8957	0.0294	      2120.2 	     15.475   	16.446 	0.0079	 2.4497	   --- 	 --- 	   --- 	---   	---   	  --- 	    ---  	  0.7  	Teutsch_38
 0.0515	 0.0962	 0.0197	  693.729	  102.604	  293.562	1.317	17	 ---	131.34326885949	0.03  	-37.67790187906	0.0369	5625295177851072896	  1.4675 	0.0439	 -8.603	0.064	  3.601	0.071	0	     6635.2 	      9.5646 	16.1337	0.0016	     2350.3  	      22.907   	16.9236	0.0106	      6386.5 	     21.755   	15.2488	0.0037	 1.6748	   --- 	 --- 	4297.67	1.257 	0.6187	  0.75	    0.171	  1.0  	Teutsch_38
 0.149 	 0.0524	-0.0176	  461.64 	  102.757	  157.834	1.279	16	 ---	131.35713504176	0.0359	-37.69656750378	0.0451	5625283426820553472	  1.3334 	0.0522	 -9.092	0.079	  3.343	0.089	0	    20832.0 	     45.126  	14.8915	0.0024	     9190.1  	      89.435   	15.4431	0.0106	     17444.0 	    110.52    	14.1578	0.0069	 1.2853	   --- 	 --- 	4793.0 	0.8758	0.4573	  1.06	    0.538	  0.6  	Teutsch_38
 0.0197	 0.1402	 0.0551	 2596.295	  518.172	  676.926	1.206	16	 ---	131.43139342667	0.0111	-37.26019249077	0.0147	5625311807964073600	  1.4781 	0.0167	 -8.646	0.024	  3.517	0.029	0	    81809.0 	     31.51   	13.4064	0.0004	    44935.0  	      86.719   	13.7199	0.0021	     53742.0 	     79.391   	12.9361	0.0016	 0.7838	   --- 	 --- 	6192.69	0.1145	0.0525	  1.05	    1.454	  1.0  	Teutsch_38
 0.0402	 0.0363	-0.0073	  810.89 	   95.587	  174.719	1.283	16	 ---	131.14725341744	0.0235	-37.27716460347	0.0277	5625355204315207936	  1.5331 	0.0343	 -8.636	0.055	  3.575	0.056	0	    11420.0 	     14.083  	15.5442	0.0013	     4553.3  	      47.635   	16.2056	0.0114	     10103.0 	     57.826   	14.7508	0.0062	 1.4548	   --- 	 --- 	4472.0 	---   	---   	  0.83	    0.249	  1.0  	Teutsch_38
 0.0286	 0.1043	-0.0365	  710.179	   70.676	  141.68 	1.401	17	 ---	131.11909740183	0.0591	-37.34096423954	0.0693	5625354448401028096	  1.4813 	0.0854	 -8.637	0.13 	  3.662	0.131	0	     2068.5 	      2.9126 	17.3992	0.0015	      499.76 	       7.0712  	18.6045	0.0154	      2397.3 	     16.92    	16.3126	0.0077	 2.2918	   --- 	 --- 	   --- 	---   	---   	  --- 	    ---  	  1.0  	Teutsch_38
 0.0588	 0.4594	-0.0307	  777.502	  111.701	  225.349	1.372	16	 ---	131.2987801704 	0.0473	-37.14010979764	0.0577	5625363244493793152	  1.4899 	0.0735	 -8.492	0.107	  3.521	0.1  	0	     3232.3 	      4.1572 	16.9146	0.0014	      919.71 	       8.2337  	17.9423	0.0097	      3515.7 	     15.601   	15.8969	0.0048	 2.0454	   --- 	 --- 	3952.0 	1.8503	0.9275	  0.67	    0.099	  0.9  	Teutsch_38
 0.0163	 0.0998	 0.0114	  676.461	   56.432	  226.476	1.437	17	 ---	131.14739706066	0.0633	-37.39396785849	0.0721	5625349668094294016	  1.3743 	0.0884	 -8.316	0.146	  3.758	0.142	0	     1779.8 	      2.6311 	17.5624	0.0016	      417.43 	       7.3972  	18.7999	0.0192	      2139.9 	      9.4485  	16.436 	0.0048	 2.364 	   --- 	 --- 	   --- 	---   	---   	  --- 	    ---  	  0.7  	Teutsch_38
 0.0847	 0.203 	 0.0943	 1319.47 	  435.604	  468.565	1.207	16	 ---	131.45526604874	0.0111	-37.17749735654	0.0149	5625359464922500352	  1.4513 	0.0169	 -8.633	0.024	  3.62 	0.03 	0	   110410.0 	     83.679  	13.0808	0.0008	    61530.0  	     141.25    	13.3787	0.0025	     71734.0 	    153.09    	12.6226	0.0023	 0.7561	   --- 	 --- 	5760.88	0.3615	0.1713	  1.45	    2.072	  1.0  	Teutsch_38
 0.0732	 0.1552	-0.0087	 6019.083	  910.169	 1344.166	1.195	17	 0.0	131.08763562934	0.0196	-37.33441885204	0.0228	5625353142730988160	  1.5059 	0.0277	 -8.542	0.043	  3.636	0.042	0	   157830.0 	     26.222  	12.6929	0.0002	    92308.0  	     101.42    	12.9383	0.0012	     96335.0 	     71.669   	12.3025	0.0008	 0.6358	  24.24	 2.09	6701.5 	0.1992	0.101 	  1.22	    2.693	  1.0  	Teutsch_38
-0.0108	 0.3957	 0.2707	  979.283	  293.764	  493.502	1.153	15	 ---	131.21631535267	0.0638	-37.14723465503	0.0802	5625362694738036992	  1.4228 	0.0997	 -8.547	0.142	  3.72 	0.155	0	100170000.0 	 102290.0    	 5.6865	0.0011	 77400000.0  	  263480.0     	 5.6295	0.0037	  38099000.0 	  77201.0     	 5.8096	0.0022	-0.1801	   --- 	 --- 	8868.67	0.0167	0.0083	  --- 	    ---  	  1.0  	Teutsch_38
 0.007 	 0.1594	 0.0676	  832.422	   67.108	  205.68 	1.413	17	 ---	131.29625044964	0.0529	-37.23129327383	0.0697	5625358296691523840	  1.5037 	0.0793	 -9.086	0.117	  3.683	0.13 	0	     2204.7 	      2.6485 	17.33  	0.0013	      526.73 	       7.849   	18.5474	0.0162	      2589.1 	     12.588   	16.229 	0.0053	 2.3184	   --- 	 --- 	   --- 	---   	---   	  --- 	    ---  	  0.9  	Teutsch_38
 0.094 	 0.0465	 0.0065	 4625.176	  669.801	  993.26 	1.221	17	 ---	132.357783845  	0.0137	-36.42774230928	0.0184	5625476047514222464	  1.5248 	0.0202	 -8.759	0.03 	  2.93 	0.035	0	    32317.0 	      6.9871 	14.4148	0.0002	    16355.0  	      24.418   	14.8173	0.0016	     23091.0 	     23.247   	13.8533	0.0011	 0.9639	   --- 	 --- 	5362.67	0.109 	0.054 	  0.87	    0.57 	  0.2  	Teutsch_38
 0.0069	 0.2282	 0.1035	  593.997	  167.094	  226.194	1.212	15	 ---	132.070193401  	0.0129	-36.73710074965	0.0175	5625439969788140800	  1.4804 	0.0214	 -8.54 	0.028	  3.547	0.034	0	    49540.0 	     83.402  	13.951 	0.0018	    25676.0  	     153.66    	14.3276	0.0065	     34350.0 	    151.86    	13.4221	0.0048	 0.9055	   --- 	 --- 	5482.0 	0.1897	0.106 	  1.06	    0.914	  1.0  	Teutsch_38
 0.2009	 0.1282	-0.1044	 2714.861	   66.5  	   70.855	1.304	17	 ---	132.20656581542	0.0137	-36.34872009501	0.0178	5625524524803699200	  1.5656 	0.0204	 -8.999	0.03 	  2.834	0.036	0	   123960.0 	     45.659  	12.9552	0.0004	    74488.0  	    1120.1     	13.1712	0.0163	     87167.0 	   1230.2     	12.411 	0.0153	 0.7601	   --- 	 --- 	6218.02	0.3645	0.1667	  1.21	    1.963	  0.3  	Teutsch_38
 0.1528	 0.147 	-0.0424	  964.13 	  186.747	  313.817	1.208	17	 ---	132.8339601245 	0.013 	-39.31650465743	0.0152	5621904245329393920	  1.4195 	0.0176	 -8.279	0.028	  3.335	0.029	0	    83783.0 	     86.9    	13.3805	0.0011	    46488.0  	     248.94    	13.683 	0.0058	     54733.0 	    174.41    	12.9163	0.0035	 0.7667	   --- 	 --- 	6053.86	0.1353	0.0677	  1.16	    1.621	  0.1  	Teutsch_38
 0.0672	 0.093 	-0.1632	 1039.711	   83.894	  207.211	1.349	16	 ---	132.94607853949	0.0731	-38.64807526941	0.0897	5621958430639721984	  1.4681 	0.1065	 -7.976	0.158	  3.91 	0.166	0	     1863.8 	      1.7926 	17.5124	0.001 	      514.4  	       6.1315  	18.5731	0.0129	      2000.0 	      9.6518  	16.5094	0.0052	 2.0638	   --- 	 --- 	   --- 	---   	---   	  --- 	    ---  	  0.3  	Teutsch_38
 0.1076	 0.1338	-0.0287	 2683.494	  855.14 	  442.609	1.151	17	 ---	133.46411569255	0.0282	-38.5714560581 	0.0375	5621951253754907776	  1.5289 	0.0419	 -8.558	0.062	  3.271	0.073	1	  4635800.0 	   1727.5    	 9.0231	0.0004	  3489400.0  	    4080.5     	 8.9945	0.0013	   1847100.0 	   4173.1     	 9.0957	0.0025	-0.1012	   --- 	 --- 	8598.67	0.2357	0.115 	  --- 	    ---  	  0.5  	Teutsch_38
 0.0616	 0.0672	 0.0094	 2778.471	  724.761	  976.468	1.184	17	 0.0	133.38514195782	0.0171	-38.47141268126	0.0225	5621964482254167424	  1.5899 	0.025 	 -8.051	0.037	  3.249	0.047	1	   308030.0 	    110.86   	11.9669	0.0004	   192140.0  	     265.11    	12.1423	0.0015	    172520.0 	    176.68    	11.6698	0.0011	 0.4725	   0.84	 4.64	7187.91	0.3135	0.136 	  1.41	    4.751	  0.1  	Teutsch_38
 0.53  	 0.3612	 0.1674	  666.807	    ---  	    ---  	---  	11	 ---	133.15275375005	0.0439	-38.49577226705	0.0439	5621966200241274368	  1.5481 	0.0465	 -9.038	0.083	  3.774	0.081	0	    10021.0 	     15.029  	15.6861	0.0016	        ---  	       ---     	 ---   	---   	         --- 	      ---     	 ---   	---   	 ---   	   --- 	 --- 	   --- 	---   	---   	  --- 	    ---  	  0.8  	Teutsch_38
 0.1174	 0.1351	-0.0536	 1549.606	  764.197	 1375.968	1.17 	17	 ---	131.36127367975	0.027 	-39.34659737373	0.0292	5528782830302441600	  1.5223 	0.035 	 -8.292	0.059	  3.685	0.057	0	   527300.0 	    340.28   	11.3832	0.0007	   354880.0  	     464.39    	11.4762	0.0014	    262190.0 	    190.55    	11.2154	0.0008	 0.2608	   --- 	 --- 	8388.0 	---   	---   	  --- 	    ---  	  0.8  	Teutsch_38
 0.0469	 0.261 	-0.0795	 2691.773	  387.577	  725.854	1.225	17	 ---	131.16251533383	0.0189	-39.26841580597	0.0216	5528796642917185280	  1.3416 	0.0245	 -8.8  	0.04 	  3.556	0.04 	0	    18922.0 	      7.0297 	14.9959	0.0004	     9108.8  	      23.502   	15.4527	0.0028	     14076.0 	     19.392   	14.3907	0.0015	 1.062 	   --- 	 --- 	5135.82	0.1295	0.057 	  0.84	    0.446	  1.0  	Teutsch_38
 0.1044	 0.0552	-0.0389	  652.547	   38.766	  111.285	1.489	17	 ---	131.3944235977 	0.0549	-39.52760993989	0.0663	5528777676341721728	  1.6079 	0.0733	 -9.09 	0.125	  4.198	0.125	0	     2738.3 	      4.1963 	17.0947	0.0017	     1026.9  	      26.491   	17.8225	0.028 	      3050.2 	     27.409   	16.0511	0.0098	 1.7714	   --- 	 --- 	   --- 	---   	---   	  --- 	    ---  	  0.5  	Teutsch_38
 0.0956	 0.1585	-0.0639	 2182.26 	  676.916	 1091.532	1.168	17	 ---	130.40517417041	0.0232	-39.46271164116	0.0285	5528822344002083584	  1.48   	0.0324	 -8.571	0.052	  3.555	0.05 	0	   748880.0 	    343.17   	11.0023	0.0005	   486320.0  	     718.44    	11.1341	0.0016	    388340.0 	    355.77    	10.7889	0.001 	 0.3452	   --- 	 --- 	7947.33	0.697 	0.357 	  1.97	   13.949	  1.0  	Teutsch_38
 0.1559	 0.1451	-0.1306	 2282.597	  419.612	  667.389	1.245	17	 ---	131.14853913719	0.0246	-39.6088012884 	0.0327	5528773415734240384	  1.3917 	0.0345	 -8.914	0.056	  3.653	0.062	0	    10655.0 	      4.668  	15.6195	0.0005	     4663.3  	      11.113   	16.1797	0.0026	      8606.4 	     12.896   	14.9249	0.0016	 1.2548	   --- 	 --- 	5074.0 	0.212 	0.0975	  0.63	    0.236	  1.0  	Teutsch_38
 0.1433	 0.0803	-0.1186	 3681.394	  865.161	  969.814	1.195	17	 ---	131.52541160558	0.0181	-38.90039516204	0.0209	5528901989876273024	  1.6019 	0.0247	 -9.094	0.04 	  4.221	0.041	0	   331650.0 	     90.087  	11.8867	0.0003	   192770.0  	     222.82    	12.1388	0.0013	    203540.0 	    209.88    	11.4903	0.0011	 0.6485	   --- 	 --- 	6450.67	---   	---   	  1.79	    5.001	  0.9  	Teutsch_38
 0.122 	 0.1529	-0.0288	  889.549	   82.055	  162.084	1.412	17	 ---	130.8636397966 	0.0566	-38.98737428731	0.0719	5528852408773659008	  1.5342 	0.0794	 -8.764	0.121	  4.307	0.147	0	     2268.8 	      2.5505 	17.2989	0.0012	      538.91 	       6.5677  	18.5226	0.0132	      2665.7 	     16.446   	16.1974	0.0067	 2.3252	   --- 	 --- 	   --- 	---   	---   	  --- 	    ---  	  0.5  	Teutsch_38
 0.0417	 0.1318	-0.1069	 1160.037	  304.658	  365.727	1.21 	16	 0.0	131.96123194414	0.0178	-38.88235132841	0.0263	5528910266271327872	  1.6633 	0.0265	 -9.169	0.038	  3.877	0.054	0	   163120.0 	    140.62   	12.6571	0.0009	    86521.0  	     283.99    	13.0086	0.0036	    110790.0 	    302.94    	12.1506	0.003 	 0.858 	  27.52	19.14	5728.6 	0.9267	0.466 	  1.55	    2.336	  1.0  	Teutsch_38
 0.0755	 0.1015	-0.0663	  616.429	   49.579	  204.648	1.524	15	 ---	131.90331664665	0.0765	-38.91912191339	0.1134	5528909995696246016	  1.5407 	0.1122	 -9.053	0.164	  4.085	0.215	0	     2083.0 	      3.3792 	17.3916	0.0018	      416.74 	       8.4055  	18.8017	0.0219	      2757.3 	     13.473   	16.1607	0.0053	 2.641 	   --- 	 --- 	   --- 	---   	---   	  --- 	    ---  	  0.9  	Teutsch_38
 0.0816	 0.1198	-0.0986	 7134.203	  815.177	 1397.671	1.191	17	 0.0	131.32942273321	0.017 	-38.58956685435	0.0199	5528958816581614720	  1.5307 	0.0235	 -8.58 	0.037	  3.667	0.037	0	   203830.0 	     28.571  	12.4152	0.0002	   121870.0  	     149.5     	12.6366	0.0013	    120900.0 	     86.503   	12.0558	0.0008	 0.5808	  30.95	 3.47	6814.0 	0.16  	0.083 	  1.32	    3.368	  1.0  	Teutsch_38
 0.0492	 0.2023	 0.0137	  959.544	  247.235	  307.154	1.227	17	 ---	131.59767787832	0.0135	-38.44110146652	0.0173	5528981807550587136	  1.5288 	0.0196	 -8.192	0.029	  3.798	0.033	0	    39540.0 	     41.207  	14.1958	0.0011	    19912.0  	      80.538   	14.6036	0.0044	     28607.0 	     93.135   	13.6207	0.0035	 0.9829	   --- 	 --- 	5297.0 	0.248 	0.116 	  0.99	    0.7  	  0.8  	Teutsch_38
 0.1145	 0.1368	-0.2016	 6664.023	 1131.043	 1796.322	1.195	16	 ---	131.45804412931	0.019 	-38.62665995852	0.0247	5528978161114319744	  1.5266 	0.0273	 -8.501	0.042	  3.596	0.047	0	   244210.0 	     36.646  	12.219 	0.0002	   142000.0  	     125.55    	12.4706	0.001 	    149790.0 	     83.386   	11.8232	0.0006	 0.6474	   --- 	 --- 	6493.0 	0.8297	0.3975	  1.59	    4.054	  1.0  	Teutsch_38
 0.0902	 0.2067	 0.0051	 1109.334	  105.202	  404.379	1.355	17	 ---	131.57719008072	0.0371	-38.48338674634	0.0421	5528981635751929088	  1.4715 	0.0489	 -8.639	0.08 	  3.575	0.082	0	     4409.4 	      3.9748 	16.5774	0.001 	     1357.6  	      12.905   	17.5194	0.0103	      4615.7 	     11.414   	15.6013	0.0027	 1.9181	   --- 	 --- 	3886.0 	---   	---   	  0.84	    0.145	  1.0  	Teutsch_38
 0.158 	 0.1708	-0.0262	 6248.865	  696.525	 1290.2  	1.192	17	 0.0	132.12509576647	0.022 	-38.63236210143	0.0254	5528920230595431936	  1.545  	0.0299	 -8.772	0.046	  3.642	0.052	0	   180740.0 	     28.924  	12.5457	0.0002	   107360.0  	     154.14    	12.7742	0.0016	    108120.0 	     83.798   	12.1772	0.0008	 0.597 	  27.31	 3.62	6904.0 	0.1815	0.0943	  1.2 	    2.935	  1.0  	Teutsch_38
 0.0056	 0.0551	 0.111 	  521.098	   48.585	  182.078	1.433	16	 ---	131.94199301779	0.059 	-38.5143944596 	0.0793	5528936452694499200	  1.6273 	0.0876	 -9.17 	0.126	  4.339	0.161	0	     2084.9 	      4.0009 	17.3907	0.0021	      501.4  	      10.32    	18.6009	0.0223	      2486.0 	     13.654   	16.2732	0.006 	 2.3278	   --- 	 --- 	   --- 	---   	---   	  --- 	    ---  	  0.6  	Teutsch_38
 0.1668	 0.1357	-0.1211	  921.815	   27.762	  151.469	1.53 	17	 ---	131.59388308884	0.0739	-38.63548705344	0.0927	5528931195654746112	  1.4273 	0.1061	 -8.302	0.17 	  3.593	0.174	0	     1477.7 	      1.603  	17.7644	0.0012	      248.77 	       8.9608  	19.3619	0.0391	      2011.9 	     13.282   	16.5029	0.0072	 2.859 	   --- 	 --- 	   --- 	---   	---   	  --- 	    ---  	  0.7  	Teutsch_38
 0.0358	 0.1238	 0.0283	 3064.716	  659.654	  693.863	1.187	16	 0.0	131.93431037013	0.0194	-38.47914281388	0.0281	5528937650982768512	  1.4901 	0.0277	 -8.756	0.04 	  3.607	0.054	0	   296220.0 	     96.656  	12.0093	0.0004	   184200.0  	     279.24    	12.1882	0.0016	    167270.0 	    241.07    	11.7034	0.0016	 0.4848	  33.8 	15.02	7309.72	0.634 	0.309 	  1.42	    5.222	  1.0  	Teutsch_38
 0.1328	 0.2543	-0.0486	 5999.208	  872.858	 1610.431	1.189	17	 0.0	131.12631754849	0.0209	-38.45339448293	0.0241	5528975687213139584	  1.4714 	0.0285	 -8.449	0.044	  3.624	0.042	0	   235470.0 	     39.25   	12.2585	0.0002	   142490.0  	     163.24    	12.467 	0.0012	    137410.0 	     85.327   	11.9168	0.0007	 0.5501	  29.29	 2.81	6953.61	0.568 	0.2907	  1.42	    4.218	  1.0  	Teutsch_38
 0.0011	 0.2475	-0.1206	  716.894	  165.334	  293.02 	1.221	16	 ---	131.38045089424	0.0126	-38.58136100184	0.016 	5528958717805519744	  1.4983 	0.0181	 -8.709	0.026	  3.715	0.029	0	    41690.0 	     58.154  	14.1383	0.0015	    20706.0  	     125.24    	14.5611	0.0066	     30211.0 	    103.1     	13.5615	0.0037	 0.9997	   --- 	 --- 	5321.0 	0.33  	0.162 	  1.03	    0.766	  1.0  	Teutsch_38
 0.1318	 0.1389	-0.0648	  949.478	   99.972	  283.486	1.391	17	 ---	131.74326487451	0.0344	-38.61315212969	0.0453	5528929340228795776	  1.5342 	0.0502	 -8.85 	0.074	  4.191	0.084	0	     4512.6 	      4.7528 	16.5523	0.0011	     1253.3  	      12.536   	17.6063	0.0109	      5021.6 	     17.714   	15.5098	0.0038	 2.0965	   --- 	 --- 	3641.25	---   	---   	  1.01	    0.161	  0.7  	Teutsch_38
-0.0217	 0.097 	-0.0194	  772.369	  209.236	  290.711	1.229	14	 ---	131.8743747697 	0.013 	-38.34836981815	0.0178	5528942225130484224	  1.6036 	0.0199	 -9.366	0.027	  3.396	0.036	0	    68636.0 	     88.865  	13.597 	0.0014	    34220.0  	     163.55    	14.0157	0.0052	     50152.0 	    172.52    	13.0112	0.0037	 1.0045	   --- 	 --- 	5266.0 	0.742 	0.3605	  1.27	    1.109	  0.9  	Teutsch_38
-0.0582	 0.0473	 0.053 	  526.771	   33.548	  146.861	1.466	16	 ---	131.0136459871 	0.0785	-38.68335908146	0.089 	5528963695664222464	  1.4357 	0.1099	 -8.473	0.179	  3.476	0.184	0	     1385.3 	      2.6298 	17.8345	0.0021	      283.04 	       8.4366  	19.2218	0.0324	      1748.3 	     11.905   	16.6554	0.0074	 2.5664	   --- 	 --- 	   --- 	---   	---   	  --- 	    ---  	  0.7  	Teutsch_38
-0.068 	 0.2284	 0.1142	 1181.923	   99.49 	  300.893	1.348	16	 ---	129.37597281551	0.0614	-38.28057271838	0.0766	5529883785032160384	  1.5388 	0.0862	 -8.038	0.134	  3.788	0.155	0	     2352.9 	      1.9907 	17.2594	0.0009	      743.98 	       7.4779  	18.1725	0.0109	      2427.6 	      8.0681  	16.299 	0.0036	 1.8735	   --- 	 --- 	   --- 	---   	---   	  --- 	    ---  	  0.4  	Teutsch_38
 0.0797	 0.1354	-0.0489	  569.888	   42.987	  213.923	1.516	17	 ---	131.39945287371	0.0868	-38.45427598211	0.1071	5528983937854497536	  1.4871 	0.1227	 -8.811	0.19 	  3.852	0.205	0	     1687.5 	      2.9611 	17.6203	0.0019	      307.23 	       7.1472  	19.1327	0.0253	      2251.4 	     10.525   	16.3808	0.0051	 2.7519	   --- 	 --- 	   --- 	---   	---   	  --- 	    ---  	  0.9  	Teutsch_38
 0.0853	 0.3349	-0.0327	  902.529	  230.037	  376.447	1.287	17	 ---	131.30945519408	0.0249	-38.40595352669	0.0255	5528995895043472768	  1.6618 	0.0322	 -9.41 	0.053	  4.286	0.048	0	    11277.0 	     12.494  	15.5579	0.0012	     4337.4  	      18.855   	16.2583	0.0047	     10178.0 	     27.038   	14.7427	0.0029	 1.5156	   --- 	 --- 	4466.48	0.7352	0.3677	  0.77	    0.21 	  1.0  	Teutsch_38
 0.0799	 0.1187	-0.0862	 2472.141	  517.138	  552.702	1.21 	16	 ---	131.59758174216	0.013 	-38.05200097269	0.0173	5529008264548924288	  1.4683 	0.0202	 -8.645	0.027	  3.476	0.033	0	    72325.0 	     29.256  	13.5401	0.0004	    39577.0  	      76.531   	13.8578	0.0021	     47906.0 	     86.675   	13.061 	0.002 	 0.7968	   --- 	 --- 	5887.5 	0.0663	0.0417	  1.1 	    1.317	  1.0  	Teutsch_38
 0.1616	-0.0366	-0.0762	  776.075	   94.051	  266.966	1.377	17	 ---	131.46116822336	0.042 	-38.22090942593	0.0499	5529005412690806528	  1.4143 	0.0585	 -8.491	0.102	  3.804	0.102	0	     3362.5 	      4.3327 	16.8717	0.0014	      912.97 	       9.7072  	17.9502	0.0115	      3716.5 	     13.921   	15.8366	0.0041	 2.1137	   --- 	 --- 	3592.0 	---   	---   	  0.99	    0.147	  1.0  	Teutsch_38
 0.1039	 0.1031	-0.0769	 3061.836	 1246.035	 1943.478	1.156	17	 ---	131.584183042  	0.03  	-38.06087943346	0.035 	5529008230178557952	  1.3732 	0.0453	 -8.785	0.065	  3.522	0.071	1	  1264900.0 	    413.12   	10.4332	0.0004	   922960.0  	     740.72    	10.4384	0.0009	    539810.0 	    277.76    	10.4313	0.0006	 0.0071	   --- 	 --- 	9346.67	0.184 	0.09  	  --- 	    ---  	  1.0  	Teutsch_38
 0.0733	 0.1062	 0.0158	  967.483	   81.165	  390.022	1.464	16	 ---	131.46608946514	0.0499	-38.07400670951	0.0597	5529011043382619520	  1.5582 	0.0692	 -8.661	0.107	  4.077	0.117	0	     3639.4 	      3.7617 	16.7858	0.0011	      916.51 	      11.292   	17.946 	0.0134	      4412.1 	     11.312   	15.6503	0.0028	 2.2957	   --- 	 --- 	3539.0 	---   	---   	  0.98	    0.136	  0.8  	Teutsch_38
 0.0425	 0.1312	 0.0219	 1705.178	  189.717	  542.087	1.254	16	 ---	129.88672528506	0.0301	-38.99096079091	0.0315	5529037642124845312	  1.3551 	0.0404	 -7.829	0.069	  3.369	0.066	0	     8343.2 	      4.8929 	15.885 	0.0006	     3551.0  	      18.717   	16.4755	0.0057	      6911.5 	     12.75    	15.163 	0.002 	 1.3125	   --- 	 --- 	4946.67	---   	---   	  0.61	    0.201	  0.1  	Teutsch_38
 0.0581	 0.1185	-0.1169	 2928.982	  855.98 	 1600.014	1.174	17	 ---	131.52291869507	0.0175	-38.03727917561	0.0251	5529011391285150976	  1.4634 	0.0255	 -8.557	0.037	  3.635	0.049	0	   427580.0 	    145.98   	11.6108	0.0004	   285500.0  	     333.53    	11.7124	0.0013	    216550.0 	    135.34    	11.423 	0.0007	 0.2893	   --- 	 --- 	8413.5 	0.366 	0.182 	  --- 	    ---  	  1.0  	Teutsch_38
 0.1839	 0.1026	 0.0008	  487.476	   32.265	  127.65 	1.464	17	 ---	131.46887879271	0.0813	-38.25992291422	0.0896	5529004484977888256	  1.5025 	0.104 	 -8.591	0.186	  3.629	0.176	0	     1331.0 	      2.7304 	17.8779	0.0022	      260.53 	       8.0748  	19.3117	0.0337	      1688.1 	     13.224   	16.6934	0.0085	 2.6183	   --- 	 --- 	   --- 	---   	---   	  --- 	    ---  	  0.9  	Teutsch_38
-0.0334	 0.1975	 0.0654	  656.674	   20.666	  141.323	1.463	16	 ---	130.0390528594 	0.0871	-39.14686317634	0.0942	5529021080730947072	  1.377  	0.1233	 -8.917	0.2  	  4.302	0.169	0	     1343.2 	      2.0455 	17.868 	0.0017	      282.74 	      13.681   	19.2229	0.0525	      1682.8 	     11.907   	16.6969	0.0077	 2.5261	   --- 	 --- 	   --- 	---   	---   	  --- 	    ---  	  0.3  	Teutsch_38
 0.1582	 0.1602	-0.1375	  641.667	   30.772	  134.831	1.44 	17	 ---	131.14300663886	0.0662	-38.29398223563	0.0806	5529001216497006720	  1.5366 	0.0966	 -8.651	0.154	  3.454	0.147	0	     1636.8 	      2.5509 	17.6533	0.0017	      353.8  	      11.497   	18.9795	0.0353	      2002.7 	     14.854   	16.5079	0.0081	 2.4716	   --- 	 --- 	   --- 	---   	---   	  --- 	    ---  	  0.7  	Teutsch_38
 0.0589	 0.3198	-0.0209	 6302.629	 1203.318	 1931.888	1.182	17	 0.0	131.67145081483	0.0187	-38.37634718692	0.0244	5528988262877375232	  1.4851 	0.0286	 -8.534	0.04 	  3.788	0.043	0	   317460.0 	     50.37   	11.9341	0.0002	   201250.0  	     167.25    	12.092 	0.0009	    174050.0 	     90.093   	11.6602	0.0006	 0.4318	  33.54	 2.31	7664.0 	0.4995	0.2255	  1.36	    5.735	  1.0  	Teutsch_38
 0.2345	 0.1105	-0.113 	  667.878	  167.147	  245.3  	1.228	16	 ---	131.3900574861 	0.0176	-38.29406664407	0.0164	5528998849980858496	  1.4547 	0.0214	 -8.619	0.044	  3.625	0.031	0	    33926.0 	     50.796  	14.362 	0.0016	    16709.0  	      99.963   	14.794 	0.0065	     24943.0 	    101.68    	13.7696	0.0044	 1.0245	   --- 	 --- 	5256.5 	0.287 	0.1285	  0.98	    0.667	  1.0  	Teutsch_38
 0.1089	 0.2672	-0.0288	  523.222	   56.91 	  182.576	1.413	17	 ---	131.45303484064	0.0402	-38.32879486324	0.0425	5528998162786071680	  1.4948 	0.0531	 -8.472	0.092	  3.856	0.081	0	     4701.9 	      8.9864 	16.5077	0.0021	     1176.7  	      20.677   	17.6747	0.0191	      5465.6 	     29.936   	15.4178	0.0059	 2.2569	   --- 	 --- 	4173.1 	---   	---   	  0.68	    0.125	  1.0  	Teutsch_38
 0.1295	 0.2571	-0.1309	 5017.036	  829.534	 1305.07 	1.212	17	 ---	129.61179299339	0.0138	-37.83115907082	0.0174	5529917526306371200	  1.4906 	0.0199	 -7.971	0.029	  3.761	0.032	0	    53049.0 	     10.574  	13.8767	0.0002	    27227.0  	      32.822   	14.2639	0.0013	     37043.0 	     28.384   	13.3402	0.0008	 0.9237	   --- 	 --- 	5445.0 	0.3217	0.1777	  1.11	    0.97 	  0.6  	Teutsch_38
 0.0119	 0.0726	 0.054 	  475.155	   47.368	   96.008	1.472	15	 ---	130.54197259305	0.0793	-38.83730742621	0.1189	5529052137629540864	  1.3627 	0.1218	 -8.283	0.168	  4.307	0.263	0	     1203.1 	      2.532  	17.9876	0.0023	      236.29 	       4.9884  	19.4178	0.0229	      1534.6 	     15.984   	16.7969	0.0113	 2.6208	   --- 	 --- 	   --- 	---   	---   	  --- 	    ---  	  0.3  	Teutsch_38
 0.0752	 0.0857	-0.0422	  743.624	  203.023	  262.154	1.246	17	 ---	129.76422433594	0.0189	-38.81832466725	0.0223	5529090487403935488	  1.5646 	0.0266	 -8.051	0.042	  3.555	0.043	0	    14611.0 	     19.648  	15.2767	0.0015	     6535.4  	      32.19    	15.8132	0.0053	     11670.0 	     44.518   	14.5942	0.0041	 1.219 	   --- 	 --- 	4901.22	0.1747	0.077 	  0.72	    0.266	  0.3  	Teutsch_38
 0.1037	 0.1926	-0.0101	  627.777	  110.257	  206.452	1.341	15	 ---	130.54652841723	0.0884	-38.56955599305	0.1268	5529065129916000512	  1.6559 	0.1273	 -8.256	0.201	  3.952	0.243	0	     3109.5 	      4.9532 	16.9566	0.0017	     1169.9  	      10.611   	17.681 	0.0098	      2999.1 	     14.527   	16.0694	0.0053	 1.6116	   --- 	 --- 	4255.2 	0.015 	0.0095	  --- 	    ---  	  0.4  	Teutsch_38
 0.1462	 0.1945	-0.0114	  597.085	  188.428	  194.003	1.209	17	 ---	130.45192242555	0.0145	-38.59930432571	0.017 	5529075369118111744	  1.4487 	0.0192	 -8.003	0.032	  3.881	0.032	0	    51136.0 	     85.643  	13.9165	0.0018	    26828.0  	     142.38    	14.2799	0.0058	     34973.0 	    180.27    	13.4026	0.0056	 0.8773	   --- 	 --- 	5658.0 	0.197 	0.0875	  1.03	    0.97 	  0.5  	Teutsch_38
 0.0344	 0.3026	-0.1892	  315.114	   76.84 	  227.904	1.468	15	 ---	129.96433132599	0.4133	-38.14443033841	0.471 	5529149689233486336	  1.3632 	0.5724	 -8.155	0.909	  3.043	0.876	0	     2555.7 	      8.1104 	17.1696	0.0034	      781.96 	      10.176   	18.1184	0.0141	      2969.0 	     13.027   	16.0804	0.0048	 2.038 	   --- 	 --- 	   --- 	---   	---   	  --- 	    ---  	  0.1  	Teutsch_38
 0.0718	 0.1288	 0.09  	 1255.206	   76.852	  235.469	1.353	17	 ---	130.26561681738	0.0506	-38.18749976808	0.0612	5529135601740809984	  1.4981 	0.0699	 -8.777	0.117	  3.301	0.127	0	     2775.7 	      2.2113 	17.0799	0.0009	      865.06 	      11.256   	18.0088	0.0141	      2890.4 	     12.275   	16.1095	0.0046	 1.8992	   --- 	 --- 	   --- 	---   	---   	  --- 	    ---  	  0.6  	Teutsch_38
 0.0403	 0.1929	-0.0183	 6172.967	 1016.571	 1653.599	1.199	17	 ---	130.01162424617	0.017 	-38.01602376235	0.0206	5529152953408603904	  1.5645 	0.0237	 -8.212	0.036	  3.41 	0.037	0	   139960.0 	     22.674  	12.8233	0.0002	    80830.0  	      79.513   	13.0825	0.0011	     86997.0 	     52.61    	12.4132	0.0007	 0.6693	   --- 	 --- 	6396.0 	0.15  	0.072 	  1.21	    2.214	  0.2  	Teutsch_38
 0.1747	 0.0042	-0.0743	 1148.811	  105.922	  144.064	1.375	15	 ---	129.84265602923	0.0606	-37.54584451772	0.0636	5530020983478155136	  1.3886 	0.077 	 -8.073	0.145	  3.83 	0.12 	1	     3187.8 	      2.7749 	16.9296	0.0009	      900.21 	       8.4988  	17.9655	0.0103	      3484.3 	     24.186   	15.9066	0.0075	 2.0589	   --- 	 --- 	3642.75	---   	---   	  0.94	    0.139	  0.4  	Teutsch_38
 0.1916	 0.0987	-0.0891	 1219.302	  168.408	  425.765	1.293	16	 ---	130.17861309585	0.0413	-37.67047100236	0.0523	5530002429209900288	  1.443  	0.0592	 -8.542	0.1  	  3.773	0.095	0	     5446.8 	      4.4672 	16.348 	0.0009	     2108.1  	      12.518   	17.0416	0.0064	      4933.3 	     11.587   	15.5291	0.0026	 1.5126	   --- 	 --- 	4437.67	0.327 	0.182 	  0.62	    0.136	  1.0  	Teutsch_38
 0.0288	 0.2816	-0.0209	 6197.681	 1007.659	 1507.046	1.19 	17	 0.0	131.33239744332	0.0194	-37.90924189753	0.0224	5529201361984055040	  1.5585 	0.0262	 -8.458	0.042	  3.48 	0.042	1	   260930.0 	     42.101  	12.1471	0.0002	   157850.0  	     156.65    	12.3558	0.0011	    152670.0 	    101.31    	11.8025	0.0007	 0.5533	  24.42	 3.98	7036.96	0.4557	0.2015	  1.37	    4.173	  0.9  	Teutsch_38
 0.1393	 0.2437	-0.1342	  883.284	  241.74 	  291.902	1.22 	17	 ---	130.855422345  	0.0137	-37.96646994577	0.0161	5529211193164855552	  1.5038 	0.0192	 -8.376	0.03 	  3.766	0.03 	0	    43113.0 	     48.81   	14.1018	0.0012	    22148.0  	      91.619   	14.4881	0.0045	     30431.0 	    104.25    	13.5536	0.0037	 0.9344	   --- 	 --- 	5355.0 	0.1828	0.073 	  1.03	    0.783	  1.0  	Teutsch_38
 0.2029	 0.2038	-0.159 	  676.329	   98.506	  208.485	1.345	17	 ---	130.97409972418	0.036 	-37.97967670109	0.0398	5529208272587037568	  1.3521 	0.0486	 -8.613	0.078	  3.703	0.085	0	     4894.7 	      7.2372 	16.464 	0.0016	     1545.0  	      15.684   	17.3791	0.011 	      5037.7 	     24.164   	15.5063	0.0052	 1.8727	   --- 	 --- 	3865.0 	---   	---   	  0.98	    0.193	  1.0  	Teutsch_38
 0.1593	 0.2287	-0.0327	 2543.528	 1086.121	  814.594	1.15 	17	 ---	131.18663733711	0.0287	-38.00274755541	0.0325	5529196487196938240	  1.3833 	0.0387	 -8.296	0.061	  3.804	0.058	1	  6987400.0 	   2747.1    	 8.5776	0.0004	  5269700.0  	    4851.8     	 8.5469	0.001 	   2766000.0 	   3395.5     	 8.6573	0.0013	-0.1104	   --- 	 --- 	8704.33	0.2575	0.1205	  --- 	    ---  	  0.8  	Teutsch_38
 0.1248	 0.1931	-0.0954	  667.641	  164.585	  230.504	1.214	17	 ---	130.86623026896	0.0125	-37.93433514216	0.0163	5529211399323264128	  1.47   	0.0181	 -8.536	0.027	  3.737	0.03 	0	    47807.0 	     71.606  	13.9896	0.0016	    24711.0  	     150.14    	14.3691	0.0066	     33317.0 	    144.54    	13.4553	0.0047	 0.9139	   --- 	 --- 	5461.75	0.2387	0.1123	  1.06	    0.897	  1.0  	Teutsch_38
 0.0622	 0.2373	 0.0907	  439.534	  110.714	  161.856	1.243	17	 ---	131.10063369493	0.0181	-38.0096633233 	0.0188	5529196796434369792	  1.5058 	0.0227	 -8.443	0.038	  3.591	0.038	0	    23598.0 	     53.69   	14.7562	0.0025	    10767.0  	      97.25    	15.2712	0.0098	     18558.0 	    114.66    	14.0906	0.0067	 1.1806	   --- 	 --- 	4878.33	0.5008	0.2913	  0.96	    0.467	  1.0  	Teutsch_38
 0.1706	 0.1009	-0.1821	  601.239	  188.769	  222.273	1.255	16	 ---	131.26435829381	0.0184	-37.85598708866	0.0214	5529205386368768000	  1.484  	0.0264	 -8.453	0.042	  3.689	0.039	0	    22322.0 	     37.126  	14.8165	0.0018	     9899.2  	      52.441   	15.3624	0.0058	     18116.0 	     81.504   	14.1168	0.0049	 1.2456	   --- 	 --- 	4889.98	0.695 	0.3453	  0.94	    0.453	  1.0  	Teutsch_38
 0.1424	 0.1868	-0.0568	  597.38 	  177.618	  210.843	1.229	17	 ---	130.51781838919	0.0155	-37.27177423853	0.0159	5530037682311771136	  1.3838 	0.0203	 -8.772	0.034	  3.992	0.031	0	    46700.0 	     78.174  	14.0151	0.0018	    23603.0  	     132.88    	14.419 	0.0061	     33805.0 	    160.33    	13.4395	0.0051	 0.9795	   --- 	 --- 	5338.55	0.5328	0.251 	  1.17	    1.003	  0.9  	Teutsch_38
 0.0622	 0.2671	-0.0111	  706.173	   60.665	  153.501	1.424	16	 ---	129.81162463163	0.0762	-37.36980443354	0.0815	5530071217417340672	  1.5218 	0.1038	 -7.746	0.162	  3.77 	0.161	0	     1776.8 	      2.5161 	17.5642	0.0015	      435.25 	       7.1747  	18.7545	0.0179	      2095.5 	     13.652   	16.4587	0.0071	 2.2958	   --- 	 --- 	   --- 	---   	---   	  --- 	    ---  	  0.2  	Teutsch_38
 0.0111	 0.1943	-0.052 	 4613.701	  641.256	 1093.85 	1.211	17	 ---	130.04761658611	0.0148	-37.29354378094	0.0168	5530032253471682688	  1.5178 	0.019 	 -8.189	0.032	  3.25 	0.032	0	    53312.0 	     11.555  	13.8713	0.0002	    28091.0  	      43.806   	14.23  	0.0017	     36455.0 	     33.327   	13.3575	0.001 	 0.8724	   --- 	 --- 	5663.5 	0.079 	0.0193	  1.0 	    0.921	  0.1  	Teutsch_38
 0.0198	 0.1598	 0.0513	  492.818	  140.995	  135.795	1.33 	16	 ---	130.03030161872	0.0228	-37.40239132497	0.0368	5530029092376101120	  1.4532 	0.0354	 -8.336	0.05 	  3.947	0.075	0	    10735.0 	     21.783  	15.6114	0.0022	     4220.0  	      29.93    	16.2881	0.0077	     10058.0 	     74.066   	14.7557	0.008 	 1.5324	   --- 	 --- 	4434.0 	---   	---   	  0.87	    0.265	  0.9  	Teutsch_38
 0.0686	 0.1048	-0.0256	  858.255	   99.325	  320.474	1.351	17	 ---	130.02687124452	0.0346	-37.36530591153	0.0452	5530029573412410496	  1.5825 	0.0513	 -7.987	0.073	  3.865	0.092	1	     5074.9 	      5.913  	16.4248	0.0013	     1597.4  	      16.083   	17.3428	0.0109	      5257.7 	     16.406   	15.4599	0.0034	 1.8829	   --- 	 --- 	3859.5 	1.4807	0.735 	  0.86	    0.147	  0.4  	Teutsch_38
 0.0221	 0.1614	 0.1024	  724.968	   24.662	  186.221	1.442	16	 ---	130.1753648523 	0.0807	-37.07843624938	0.1234	5530058946684070528	  1.5282 	0.1221	 -8.517	0.175	  3.817	0.229	0	     1227.7 	      1.6934 	17.9656	0.0015	      303.25 	      12.296   	19.1469	0.044 	      1467.1 	      7.8785  	16.8457	0.0058	 2.3012	   --- 	 --- 	   --- 	---   	---   	  --- 	    ---  	  0.7  	Teutsch_38
 0.135 	 0.1657	-0.0602	 2700.098	 1163.66 	 1300.572	1.159	17	 ---	131.1407520128 	0.03  	-37.85373331806	0.0368	5529215728650100480	  1.4689 	0.0427	 -8.409	0.07 	  3.213	0.069	1	  1253400.0 	    464.2    	10.4432	0.0004	   861350.0  	     740.21    	10.5134	0.0009	    591180.0 	    454.56    	10.3326	0.0008	 0.1808	   --- 	 --- 	8572.0 	0.4667	0.228 	  --- 	    ---  	  0.2  	Teutsch_38
 0.1907	 0.0877	-0.2033	  497.642	  103.562	  166.742	1.264	16	 ---	130.8838217465 	0.0194	-37.84216504145	0.0233	5529214457339926656	  1.4467 	0.0278	 -8.52 	0.044	  3.476	0.047	0	    15704.0 	     31.557  	15.1983	0.0022	     6706.2  	      64.755   	15.7852	0.0105	     13142.0 	     78.815   	14.4653	0.0065	 1.3199	   --- 	 --- 	4751.65	0.7945	0.3847	  0.87	    0.349	  0.9  	Teutsch_38
-0.0163	 0.0885	 0.0712	  710.233	  107.897	  253.444	1.375	16	 ---	130.53894098105	0.0488	-38.02517165739	0.0602	5529234248550242688	  1.5385 	0.0663	 -8.719	0.106	  4.141	0.114	0	     3628.0 	      5.1082 	16.7892	0.0015	     1048.4  	       9.7165  	17.8001	0.0101	      3941.1 	     15.55    	15.7729	0.0043	 2.0272	   --- 	 --- 	3719.73	1.874 	0.937 	  0.84	    0.122	  0.8  	Teutsch_38
 0.0623	 0.2526	-0.1488	 1794.537	  429.688	  481.822	1.202	15	 0.0	130.679795979  	0.0233	-38.01022193858	0.0289	5529233595715149696	  1.4973 	0.0345	 -8.374	0.05 	  3.786	0.054	0	   129840.0 	     72.355  	12.9048	0.0006	    73421.0  	     170.87    	13.1868	0.0025	     82622.0 	    171.48    	12.4692	0.0023	 0.7177	  30.77	12.52	6305.33	0.285 	0.1373	  1.26	    2.245	  1.0  	Teutsch_38
 0.1155	 0.069 	-0.138 	 3196.233	  705.77 	  821.735	1.207	17	 0.0	130.87725305392	0.0331	-37.84192778039	0.0454	5529213044285299200	  1.4703 	0.0491	 -9.037	0.078	  3.479	0.089	0	   198980.0 	     62.254  	12.4413	0.0003	   108530.0  	     153.77    	12.7625	0.0015	    131630.0 	    160.19    	11.9635	0.0013	 0.799 	  22.7 	13.39	5889.0 	---   	---   	  1.83	    3.613	  0.9  	Teutsch_38
 0.1095	 0.0838	-0.1022	 1187.312	  287.9  	  421.622	1.219	17	 ---	130.59439120842	0.0141	-37.83654307524	0.019 	5529240742540697984	  1.6479 	0.0219	 -8.798	0.031	  4.506	0.036	0	    44526.0 	     37.501  	14.0668	0.0009	    22499.0  	      78.15    	14.471 	0.0038	     31774.0 	     75.362   	13.5067	0.0026	 0.9642	   --- 	 --- 	5364.0 	0.126 	0.061 	  0.95	    0.672	  0.1  	Teutsch_38
 0.1522	 0.1111	-0.1406	  720.035	  144.131	  209.542	1.354	16	 ---	131.09635329104	0.0447	-37.70272608427	0.047 	5529220676452359168	  1.4993 	0.0588	 -8.316	0.103	  3.449	0.089	0	    11849.0 	     16.456  	15.5041	0.0015	     5365.4  	      37.226   	16.0274	0.0075	     10684.0 	     50.987   	14.6901	0.0052	 1.3373	   --- 	 --- 	4725.02	0.644 	0.3092	  0.74	    0.247	  0.5  	Teutsch_38
-0.1302	 0.0558	 0.1724	  795.226	   34.244	  145.165	1.453	16	 ---	130.28291488154	0.0852	-37.78349137449	0.1315	5529250084088657408	  1.4438 	0.1311	 -8.12 	0.194	  4.014	0.269	0	     1380.8 	      1.7364 	17.838 	0.0014	      304.68 	       8.8974  	19.1418	0.0317	      1701.6 	     11.722   	16.6848	0.0075	 2.457 	   --- 	 --- 	   --- 	---   	---   	  --- 	    ---  	  0.4  	Teutsch_38
 0.1375	 0.1452	-0.1356	  664.202	  112.907	  137.946	1.256	16	 ---	131.05757086765	0.0145	-37.65201366138	0.0164	5529223249127569408	  1.4784 	0.021 	 -8.241	0.031	  3.652	0.031	0	    38674.0 	     58.226  	14.2198	0.0016	    19879.0  	     176.06    	14.6054	0.0096	     28692.0 	    207.99    	13.6175	0.0079	 0.9879	   --- 	 --- 	5308.5 	0.336 	0.1523	  1.01	    0.731	  1.0  	Teutsch_38
 0.1487	 0.1382	-0.0764	  804.671	  210.751	  241.776	1.299	17	 ---	130.41259696394	0.0309	-36.80446952813	0.0358	5530115369682013952	  1.3561 	0.042 	 -8.288	0.069	  3.41 	0.069	0	     7330.7 	      9.1101 	16.0255	0.0013	     2625.4  	      12.457   	16.8034	0.0052	      6894.1 	     28.514   	15.1657	0.0045	 1.6377	   --- 	 --- 	4253.0 	---   	---   	  0.88	    0.226	  0.2  	Teutsch_38
 0.0462	 0.237 	-0.091 	  786.923	   94.304	  199.386	1.372	17	 ---	130.81468355746	0.0434	-37.38135290566	0.0514	5529289017973762816	  1.4828 	0.0635	 -8.393	0.101	  3.767	0.097	0	     3591.8 	      4.5643 	16.8001	0.0014	     1013.6  	      10.749   	17.8367	0.0115	      3912.9 	     19.625   	15.7807	0.0054	 2.056 	   --- 	 --- 	3723.5 	---   	---   	  0.87	    0.13 	  0.9  	Teutsch_38
 0.1607	 0.1673	-0.1531	  400.648	   56.735	  171.174	1.363	15	 ---	130.62370405665	0.0495	-37.39050031902	0.0587	5529285341481902208	  1.4577 	0.0717	 -8.069	0.108	  3.428	0.107	0	     3415.4 	      8.5247 	16.8548	0.0027	     1020.0  	      17.978   	17.8299	0.0191	      3635.4 	     21.238   	15.8605	0.0063	 1.9694	   --- 	 --- 	3916.52	---   	---   	  0.73	    0.112	  0.3  	Teutsch_38
 0.1021	 0.1678	-0.1262	  509.956	  112.382	  152.957	1.347	17	 ---	130.79284241796	0.0323	-37.34055035317	0.04  	5529292282148895104	  1.4727 	0.0476	 -8.456	0.073	  3.47 	0.073	0	     5857.7 	     11.487  	16.2691	0.0021	     2007.4  	      17.862   	17.0948	0.0097	      5884.3 	     38.47    	15.3377	0.0071	 1.7571	   --- 	 --- 	3973.04	1.0697	0.58  	  0.9 	    0.181	  0.9  	Teutsch_38
 0.1521	 0.1524	-0.1409	 8367.704	 1106.879	 1342.453	1.189	17	 ---	130.85862729415	0.0189	-37.2981413359 	0.0216	5529289911326882304	  1.4615 	0.0275	 -8.376	0.043	  3.658	0.041	1	   253950.0 	     30.349  	12.1765	0.0001	   153430.0  	     138.61    	12.3866	0.001 	    148540.0 	    110.65    	11.8323	0.0008	 0.5543	   --- 	 --- 	7125.5 	0.4373	0.228 	  1.41	    4.628	  1.0  	Teutsch_38
 0.1542	 0.1395	-0.0687	  365.499	   32.085	   85.322	1.481	17	 ---	130.5677773352 	0.0668	-37.45703786719	0.087 	5529284654287224320	  1.6229 	0.0989	 -8.389	0.146	  3.632	0.164	0	     1410.9 	      3.8601 	17.8146	0.003 	      294.83 	       9.189   	19.1775	0.0338	      1794.8 	     21.036   	16.6269	0.0127	 2.5506	   --- 	 --- 	   --- 	---   	---   	  --- 	    ---  	  0.6  	Teutsch_38
 0.0354	 0.0616	 0.0207	  647.453	   77.672	  239.794	1.391	15	 ---	131.98480596947	0.0498	-39.70813667139	0.0639	5525802122999541376	  1.6087 	0.0758	 -9.153	0.119	  4.299	0.128	0	     3099.1 	      4.7866 	16.9603	0.0017	      817.9  	      10.53    	18.0696	0.014 	      3493.4 	     14.568   	15.9038	0.0045	 2.1658	   --- 	 --- 	3563.67	---   	---   	  0.86	    0.107	  0.8  	Teutsch_38
 0.2478	 0.0611	-0.062 	 4862.817	  758.802	  505.909	1.205	15	 ---	132.13122839874	0.0218	-39.59203704103	0.0322	5525808616990264576	  1.622  	0.0304	 -8.299	0.05 	  2.882	0.063	0	   139800.0 	     28.749  	12.8246	0.0002	    76264.0  	     100.51    	13.1456	0.0014	     92262.0 	    182.37    	12.3494	0.0021	 0.7962	   --- 	 --- 	5882.75	0.4118	0.206 	  1.39	    2.086	  0.1  	Teutsch_38
 0.1583	 0.2076	-0.0704	  722.998	   81.729	  232.98 	1.34 	17	 ---	132.58207333224	0.0486	-39.41945517433	0.0504	5525826003018260096	  1.344  	0.0636	 -7.856	0.106	  4.185	0.098	0	     3186.9 	      4.4079 	16.93  	0.0015	     1016.9  	      12.443   	17.8331	0.0133	      3253.7 	     13.966   	15.981 	0.0047	 1.8522	   --- 	 --- 	4174.29	---   	---   	  0.62	    0.105	  0.1  	Teutsch_38
 0.1477	 0.2223	-0.0965	 2231.271	 1004.578	 1660.632	1.172	17	 ---	131.55747689367	0.0224	-39.60634134026	0.0255	5525771336665853056	  1.5749 	0.0299	 -9.094	0.049	  4.522	0.048	0	   497810.0 	    223.11   	11.4457	0.0005	   327880.0  	     326.38    	11.5621	0.0011	    255570.0 	    153.9     	11.2431	0.0007	 0.319 	   --- 	 --- 	7996.0 	---   	---   	  1.49	    8.231	  0.6  	Teutsch_38
 0.0865	 0.1227	 0.0291	 1366.378	   95.456	  384.04 	1.391	16	 ---	131.65841045741	0.0546	-39.26663917732	0.0658	5525872732262983296	  1.4064 	0.0794	 -9.041	0.121	  3.309	0.123	0	     3552.6 	      2.6    	16.812 	0.0008	      980.18 	      10.268   	17.8731	0.0114	      3962.0 	     10.317   	15.7671	0.0028	 2.106 	   --- 	 --- 	3618.18	---   	---   	  1.0 	    0.154	  0.5  	Teutsch_38
 0.0195	 0.0966	 0.0204	 3902.225	  955.885	 1555.937	1.177	16	 ---	132.10213882736	0.0182	-39.52330972825	0.0252	5525857407819592960	  1.4049 	0.0252	 -8.45 	0.04 	  3.312	0.048	0	   405970.0 	    104.04   	11.6671	0.0003	   254170.0  	     265.9     	11.8386	0.0011	    223650.0 	    143.74    	11.388 	0.0007	 0.4506	   --- 	 --- 	7315.5 	---   	---   	  1.77	    8.053	  0.4  	Teutsch_38
 0.1858	 0.2788	-0.1556	  926.166	   36.318	  270.25 	1.382	17	 ---	131.79974416621	0.0755	-39.17372770755	0.0779	5525880561982267648	  1.5492 	0.1004	 -8.545	0.168	  3.816	0.149	0	     1677.5 	      1.8112 	17.6267	0.0012	      473.54 	      13.039   	18.663 	0.0299	      1844.0 	      6.8233  	16.5975	0.004 	 2.0655	   --- 	 --- 	   --- 	---   	---   	  --- 	    ---  	  0.9  	Teutsch_38
-0.0715	 0.12  	 0.021 	  818.52 	  133.813	  276.904	1.343	15	 ---	131.88534599607	0.036 	-39.60689681923	0.0415	5525850192274649088	  1.651  	0.0503	 -9.272	0.086	  4.318	0.086	1	     4897.3 	      5.9831 	16.4635	0.0013	     1505.3  	      11.249   	17.4073	0.0081	      5070.6 	     18.312   	15.4993	0.0039	 1.9081	   --- 	 --- 	3885.12	1.478 	0.697 	  0.79	    0.128	  0.7  	Teutsch_38
 0.0483	 0.2046	-0.061 	 6181.465	 1268.773	 1178.466	1.208	16	 ---	132.39469645162	0.0131	-39.39259563544	0.0157	5525835555025581312	  1.3912 	0.0175	 -8.178	0.028	  4.418	0.03 	0	    86522.0 	     13.997  	13.3455	0.0002	    46853.0  	      36.928   	13.6745	0.0009	     57642.0 	     48.913   	12.8601	0.0009	 0.8145	   --- 	 --- 	5820.5 	0.3375	0.16  	  1.31	    1.761	  0.2  	Teutsch_38
 0.1034	 0.0341	-0.0546	 6268.708	  746.617	 1771.901	1.186	16	 0.0	131.9464941081 	0.0226	-39.10390305925	0.0243	5525903789162449792	  1.6645 	0.0281	 -9.015	0.051	  4.095	0.046	0	   316220.0 	     50.445  	11.9384	0.0002	   193180.0  	     258.74    	12.1365	0.0015	    181700.0 	    102.55    	11.6135	0.0006	 0.523 	  23.77	 4.16	6982.0 	0.3395	0.163 	  1.44	    4.429	  0.8  	Teutsch_38
 0.0558	 0.1016	 0.0022	  930.475	  237.64 	  322.293	1.238	16	 ---	132.07499016003	0.0306	-38.83975755043	0.0388	5525914273187150080	  1.459  	0.0431	 -8.172	0.065	  4.475	0.077	0	    56481.0 	     60.701  	13.8086	0.0012	    27040.0  	     113.79    	14.2714	0.0046	     42870.0 	    133.02    	13.1815	0.0034	 1.0898	   --- 	 --- 	5022.88	---   	---   	  1.42	    1.151	  0.1  	Teutsch_38
