pmRApmDEcor	PlxpmRAcor	PlxpmDEcor	RFG	RFBP	RFRP	E(BR/RP)	Nper	[Fe/H]temp	RAdeg	e_RAdeg	DEdeg	e_DEdeg	Source	Plx	e_Plx	pmRA	e_pmRA	pmDE	e_pmDE	Dup	FG	e_FG	Gmag	e_Gmag	FBP	e_FBP	BPmag	e_BPmag	FRP	e_FRP	RPmag	e_RPmag	BP-RP	RV	e_RV	Teff	AG	E(BR-RP)	Rad	Lum	Pmemb	Cluster
---	---	---	---	---	---	---	---	---	deg	mas	deg	mas	---	mas	mas	mas/yr	mas/yr	mas/yr	mas/yr	---	e-/s	e-/s	mag	mag	e-/s	e-/s	mag	mag	e-/s	e-/s	mag	mag	mag	km/s	km/s	K	mag	mag	solRad	solLum	---	---
-------	-------	-------	---------	---------	---------	-----	--	----	---------------	------	---------------	------	-------------------	---------	------	-------	-----	-------	-----	-	------------	-------------	-------	------	-------------	---------------	-------	------	-------------	--------------	-------	------	-------	-------	-----	-------	------	------	------	---------	-------	--------------------
-0.0094	-0.2475	 0.1898	 1369.068	   93.766	  197.387	1.328	16	 ---	327.31360466763	0.0538	 59.31284814018	0.0544	2202659585331925120	  1.1776 	0.0602	 -1.908	0.12 	 -2.245	0.104	0	     3561.3 	      2.6013 	16.8093	0.0008	     1318.9  	      14.066   	17.5509	0.0116	      3410.8 	     17.28    	15.9298	0.0055	 1.6211	   --- 	 --- 	4294.74	0.7715	0.3703	  0.68	    0.143	  0.8  	UPK_169
-0.1829	-0.1284	-0.0914	 4529.298	 1131.125	 1709.275	1.255	17	 ---	328.25232621663	0.0136	 59.15685262723	0.0135	2202691436810061440	  1.1643 	0.0152	 -1.919	0.029	 -2.367	0.027	0	    57773.0 	     12.755  	13.784 	0.0002	    25551.0  	      22.589   	14.3329	0.001 	     46943.0 	     27.464   	13.083 	0.0006	 1.2499	   --- 	 --- 	4869.32	---   	---   	  1.95	    1.917	  1.0  	UPK_169
-0.2887	-0.1447	-0.1047	 2918.907	  837.672	 1095.013	1.239	15	 ---	326.86920664814	0.0483	 59.0681170864 	0.0602	2202649139976260480	  1.203  	0.0575	 -2.315	0.114	 -2.76 	0.125	0	    37589.0 	     12.878  	14.2507	0.0004	    18716.0  	      22.343   	14.6708	0.0013	     27860.0 	     25.442   	13.6495	0.001 	 1.0214	   --- 	 --- 	5172.05	0.7   	0.346 	  1.3 	    1.096	  0.3  	UPK_169
-0.4029	-0.3522	-0.0165	 2471.571	  865.162	 1171.377	1.209	14	 ---	326.63226087768	0.0291	 59.29587980345	0.0309	2202669961977785088	  1.1275 	0.0341	 -1.955	0.07 	 -2.488	0.063	0	   180590.0 	     73.069  	12.5466	0.0004	   107840.0  	     124.65    	12.7694	0.0013	    110480.0 	     94.314   	12.1537	0.0009	 0.6157	   --- 	 --- 	6864.0 	---   	---   	  1.66	    5.503	  0.8  	UPK_169
 0.063 	-0.0735	 0.1758	  914.315	   60.304	  276.519	1.393	16	 ---	323.61330327166	0.0904	 60.20949081557	0.0828	2179733256062794240	  1.11   	0.0979	 -2.206	0.195	 -2.403	0.167	0	     1542.2 	      1.6867 	17.718 	0.0012	      419.96 	       6.9641  	18.7934	0.018 	      1728.5 	      6.2509  	16.6677	0.0039	 2.1256	   --- 	 --- 	   --- 	---   	---   	  --- 	    ---  	  0.3  	UPK_169
-0.0905	-0.4572	 0.0928	 4225.594	  578.905	  839.92 	1.247	15	 ---	324.20547184046	0.0176	 60.03209242476	0.0172	2179719202929987584	  1.1869 	0.0216	 -2.319	0.038	 -2.681	0.032	0	    60494.0 	     14.316  	13.7341	0.0003	    28457.0  	      49.156   	14.2159	0.0019	     46995.0 	     55.951   	13.0818	0.0013	 1.1341	   --- 	 --- 	5002.56	---   	---   	  1.82	    1.872	  0.1  	UPK_169
 0.0437	-0.2675	 0.0737	 1294.686	  199.09 	  369.436	1.302	14	 ---	324.39698041909	0.0418	 60.03415687318	0.0439	2179718618814450048	  1.2432 	0.0497	 -2.154	0.091	 -2.8  	0.077	0	     6271.4 	      4.844  	16.1949	0.0008	     2275.6  	      11.43    	16.9587	0.0055	      5892.8 	     15.951   	15.3361	0.0029	 1.6226	   --- 	 --- 	4383.75	---   	---   	  0.81	    0.216	  0.1  	UPK_169
 0.018 	-0.1944	-0.0035	 2441.983	  478.276	 1152.827	1.257	17	 ---	328.15540760463	0.0203	 59.34936865732	0.0195	2202697587203337856	  1.065  	0.0215	 -2.241	0.044	 -2.027	0.039	0	    21923.0 	      8.9775 	14.8361	0.0004	     9780.3  	      20.449   	15.3755	0.0023	     17776.0 	     15.42    	14.1373	0.0009	 1.2382	   --- 	 --- 	4903.98	1.0433	0.5203	  1.29	    0.862	  0.2  	UPK_169
-0.1539	-0.3112	 0.0693	 2991.183	  927.041	 1348.281	1.252	16	 ---	327.54483130762	0.0203	 59.31082856032	0.0201	2202705936619318400	  1.0841 	0.0237	 -2.551	0.042	 -2.663	0.038	0	    37936.0 	     12.682  	14.2408	0.0004	    17657.0  	      19.047   	14.7341	0.0012	     29824.0 	     22.12    	13.5755	0.0008	 1.1586	   --- 	 --- 	4950.43	1.3125	0.675 	  1.62	    1.423	  0.2  	UPK_169
-0.4192	 0.0748	-0.1742	  744.268	   67.663	  273.247	1.379	15	 ---	328.72113404598	0.0641	 59.52556939023	0.0649	2202721428553994240	  1.1629 	0.0729	 -1.897	0.172	 -2.427	0.133	0	     2819.1 	      3.7877 	17.0631	0.0015	      760.51 	      11.24    	18.1486	0.016 	      3125.9 	     11.44    	16.0245	0.004 	 2.1241	   --- 	 --- 	4028.0 	2.2845	1.138 	  0.75	    0.135	  0.7  	UPK_169
 0.0035	-0.2165	-0.0855	  821.842	   54.137	  392.515	1.4  	16	 ---	327.97472227188	0.0588	 59.40190915297	0.057 	2202710231587012096	  1.2102 	0.0661	 -1.737	0.13 	 -2.407	0.115	0	     2748.5 	      3.3443 	17.0906	0.0013	      734.06 	      13.559   	18.1871	0.0201	      3114.8 	      7.9354  	16.0284	0.0028	 2.1587	   --- 	 --- 	   --- 	---   	---   	  --- 	    ---  	  0.3  	UPK_169
-0.331 	-0.0492	-0.1469	  962.429	   82.347	  293.014	1.307	15	 ---	328.83122163994	0.06  	 59.5427381791 	0.0618	2202721707740566400	  1.0779 	0.0694	 -2.355	0.145	 -2.871	0.123	0	     2863.4 	      2.9752 	17.0462	0.0011	     1014.6  	      12.321   	17.8357	0.0132	      2727.5 	      9.3084  	16.1725	0.0037	 1.6631	   --- 	 --- 	4327.75	---   	---   	  0.65	    0.135	  0.1  	UPK_169
 0.0779	 0.0319	 0.1191	  497.016	   89.33 	  191.39 	1.402	15	 ---	326.69818060529	0.0564	 59.66012153197	0.0516	2203435118983623168	  1.1378 	0.0606	 -1.986	0.133	 -2.447	0.112	0	     3255.8 	      6.5506 	16.9067	0.0022	      877.66 	       9.8249  	17.9931	0.0122	      3686.1 	     19.259   	15.8455	0.0057	 2.1476	   --- 	 --- 	3783.21	---   	---   	  1.02	    0.192	  0.9  	UPK_169
-0.0058	 0.0864	 0.0576	  601.756	   61.694	  236.218	1.424	16	 ---	326.87791734181	0.0677	 59.76473935898	0.0649	2203437554221505664	  1.2476 	0.0748	 -1.694	0.158	 -2.194	0.136	0	     2437.9 	      4.0513 	17.2208	0.0018	      598.9  	       9.7076  	18.408 	0.0176	      2872.9 	     12.162   	16.1161	0.0046	 2.2919	   --- 	 --- 	   --- 	---   	---   	  --- 	    ---  	  0.3  	UPK_169
-0.1719	-0.0999	 0.0136	 2319.972	 1211.675	 1113.316	1.202	17	 ---	326.62567562446	0.024 	 59.74982911495	0.0221	2203448278763397376	  1.1738 	0.0243	 -2.21 	0.051	 -2.344	0.044	0	  1301900.0 	    561.16   	10.4019	0.0005	   701670.0  	     579.09    	10.7361	0.0009	    862640.0 	    774.84    	 9.9223	0.001 	 0.8137	   --- 	 --- 	5776.0 	---   	---   	  6.1 	   37.318	  0.9  	UPK_169
-0.1159	-0.2544	 0.0404	 3498.406	  613.932	 1261.299	1.32 	16	 ---	326.68971071986	0.0222	 60.01244242011	0.0243	2203456108479573248	  1.1898 	0.0255	 -2.051	0.048	 -2.669	0.05 	0	    28111.0 	      8.0353 	14.5662	0.0003	     9748.1  	      15.878   	15.3791	0.0018	     27354.0 	     21.687   	13.6694	0.0009	 1.7097	   --- 	 --- 	4207.77	---   	---   	  2.02	    1.155	  0.7  	UPK_169
 0.114 	-0.0101	-0.0378	 1256.319	  112.606	  224.415	1.336	16	 ---	326.52078378422	0.0552	 59.78459246599	0.0551	2203449034677625600	  1.1505 	0.0618	 -2.212	0.127	 -2.753	0.122	0	     3157.1 	      2.513  	16.9401	0.0009	     1076.8  	       9.5621  	17.7711	0.0096	      3140.0 	     13.992   	16.0196	0.0048	 1.7515	   --- 	 --- 	4059.44	---   	---   	  0.79	    0.152	  0.5  	UPK_169
 0.1986	-0.1046	 0.0008	  491.019	   65.503	  170.547	1.504	15	 ---	326.69103400021	0.0563	 60.02793008057	0.0653	2203456177199051776	  1.1957 	0.0672	 -2.061	0.139	 -2.241	0.148	0	     3428.2 	      6.9818 	16.8507	0.0022	      754.69 	      11.521   	18.157 	0.0166	      4399.6 	     25.797   	15.6534	0.0064	 2.5036	   --- 	 --- 	3585.82	---   	---   	  1.19	    0.21 	  0.7  	UPK_169
 0.0479	-0.0205	-0.0196	  801.28 	  158.478	  112.077	1.387	16	 ---	325.4279788554 	0.0241	 59.4377645912 	0.0247	2203459033361966976	  1.0858 	0.025 	 -1.625	0.053	 -2.711	0.049	0	    17548.0 	     21.901  	15.0778	0.0014	     6632.1  	      41.848   	15.7973	0.0069	     17703.0 	    157.95    	14.1418	0.0097	 1.6555	   --- 	 --- 	4379.07	---   	---   	  1.55	    0.795	  0.3  	UPK_169
-0.0891	-0.1117	 0.0978	 3527.416	 1070.867	 2108.507	1.214	17	 ---	326.69856110319	0.0209	 59.67188741952	0.0193	2203435325142051840	  1.1107 	0.0221	 -2.103	0.045	 -2.565	0.039	0	   409480.0 	    116.08   	11.6578	0.0003	   218700.0  	     204.22    	12.0018	0.001 	    278440.0 	    132.05    	11.1501	0.0005	 0.8517	   --- 	 --- 	5746.03	---   	---   	  3.66	   13.135	  0.9  	UPK_169
-0.0471	 0.065 	-0.1538	  481.988	   53.594	  138.229	1.459	16	 ---	326.53438017594	0.0751	 59.79944399987	0.0753	2203449614490785920	  1.2159 	0.0848	 -1.718	0.181	 -2.817	0.18 	0	     2061.8 	      4.2778 	17.4027	0.0023	      483.44 	       9.0204  	18.6405	0.0203	      2524.7 	     18.264   	16.2564	0.0079	 2.3841	   --- 	 --- 	   --- 	---   	---   	  --- 	    ---  	  0.5  	UPK_169
-0.0883	-0.1681	 0.0544	  860.564	  193.616	  348.617	1.378	17	 ---	326.76870091934	0.0243	 59.91092593497	0.0248	2203451749097129984	  1.1516 	0.0274	 -1.998	0.053	 -2.406	0.05 	0	    11247.0 	     13.069  	15.5608	0.0013	     3168.9  	      16.367   	16.5991	0.0056	     12325.0 	     35.353   	14.535 	0.0031	 2.0641	   --- 	 --- 	3958.56	2.3705	1.1962	  1.61	    0.574	  1.0  	UPK_169
 0.2096	 0.125 	 0.1176	  568.838	   76.054	  225.656	1.415	16	 ---	326.26964005041	0.0523	 59.65382411395	0.0565	2203440994498671104	  1.1863 	0.059 	 -1.756	0.129	 -2.567	0.13 	0	     3764.7 	      6.6182 	16.749 	0.0019	      964.86 	      12.687   	17.8902	0.0143	      4362.3 	     19.332   	15.6626	0.0048	 2.2276	   --- 	 --- 	3695.5 	---   	---   	  1.14	    0.217	  0.3  	UPK_169
-0.1154	-0.2234	 0.0245	 1023.544	  169.224	  332.581	1.352	17	 ---	326.67530947483	0.0311	 59.69171716868	0.0285	2203436149775766912	  1.1544 	0.0328	 -1.958	0.064	 -2.394	0.056	0	     8521.6 	      8.3256 	15.8621	0.0011	     2567.0  	      15.169   	16.8278	0.0064	      8955.5 	     26.927   	14.8817	0.0033	 1.9461	   --- 	 --- 	3798.0 	---   	---   	  1.6 	    0.482	  1.0  	UPK_169
 0.0936	 0.1916	 0.1057	  474.282	   44.382	  177.605	1.547	15	 ---	327.0162015993 	0.0933	 59.6542083383 	0.0828	2203432881296998656	  1.1943 	0.1035	 -1.83 	0.225	 -2.52 	0.182	0	     1833.2 	      3.8653 	17.5303	0.0023	      347.75 	       7.8354  	18.9982	0.0245	      2487.7 	     14.007   	16.2724	0.0061	 2.7258	   --- 	 --- 	   --- 	---   	---   	  --- 	    ---  	  0.6  	UPK_169
-0.3248	 0.4885	-0.0895	  495.011	   27.422	  104.808	1.67 	11	 ---	326.09032976413	0.128 	 59.62889312774	0.1617	2203443605838772480	  1.2576 	0.1817	 -1.675	0.377	 -2.559	0.262	0	     1651.5 	      3.3362 	17.6437	0.0022	      374.91 	      13.672   	18.9166	0.0396	      2383.0 	     22.736   	16.3191	0.0104	 2.5974	   --- 	 --- 	   --- 	---   	---   	  --- 	    ---  	  0.2  	UPK_169
-0.1496	-0.0679	-0.038 	 4341.653	  935.124	 1565.992	1.214	16	 ---	326.68020553413	0.0263	 59.56445352595	0.0238	2203431270692844544	  1.1365 	0.0265	 -2.061	0.057	 -2.457	0.047	0	   163780.0 	     37.723  	12.6527	0.0003	    86918.0  	      92.948   	13.0036	0.0012	    111830.0 	     71.414   	12.1405	0.0007	 0.8631	   --- 	 --- 	5783.0 	---   	---   	  2.23	    5.006	  1.0  	UPK_169
-0.1718	-0.0978	 0.0093	 4963.288	  799.265	 1543.32 	1.271	17	 ---	326.74462333171	0.0148	 59.76979040411	0.0138	2203438108280937728	  1.1064 	0.0154	 -2.653	0.032	 -2.5  	0.029	0	    55228.0 	     11.127  	13.833 	0.0002	    22942.0  	      28.703   	14.4498	0.0014	     47228.0 	     30.602   	13.0764	0.0007	 1.3734	   --- 	 --- 	5010.0 	---   	---   	  1.86	    1.963	  0.2  	UPK_169
-0.4478	-0.1367	 0.7904	  314.73 	   13.65 	   33.543	1.919	 7	 ---	326.53870738679	0.1651	 59.65939434634	0.4064	2203429999382499456	  1.1438 	0.2116	 -1.944	0.283	 -2.938	0.915	0	     3569.6 	     11.342  	16.8068	0.0034	     1638.7  	     120.06    	17.3151	0.0795	      5210.6 	    155.34    	15.4697	0.0324	 1.8454	   --- 	 --- 	4488.5 	---   	---   	  --- 	    ---  	  0.2  	UPK_169
-0.172 	-0.1421	-0.0484	 3248.099	 1155.597	 1852.824	1.207	17	 ---	326.54029311262	0.0216	 59.66023696058	0.0206	2203429999382499712	  1.1467 	0.0227	 -2.106	0.047	 -2.461	0.042	0	   794240.0 	    244.52   	10.9385	0.0003	   427890.0  	     370.27    	11.2731	0.0009	    530770.0 	    286.47    	10.4497	0.0006	 0.8234	   --- 	 --- 	5812.0 	---   	---   	  4.81	   23.804	  1.0  	UPK_169
-0.027 	 0.029 	 0.0508	  798.8  	   43.93 	  187.789	1.455	17	 ---	326.96804635662	0.0917	 59.70231459057	0.09  	2203433985112363648	  1.0798 	0.1024	 -2.07 	0.205	 -2.311	0.188	0	     1544.2 	      1.9331 	17.7166	0.0014	      334.53 	       7.6151  	19.0403	0.0247	      1912.0 	     10.181   	16.5582	0.0058	 2.4821	   --- 	 --- 	   --- 	---   	---   	  --- 	    ---  	  0.3  	UPK_169
-0.2557	-0.1466	 0.0009	 3663.34 	  962.421	  786.17 	1.169	17	 ---	326.91577426932	0.0263	 59.70036375078	0.0248	2203434019472097664	  1.1939 	0.0277	 -1.964	0.057	 -2.239	0.05 	0	 24782000.0 	   6764.8    	 7.203 	0.0003	 15454000.0  	   16058.0     	 7.3788	0.0011	  13512000.0 	  17187.0     	 6.9351	0.0014	 0.4437	   --- 	 --- 	7216.37	---   	---   	 16.66	  678.417	  0.7  	UPK_169
-0.0357	 0.0632	 0.0495	  614.764	   92.095	  264.297	1.377	16	 ---	326.85237621505	0.0453	 59.74040865359	0.0405	2203436940049847808	  1.2315 	0.0495	 -2.153	0.102	 -2.292	0.086	0	     5167.8 	      8.4061 	16.4051	0.0018	     1487.7  	      16.154   	17.4201	0.0118	      5629.6 	     21.3     	15.3857	0.0041	 2.0343	   --- 	 --- 	3739.5 	2.2178	1.126 	  1.23	    0.268	  0.8  	UPK_169
 0.0929	 0.146 	 0.2307	  921.006	  121.898	  294.857	1.379	14	 ---	325.37646471505	0.0545	 59.31532091862	0.0482	2203409624056842240	  1.245  	0.0613	 -1.762	0.128	 -2.811	0.097	0	     4618.8 	      5.0149 	16.527 	0.0012	     1348.8  	      11.065   	17.5265	0.0089	      5020.4 	     17.027   	15.5101	0.0037	 2.0165	   --- 	 --- 	3714.65	---   	---   	  1.18	    0.238	  0.2  	UPK_169
-0.2691	-0.192 	 0.0163	 3996.524	 1033.053	 2284.959	1.216	15	 ---	326.81846659148	0.0233	 59.75202428604	0.0226	2203437180568011264	  1.1126 	0.0253	 -2.006	0.051	 -2.421	0.045	0	   376060.0 	     94.097  	11.7502	0.0003	   202030.0  	     195.57    	12.0878	0.0011	    255410.0 	    111.78    	11.2438	0.0005	 0.844 	   --- 	 --- 	5777.33	---   	---   	  3.46	   11.998	  0.9  	UPK_169
-0.1619	-0.0548	-0.0306	 3345.291	  600.155	 1032.875	1.289	16	 ---	326.62219254285	0.018 	 59.62281230423	0.0157	2203434809745881984	  1.1553 	0.0178	 -2.085	0.039	 -2.448	0.031	0	    34894.0 	     10.431  	14.3315	0.0003	    13267.0  	      22.106   	15.0444	0.0018	     31711.0 	     30.702   	13.5089	0.0011	 1.5356	   --- 	 --- 	4424.0 	---   	---   	  1.99	    1.368	  1.0  	UPK_169
-0.2867	-0.1132	-0.0647	  555.055	   98.066	  201.856	1.427	15	 ---	326.18482677795	0.0601	 59.42132052814	0.0582	2203403194483887232	  1.3103 	0.067 	 -1.856	0.143	 -2.558	0.121	0	     4936.4 	      8.8935 	16.4548	0.002 	     1225.3  	      12.494   	17.6308	0.0111	      5817.7 	     28.821   	15.35  	0.0054	 2.2808	   --- 	 --- 	3854.23	---   	---   	  1.02	    0.209	  0.2  	UPK_169
-0.1819	-0.1313	 0.0013	 3911.223	 1068.127	 1597.749	1.243	17	 ---	326.63578227951	0.017 	 59.75229126713	0.0154	2203448278763488384	  1.13   	0.0175	 -2.002	0.036	 -2.88 	0.031	0	   121020.0 	     30.942  	12.9812	0.0003	    55750.0  	      52.194   	13.4858	0.001 	     94735.0 	     59.293   	12.3206	0.0007	 1.1651	   --- 	 --- 	4882.0 	---   	---   	  2.88	    4.248	  0.4  	UPK_169
-0.1314	-0.0187	 0.0074	 2397.144	  558.71 	  801.643	1.307	17	 ---	326.72858734765	0.0185	 59.77214251181	0.0166	2203438142640674432	  1.1763 	0.0193	 -1.964	0.042	 -2.331	0.035	0	    25595.0 	     10.678  	14.668 	0.0005	     9183.2  	      16.436   	15.4439	0.0019	     24273.0 	     30.279   	13.7991	0.0014	 1.6448	   --- 	 --- 	4235.66	---   	---   	  1.91	    1.06 	  1.0  	UPK_169
-0.1208	-0.0818	 0.0459	 5272.636	 1096.966	 1327.051	1.228	17	 ---	326.69194831742	0.021 	 59.76530314509	0.0199	2203436660868178944	  1.1538 	0.0217	 -1.987	0.045	 -1.922	0.041	0	   258280.0 	     48.984  	12.1581	0.0002	   130280.0  	     118.77    	12.5641	0.001 	    186780.0 	    140.75    	11.5836	0.0008	 0.9806	   --- 	 --- 	5328.0 	---   	---   	  3.32	    7.995	  0.6  	UPK_169
-0.0689	 0.0001	-0.0237	  721.641	   59.272	  201.379	1.448	17	 ---	326.82569128378	0.0709	 59.68703341931	0.0676	2203433778953838848	  1.0945 	0.0785	 -2.193	0.16 	 -2.316	0.145	0	     2028.1 	      2.8104 	17.4207	0.0015	      484.73 	       8.178   	18.6376	0.0183	      2451.1 	     12.171   	16.2885	0.0054	 2.3491	   --- 	 --- 	   --- 	---   	---   	  --- 	    ---  	  0.5  	UPK_169
-0.1807	-0.1569	 0.0235	  922.266	   60.794	  161.577	1.374	16	 ---	328.6276933628 	0.092 	 59.89689578533	0.0935	2202749947137872128	  1.3983 	0.1026	 -2.18 	0.194	 -2.217	0.193	0	     1406.2 	      1.5248 	17.8182	0.0012	      356.86 	       5.87    	18.9701	0.0179	      1575.2 	      9.7486  	16.7686	0.0067	 2.2015	   --- 	 --- 	   --- 	---   	---   	  --- 	    ---  	  0.2  	UPK_169
-0.1954	-0.3345	 0.1539	  832.741	   77.513	  192.158	1.414	15	 ---	327.5327418038 	0.0898	 59.41112238193	0.0809	2202754486931651328	  1.1015 	0.098 	 -1.973	0.196	 -2.514	0.149	0	     2045.9 	      2.4568 	17.4112	0.0013	      507.95 	       6.5531  	18.5868	0.014 	      2385.1 	     12.412   	16.3182	0.0056	 2.2687	   --- 	 --- 	   --- 	---   	---   	  --- 	    ---  	  0.6  	UPK_169
-0.2534	 0.0227	-0.0427	  413.503	  132.18 	  381.756	1.374	16	 ---	328.04803381723	0.2115	 59.76516837847	0.2419	2202768918022330112	  1.1938 	0.2543	 -1.854	0.501	 -2.025	0.492	0	     3016.9 	      7.2959 	16.9895	0.0026	     1037.8  	       7.8514  	17.8111	0.0082	      3106.8 	      8.1383  	16.0311	0.0028	 1.78  	   --- 	 --- 	4104.24	1.3668	0.668 	  --- 	    ---  	  0.2  	UPK_169
-0.1856	-0.1779	 0.0502	 1256.748	  111.347	  191.515	1.332	16	 ---	328.67856395419	0.0649	 59.88938739449	0.0648	2202750088884696192	  1.0591 	0.0711	 -1.697	0.136	 -2.019	0.133	0	     2492.8 	      1.9835 	17.1967	0.0009	      849.42 	       7.6286  	18.0286	0.0098	      2469.9 	     12.897   	16.2802	0.0057	 1.7484	   --- 	 --- 	   --- 	---   	---   	  --- 	    ---  	  0.4  	UPK_169
-0.1708	-0.2004	 0.0969	 1242.259	  157.599	  440.997	1.351	17	 ---	326.16397950152	0.0242	 60.0106169921 	0.0275	2203505968765274240	  1.155  	0.0276	 -2.087	0.053	 -2.422	0.051	0	    13548.0 	     10.906  	15.3587	0.0009	     4266.4  	      27.071   	16.2762	0.0069	     14043.0 	     31.844   	14.3933	0.0025	 1.883 	   --- 	 --- 	3859.5 	---   	---   	  1.92	    0.735	  1.0  	UPK_169
-0.2239	-0.0995	-0.112 	 2264.071	  432.375	  539.461	1.285	17	 ---	325.88022155751	0.02  	 60.11728573352	0.0186	2203516104888063872	  1.1846 	0.0213	 -1.945	0.044	 -2.438	0.038	0	    23935.0 	     10.572  	14.7408	0.0005	     9381.7  	      21.698   	15.4207	0.0025	     21379.0 	     39.63    	13.937 	0.002 	 1.4837	   --- 	 --- 	4622.11	---   	---   	  1.42	    0.826	  1.0  	UPK_169
-0.1176	 0.0278	 0.0558	  737.52 	  148.131	  294.233	1.401	15	 ---	325.9542832683 	0.0444	 60.09569342821	0.0454	2203513386163564544	  1.0846 	0.0532	 -1.67 	0.106	 -2.309	0.085	0	     5358.9 	      7.2661 	16.3657	0.0015	     1502.8  	      10.145   	17.4091	0.0073	      6006.2 	     20.413   	15.3154	0.0037	 2.0937	   --- 	 --- 	3785.56	2.664 	1.359 	  1.37	    0.347	  0.3  	UPK_169
 0.0185	-0.0912	 0.0209	 3942.669	  788.708	 1168.802	1.252	17	 ---	327.46227629631	0.0147	 59.94267103293	0.015 	2203536102254472192	  1.1488 	0.0164	 -1.905	0.032	 -2.238	0.031	0	    38461.0 	      9.7551 	14.2258	0.0003	    17304.0  	      21.94    	14.756 	0.0014	     30856.0 	     26.4     	13.5386	0.0009	 1.2174	   --- 	 --- 	4831.85	0.8905	0.4475	  1.64	    1.324	  1.0  	UPK_169
-0.0411	 0.0806	 0.0607	  784.808	   71.61 	  231.717	1.428	15	 ---	325.98799998287	0.0593	 60.09391592317	0.0597	2203513218670051200	  1.2274 	0.0699	 -1.715	0.139	 -2.328	0.117	0	     2904.0 	      3.7003 	17.0309	0.0014	      674.07 	       9.413   	18.2796	0.0152	      3471.9 	     14.983   	15.9105	0.0047	 2.3691	   --- 	 --- 	3945.0 	---   	---   	  0.78	    0.132	  0.3  	UPK_169
 0.1317	-0.0303	 0.0931	  689.617	  104.763	  353.983	1.467	16	 ---	326.51733646452	0.0926	 60.02087590834	0.1021	2203503082544033536	  1.3031 	0.109 	 -2.123	0.224	 -2.92 	0.231	0	     4432.3 	      6.4272 	16.5718	0.0016	     1172.4  	      11.191   	17.6787	0.0104	      5328.8 	     15.054   	15.4453	0.0031	 2.2333	   --- 	 --- 	3994.4 	---   	---   	  0.87	    0.172	  0.1  	UPK_169
-0.0083	-0.0688	 0.1132	  615.147	   35.021	  144.004	1.488	14	 ---	326.03411375226	0.0821	 59.93543227101	0.1018	2203498650140934400	  1.07   	0.1049	 -2.073	0.198	 -2.498	0.181	0	     1469.7 	      2.3892 	17.7703	0.0018	      302.42 	       8.6354  	19.1498	0.031 	      1884.0 	     13.083   	16.5742	0.0075	 2.5756	   --- 	 --- 	   --- 	---   	---   	  --- 	    ---  	  0.6  	UPK_169
-0.0861	-0.204 	-0.0436	 1651.439	  265.741	  669.825	1.38 	17	 ---	326.96386183794	0.0409	 59.91149452403	0.0421	2203533250395977088	  1.155  	0.0466	 -1.946	0.088	 -2.739	0.084	0	     8482.6 	      5.1365 	15.867 	0.0007	     2360.3  	       8.8819  	16.919 	0.0041	      9347.8 	     13.956   	14.8351	0.0016	 2.0838	   --- 	 --- 	4264.82	2.7858	1.3527	  1.1 	    0.359	  0.6  	UPK_169
-0.0942	-0.2026	-0.0322	 4578.723	  711.455	 1558.816	1.28 	17	 ---	326.91172338554	0.0136	 59.91956050443	0.0137	2203544657829112832	  1.1348 	0.0152	 -1.847	0.028	 -2.574	0.027	0	    45165.0 	      9.864  	14.0514	0.0002	    17978.0  	      25.269   	14.7146	0.0015	     39852.0 	     25.565   	13.2608	0.0007	 1.4538	   --- 	 --- 	4416.94	---   	---   	  2.32	    1.841	  0.7  	UPK_169
-0.1753	 0.083 	 0.014 	  321.744	   30.792	  128.067	1.567	15	 ---	326.0718545681 	0.1091	 59.76543243782	0.1302	2203492323644891264	  1.0781 	0.128 	 -2.167	0.286	 -2.559	0.258	0	     1362.1 	      4.2336 	17.8528	0.0034	      193.06 	       6.27    	19.6371	0.0353	      1941.3 	     15.158   	16.5417	0.0085	 3.0954	   --- 	 --- 	   --- 	---   	---   	  --- 	    ---  	  0.2  	UPK_169
-0.135 	-0.003 	-0.0469	  552.686	   35.598	  158.747	1.527	15	 ---	325.40053447734	0.0855	 59.95100758626	0.1022	2203490846176249728	  1.1353 	0.1009	 -2.054	0.226	 -2.147	0.222	0	     1939.9 	      3.51   	17.4689	0.002 	      318.19 	       8.9383  	19.0947	0.0305	      2643.5 	     16.652   	16.2065	0.0068	 2.8882	   --- 	 --- 	   --- 	---   	---   	  --- 	    ---  	  0.7  	UPK_169
-0.0435	-0.1931	-0.0481	 2715.445	  519.465	 1321.611	1.287	17	 ---	326.96824397245	0.0195	 59.8334880681 	0.0175	2203531635488280832	  1.1595 	0.0202	 -2.116	0.039	 -2.34 	0.034	0	    26022.0 	      9.583  	14.65  	0.0004	    10162.0  	      19.562   	15.334 	0.0021	     23335.0 	     17.657   	13.8419	0.0008	 1.4921	   --- 	 --- 	4411.0 	2.034 	1.0235	  1.73	    1.019	  1.0  	UPK_169
-0.2642	-0.1695	 0.018 	 3963.308	  952.808	 1187.362	1.231	17	 ---	327.38039742304	0.0197	 60.10811547458	0.0217	2203542115208747648	  1.1488 	0.0218	 -1.929	0.043	 -2.158	0.044	0	   126240.0 	     31.852  	12.9354	0.0003	    62373.0  	      65.463   	13.3639	0.0011	     92984.0 	     78.312   	12.3409	0.0009	 1.023 	   --- 	 --- 	5233.66	---   	---   	  2.43	    3.995	  0.9  	UPK_169
-0.005 	-0.1902	-0.0076	  687.8  	  154.836	  258.788	1.389	17	 ---	325.17122637733	0.0267	 59.7226799385 	0.0269	2203480886155595392	  1.134  	0.0287	 -2.403	0.058	 -2.565	0.054	0	    10348.0 	     15.045  	15.6512	0.0016	     2791.4  	      18.028   	16.7368	0.007 	     11584.0 	     44.763   	14.6023	0.0042	 2.1346	   --- 	 --- 	3844.5 	2.7483	1.3665	  1.73	    0.588	  0.3  	UPK_169
-0.0953	-0.1104	-0.0596	 2257.199	  451.767	 1004.233	1.34 	17	 ---	326.43263172797	0.0189	 59.95973753648	0.02  	2203501227121393792	  1.1029 	0.0213	 -1.997	0.041	 -2.258	0.043	0	    20015.0 	      8.8672 	14.935 	0.0005	     6412.6  	      14.194   	15.8338	0.0024	     20412.0 	     20.326   	13.9872	0.0011	 1.8466	   --- 	 --- 	3910.0 	2.0933	1.0885	  2.34	    1.15 	  1.0  	UPK_169
 0.0901	 0.0073	 0.0436	  437.654	   69.705	  188.629	1.538	17	 ---	327.41251206653	0.1835	 59.89508148381	0.1877	2203535724287585280	  1.1575 	0.2045	 -1.865	0.43 	 -2.585	0.399	0	     1622.0 	      3.7062 	17.6632	0.0025	      670.92 	       9.6251  	18.2847	0.0156	      1824.5 	      9.6724  	16.6091	0.0058	 1.6757	   --- 	 --- 	   --- 	---   	---   	  --- 	    ---  	  0.4  	UPK_169
-0.2809	-0.2789	 0.0248	  696.567	  157.84 	  239.587	1.434	15	 ---	326.09589758439	0.0359	 60.07185398198	0.0391	2203518132112645504	  1.1295 	0.0421	 -2.434	0.08 	 -2.016	0.077	0	     8345.2 	     11.98   	15.8848	0.0016	     2225.3  	      14.098   	16.9829	0.0069	      9739.9 	     40.653   	14.7905	0.0045	 2.1924	   --- 	 --- 	3969.15	2.7383	1.3803	  1.4 	    0.439	  0.1  	UPK_169
-0.136 	-0.207 	 0.0227	 2627.206	  318.883	  763.167	1.338	17	 ---	326.26099113296	0.0217	 60.1728136842 	0.023 	2203520331135964672	  1.1977 	0.0248	 -1.891	0.047	 -2.453	0.044	0	    18707.0 	      7.1207 	15.0083	0.0004	     5978.6  	      18.749   	15.9099	0.0034	     19046.0 	     24.956   	14.0624	0.0014	 1.8475	   --- 	 --- 	4060.0 	---   	---   	  1.84	    0.828	  0.8  	UPK_169
-0.0351	-0.0536	 0.0281	  508.487	   36.068	  165.035	1.588	14	 ---	325.50494177086	0.0923	 59.94526554123	0.1233	2203489957126756480	  1.2276 	0.1095	 -2.064	0.241	 -2.441	0.275	0	     1470.6 	      2.8922 	17.7696	0.0021	      293.7  	       8.143   	19.1816	0.0301	      2041.8 	     12.372   	16.4869	0.0066	 2.6947	   --- 	 --- 	   --- 	---   	---   	  --- 	    ---  	  0.2  	UPK_169
-0.0693	-0.0253	 0.104 	 2271.051	  990.42 	 1070.183	1.219	14	 ---	325.77469735379	0.0301	 59.58272752091	0.0323	2203466004084735488	  1.1594 	0.0313	 -1.536	0.065	 -2.301	0.056	0	   285960.0 	    125.92   	12.0476	0.0005	   153760.0  	     155.25    	12.3842	0.0011	    194710.0 	    181.94    	11.5384	0.001 	 0.8458	   --- 	 --- 	5760.0 	---   	---   	  2.91	    8.41 	  0.2  	UPK_169
-0.2715	-0.0644	-0.0216	 2992.913	  726.454	  834.228	1.23 	14	 ---	325.90705891201	0.0318	 59.71695733696	0.0401	2203469302619612544	  1.0859 	0.0356	 -2.473	0.065	 -2.352	0.066	0	   280490.0 	     93.717  	12.0686	0.0004	   146380.0  	     201.5     	12.4377	0.0015	    198640.0 	    238.11    	11.5168	0.0013	 0.9209	   --- 	 --- 	5361.84	---   	---   	  3.62	    9.758	  0.1  	UPK_169
 0.0951	 0.0477	 0.1449	  502.322	   27.454	  139.38 	1.495	16	 ---	326.3547737533 	0.1014	 59.96104324171	0.1077	2203501360256204800	  1.2365 	0.118 	 -1.97 	0.239	 -2.586	0.218	0	     1438.8 	      2.8643 	17.7934	0.0022	      285.17 	      10.387   	19.2136	0.0395	      1865.3 	     13.383   	16.5851	0.0078	 2.6286	   --- 	 --- 	   --- 	---   	---   	  --- 	    ---  	  0.5  	UPK_169
-0.1065	-0.159 	-0.0154	 4249.329	  856.792	 1052.824	1.299	17	 ---	326.83833201211	0.0124	 59.92799937406	0.0128	2203545551182306176	  1.1384 	0.0137	 -2.05 	0.026	 -2.182	0.025	0	    64509.0 	     15.181  	13.6643	0.0003	    23556.0  	      27.493   	14.4211	0.0013	     60219.0 	     57.197   	12.8126	0.001 	 1.6085	   --- 	 --- 	4393.0 	---   	---   	  2.81	    2.641	  0.9  	UPK_169
 0.0447	-0.0348	 0.0079	  693.67 	  151.69 	  288.234	1.368	16	 ---	327.23597679158	0.0352	 59.76675491852	0.0363	2203527581039189248	  1.0796 	0.0393	 -1.833	0.079	 -2.303	0.074	0	     6688.6 	      9.6424 	16.125 	0.0016	     2146.7  	      14.152   	17.022 	0.0072	      7005.5 	     24.305   	15.1483	0.0038	 1.8736	   --- 	 --- 	3876.33	---   	---   	  1.42	    0.41 	  0.7  	UPK_169
 0.0345	-0.2713	 0.1553	  574.727	   33.541	   34.518	1.928	16	 ---	328.33665765743	0.116 	 60.33596113537	0.1119	2202822416130769024	  1.383  	0.1321	 -2.218	0.223	 -2.315	0.214	0	     9650.8 	     16.792  	15.727 	0.0019	     6909.5  	     206.0     	15.7528	0.0324	     11701.0 	    338.98    	14.5914	0.0315	 1.1614	   --- 	 --- 	5143.45	---   	---   	  --- 	    ---  	  0.1  	UPK_169
-0.1083	-0.1118	 0.0207	  594.741	   79.394	  254.034	1.387	18	 ---	328.52285186153	0.0474	 60.0881817495 	0.0512	2202802968523759104	  1.2221 	0.0544	 -1.941	0.102	 -2.188	0.104	0	     3834.1 	      6.4466 	16.7292	0.0018	     1143.0  	      14.396   	17.7063	0.0137	      4174.6 	     16.433   	15.7104	0.0043	 1.9959	   --- 	 --- 	3851.73	2.0923	1.0457	  0.97	    0.187	  0.7  	UPK_169
-0.1708	-0.3448	 0.1024	 4891.061	  774.155	 1676.127	1.265	16	 ---	329.81301866746	0.0147	 59.26198019383	0.0148	2202845712035887360	  1.2234 	0.0171	 -1.89 	0.032	 -2.789	0.03 	0	    51816.0 	     10.594  	13.9022	0.0002	    22022.0  	      28.446   	14.4943	0.0014	     43542.0 	     25.978   	13.1646	0.0006	 1.3296	   --- 	 --- 	4735.31	---   	---   	  1.89	    1.616	  0.1  	UPK_169
 0.0239	-0.1633	 0.1081	  432.252	   51.048	  142.817	1.419	15	 ---	328.15234483252	0.0764	 60.13698166071	0.0908	2202812829768454528	  1.2318 	0.0925	 -1.716	0.169	 -2.059	0.187	0	     2262.7 	      5.2347 	17.3018	0.0025	      549.84 	      10.771   	18.5008	0.0213	      2661.5 	     18.636   	16.1991	0.0076	 2.3017	   --- 	 --- 	   --- 	---   	---   	  --- 	    ---  	  0.2  	UPK_169
-0.3649	-0.3727	 0.1569	 2962.573	  925.047	  896.884	1.191	13	 ---	328.19427749042	0.0402	 60.09247239566	0.032 	2202809531228021888	  1.1479 	0.0379	 -1.892	0.079	 -2.103	0.058	1	  1149500.0 	    388.01   	10.5371	0.0004	   680240.0  	     735.36    	10.7697	0.0012	    688860.0 	    768.05    	10.1666	0.0012	 0.6031	   --- 	 --- 	6631.33	---   	---   	  4.4 	   33.74 	  0.7  	UPK_169
-0.1831	-0.3175	 0.0681	 3277.671	  414.775	  911.411	1.323	17	 ---	327.0468749064 	0.0181	 60.03590055059	0.0196	2203547127425323904	  1.1579 	0.0218	 -1.82 	0.041	 -2.433	0.037	0	    22881.0 	      6.9809 	14.7897	0.0003	     7595.9  	      18.313   	15.6499	0.0026	     22686.0 	     24.89    	13.8725	0.0012	 1.7774	   --- 	 --- 	4075.0 	2.2857	1.1703	  2.08	    1.073	  0.7  	UPK_169
 0.0299	-0.1253	 0.0492	 1097.762	  230.641	  253.601	1.422	17	 ---	326.68581518406	0.0364	 60.16058654322	0.0368	2203598568260146688	  1.185  	0.0407	 -2.336	0.086	 -2.658	0.075	0	    11006.0 	     10.026  	15.5843	0.001 	     3128.7  	      13.565   	16.613 	0.0047	     12518.0 	     49.359   	14.5181	0.0043	 2.0949	   --- 	 --- 	3726.75	2.894 	1.423 	  1.89	    0.621	  0.4  	UPK_169
-0.0376	-0.2348	-0.1046	 2731.187	  651.614	  517.263	1.324	17	 ---	326.99787920795	0.0148	 60.1288153348 	0.0155	2203551495417192832	  1.1618 	0.0172	 -1.608	0.033	 -2.474	0.032	0	    36522.0 	     13.372  	14.282 	0.0004	    14030.0  	      21.531   	14.9837	0.0017	     34315.0 	     66.339   	13.4232	0.0021	 1.5605	   --- 	 --- 	4427.0 	---   	---   	  2.02	    1.414	  0.2  	UPK_169
-0.2443	-0.2651	-0.001 	 2283.197	  470.249	  672.389	1.308	17	 ---	327.35428853543	0.0206	 60.25846504978	0.0221	2203557027335283712	  1.1508 	0.0237	 -1.848	0.047	 -2.01 	0.043	0	    18716.0 	      8.1972 	15.0078	0.0005	     6863.4  	      14.595   	15.76  	0.0023	     17619.0 	     26.203   	14.147 	0.0016	 1.6131	   --- 	 --- 	4297.55	2.1507	1.0635	  1.6 	    0.785	  0.6  	UPK_169
-0.1504	-0.1474	-0.065 	  372.336	  104.952	  115.271	1.389	17	 ---	327.02083536849	0.034 	 60.23599152269	0.0343	2203553213404197888	  1.2122 	0.0384	 -1.962	0.084	 -2.295	0.072	0	     6607.1 	     17.745  	16.1383	0.0029	     1879.2  	      17.905   	17.1665	0.0103	      7297.8 	     63.31    	15.1039	0.0094	 2.0625	   --- 	 --- 	4000.95	2.702 	1.3698	  1.13	    0.297	  0.9  	UPK_169
-0.0604	-0.1952	 0.0316	 2835.117	  903.3  	 1144.654	1.24 	17	 ---	326.6739975875 	0.0189	 60.1034832968 	0.0209	2203597537467999616	  1.1881 	0.0222	 -2.151	0.042	 -2.132	0.04 	0	  1784100.0 	    629.29   	10.0598	0.0004	   787150.0  	     871.42    	10.6112	0.0012	   1425600.0 	   1245.4     	 9.377 	0.0009	 1.2343	   --- 	 --- 	4982.26	0.129 	0.062 	  9.98	   55.33 	  0.8  	UPK_169
-0.1247	-0.1745	-0.0449	  857.582	  207.874	  298.186	1.346	17	 ---	327.05953504503	0.0189	 60.046213942  	0.0198	2203547922004416384	  1.1375 	0.0216	 -1.9  	0.041	 -2.322	0.039	0	    16685.0 	     19.456  	15.1325	0.0013	     5490.3  	      26.412   	16.0024	0.0052	     16963.0 	     56.888   	14.1881	0.0036	 1.8142	   --- 	 --- 	3956.25	2.3003	1.1797	  1.99	    0.874	  1.0  	UPK_169
-0.1483	-0.1391	-0.0362	 3735.186	 1049.696	 2044.059	1.259	17	 ---	326.83403077988	0.0181	 60.04233032457	0.0189	2203549674350971648	  1.1339 	0.02  	 -2.081	0.039	 -2.277	0.037	0	   141540.0 	     37.895  	12.8111	0.0003	    63192.0  	      60.2     	13.3497	0.001 	    115020.0 	     56.272   	12.1099	0.0005	 1.2398	   --- 	 --- 	4895.97	---   	---   	  3.08	    4.918	  1.0  	UPK_169
-0.1015	-0.3075	 0.0408	 1867.058	  245.302	  701.864	1.335	16	 ---	324.96929550509	0.0284	 59.89712640957	0.03  	2203674228402480768	  1.2312 	0.0332	 -2.463	0.064	 -2.659	0.058	0	    12846.0 	      6.8806 	15.4164	0.0006	     4103.0  	      16.726   	16.3186	0.0044	     13050.0 	     18.593   	14.4729	0.0015	 1.8457	   --- 	 --- 	4089.0 	---   	---   	  1.45	    0.528	  0.1  	UPK_169
-0.087 	-0.3146	-0.0085	 2094.561	  314.464	 1069.101	1.316	16	 ---	326.94660461549	0.0247	 60.3918607306 	0.0249	2203610628528507136	  1.1699 	0.0284	 -1.993	0.055	 -2.078	0.052	0	    20431.0 	      9.7541 	14.9127	0.0005	     7199.9  	      22.896   	15.7081	0.0035	     19689.0 	     18.417   	14.0263	0.001 	 1.6817	   --- 	 --- 	4234.0 	---   	---   	  1.72	    0.856	  0.6  	UPK_169
-0.0555	-0.0426	 0.0128	  561.152	   39.093	  181.911	1.458	14	 ---	325.03643747308	0.0876	 59.95331595374	0.0833	2203674846877862272	  1.2175 	0.0948	 -2.074	0.216	 -2.479	0.17 	0	     2247.7 	      4.0054 	17.309 	0.0019	      480.09 	      12.281   	18.6481	0.0278	      2796.8 	     15.375   	16.1453	0.006 	 2.5028	   --- 	 --- 	   --- 	---   	---   	  --- 	    ---  	  0.5  	UPK_169
 0.4467	 0.077 	 0.3524	 1019.494	  105.801	  373.609	1.334	15	 ---	327.46442169535	0.0463	 60.8927476074 	0.0501	2203660175271888896	  1.1653 	0.0531	 -2.049	0.101	 -1.857	0.111	0	     5096.1 	      4.9987 	16.4203	0.0011	     1672.1  	      15.804   	17.2932	0.0103	      5127.9 	     13.725   	15.4871	0.0029	 1.8062	   --- 	 --- 	3990.75	---   	---   	  1.04	    0.248	  0.4  	UPK_169
-0.3785	 0.2717	-0.2929	 3777.315	 1016.304	 1467.508	1.222	15	 ---	327.12921910971	0.0294	 60.6751054858 	0.0277	2203650348386503552	  1.169  	0.0303	 -1.926	0.072	 -2.01 	0.067	0	   459300.0 	    121.59   	11.5331	0.0003	   239850.0  	     236.0     	11.9015	0.0011	    321490.0 	    219.07    	10.994 	0.0007	 0.9075	   --- 	 --- 	5474.0 	---   	---   	  4.1 	   13.609	  0.5  	UPK_169
-0.2041	-0.1055	-0.041 	  411.986	   21.454	   38.316	2.138	14	 ---	324.91951136   	0.3013	 60.25692790424	0.3342	2203700032556821888	  1.2673 	0.3689	 -1.754	0.725	 -2.125	0.627	0	     1636.2 	      3.9716 	17.6537	0.0026	     1070.0  	      49.874   	17.7779	0.0506	      2428.4 	     63.378   	16.2986	0.0283	 1.4793	   --- 	 --- 	   --- 	---   	---   	  --- 	    ---  	  0.1  	UPK_169
-0.2041	-0.0332	-0.187 	 5058.389	  796.351	 1912.322	1.224	17	 ---	325.1730605153 	0.0151	 60.428272194  	0.0147	2203726180327485696	  1.1095 	0.0165	 -2.243	0.032	 -2.711	0.031	0	   102020.0 	     20.169  	13.1666	0.0002	    51295.0  	      64.412   	13.5762	0.0014	     73553.0 	     38.463   	12.5954	0.0006	 0.9808	   --- 	 --- 	5332.0 	---   	---   	  2.16	    3.413	  0.4  	UPK_169
-0.2563	-0.3947	 0.0205	 1847.032	  603.964	  809.869	1.262	15	 ---	324.93682558832	0.0183	 60.16480960109	0.0162	2203695462720941056	  1.1823 	0.0203	 -1.9  	0.039	 -2.53 	0.031	0	    79327.0 	     42.949  	13.4398	0.0006	    33166.0  	      54.913   	14.0497	0.0018	     66937.0 	     82.651   	12.6978	0.0013	 1.3519	   --- 	 --- 	4832.38	---   	---   	  2.29	    2.577	  0.9  	UPK_169
-0.0513	 0.1557	 0.0515	  309.499	   25.565	  133.067	1.561	16	 ---	325.10218131734	0.1067	 60.41993121473	0.0926	2203702712625973376	  1.3742 	0.1122	 -1.714	0.242	 -2.357	0.197	0	     1294.0 	      4.1809 	17.9086	0.0035	      216.5  	       8.4688  	19.5127	0.0425	      1803.0 	     13.549   	16.6219	0.0082	 2.8908	   --- 	 --- 	   --- 	---   	---   	  --- 	    ---  	  0.1  	UPK_169
-0.1084	-0.0136	-0.1876	 4250.865	  824.393	 1080.959	1.25 	16	 ---	325.41058332131	0.0162	 60.37286106361	0.0146	2203722160238127104	  1.1718 	0.0165	 -2.135	0.036	 -2.479	0.032	0	    80261.0 	     18.881  	13.4271	0.0003	    35058.0  	      42.525   	13.9894	0.0013	     65290.0 	     60.4     	12.7248	0.001 	 1.2646	   --- 	 --- 	4903.12	---   	---   	  2.24	    2.607	  1.0  	UPK_169
-0.0333	-0.0483	 0.0489	 4561.079	  585.919	  882.608	1.271	17	 ---	324.72349261703	0.0153	 60.81106336289	0.0166	2203796549072945280	  1.1815 	0.0175	 -2.057	0.034	 -2.452	0.031	0	    50255.0 	     11.018  	13.9354	0.0002	    21635.0  	      36.925   	14.5135	0.0019	     42254.0 	     47.875   	13.1972	0.0012	 1.3162	   --- 	 --- 	4768.5 	---   	---   	  1.89	    1.664	  1.0  	UPK_169
-0.0253	-0.2777	 0.1676	 3356.913	 1089.833	 1558.505	1.198	14	 ---	324.16434876071	0.0271	 60.39632612136	0.0279	2203760196469082880	  1.1547 	0.0308	 -2.066	0.059	 -2.626	0.047	0	   394720.0 	    117.58   	11.6977	0.0003	   241730.0  	     221.8     	11.8931	0.001 	    231180.0 	    148.34    	11.352 	0.0007	 0.541 	   --- 	 --- 	7168.0 	1.064 	0.5295	  2.2 	   11.535	  0.8  	UPK_169
-0.1467	-0.1254	-0.016 	 2563.355	  517.189	 1363.872	1.302	17	 ---	325.52417994111	0.0197	 60.83120940526	0.0202	2203788611973669376	  1.2441 	0.0213	 -1.894	0.044	 -1.97 	0.039	0	    21247.0 	      8.2887 	14.8701	0.0004	     7782.3  	      15.047   	15.6236	0.0021	     19872.0 	     14.57    	14.0163	0.0008	 1.6073	   --- 	 --- 	4246.6 	---   	---   	  1.63	    0.782	  0.3  	UPK_169
-0.1072	-0.2707	 0.1133	 2752.832	 1375.008	 1354.668	1.188	15	 ---	325.21827144141	0.0287	 60.98896307415	0.0273	2203804761050652288	  1.1969 	0.0331	 -2.036	0.058	 -2.393	0.052	1	  1292800.0 	    469.64   	10.4095	0.0004	   771960.0  	     561.42    	10.6324	0.0008	    763900.0 	    563.9     	10.0543	0.0008	 0.5781	   --- 	 --- 	6642.87	1.387 	0.7143	  4.46	   34.908	  1.0  	UPK_169
-0.2138	-0.2489	 0.0195	 3472.366	  697.609	  861.545	1.296	16	 ---	326.26233854024	0.0185	 60.48934193835	0.0194	2203808746778694272	  1.2159 	0.0218	 -1.983	0.04 	 -2.454	0.034	0	    38035.0 	     10.954  	14.2379	0.0003	    14366.0  	      20.593   	14.958 	0.0016	     34920.0 	     40.531   	13.4042	0.0013	 1.5538	   --- 	 --- 	4448.69	---   	---   	  1.94	    1.332	  0.9  	UPK_169
 0.1023	-0.2112	 0.1212	 1167.014	  196.638	  460.987	1.3  	18	 ---	327.16489807389	0.0376	 61.31382806902	0.0387	2203871659460665728	  1.1731 	0.0427	 -2.037	0.08 	 -2.195	0.075	0	     5495.6 	      4.7091 	16.3383	0.0009	     1994.6  	      10.144   	17.1017	0.0055	      5150.0 	     11.172   	15.4824	0.0024	 1.6193	   --- 	 --- 	4477.36	1.262 	0.625 	  0.75	    0.204	  0.9  	UPK_169
 0.016 	-0.0463	 0.3158	  586.274	   23.915	  136.657	1.537	14	 ---	326.40554050514	0.1195	 60.84538571269	0.1505	2203834821517593728	  1.165  	0.1586	 -2.15 	0.273	 -2.161	0.284	0	     1372.2 	      2.3405 	17.8448	0.0019	      233.96 	       9.7829  	19.4285	0.0454	      1875.5 	     13.724   	16.5791	0.0079	 2.8494	   --- 	 --- 	   --- 	---   	---   	  --- 	    ---  	  0.4  	UPK_169
 0.1649	-0.0098	 0.0444	  808.554	  101.831	  109.665	1.335	14	 ---	326.2290285519 	0.0924	 61.26678634933	0.094 	2203895225939848064	  1.0612 	0.1048	 -1.731	0.197	 -2.604	0.186	0	     1731.1 	      2.141  	17.5925	0.0013	      596.97 	       5.8624  	18.4115	0.0107	      1713.5 	     15.625   	16.6772	0.0099	 1.7343	   --- 	 --- 	   --- 	---   	---   	  --- 	    ---  	  0.2  	UPK_169
-0.0128	-0.1765	 0.1589	 1868.271	  202.829	  554.683	1.288	18	 ---	328.63078256757	0.0363	 60.87822981007	0.037 	2203976559741713920	  1.1095 	0.042 	 -1.498	0.072	 -2.472	0.072	0	     6594.4 	      3.5297 	16.1404	0.0006	     2529.7  	      12.472   	16.8437	0.0054	      5960.7 	     10.746   	15.3237	0.002 	 1.52  	   --- 	 --- 	4467.5 	---   	---   	  0.88	    0.275	  0.2  	UPK_169
 0.2314	-0.0241	 0.2559	  359.582	   39.794	  120.579	1.466	15	 ---	328.39315119407	0.0772	 60.90033017641	0.074 	2203974498157279360	  1.1791 	0.0924	 -1.756	0.139	 -2.42 	0.138	0	     2022.5 	      5.6247 	17.4236	0.003 	      561.15 	      14.101   	18.4787	0.0273	      2404.6 	     19.942   	16.3093	0.009 	 2.1694	   --- 	 --- 	   --- 	---   	---   	  --- 	    ---  	  0.2  	UPK_169
 0.029 	-0.2198	 0.0747	 1477.464	  188.497	  566.208	1.312	15	 ---	328.40131586059	0.0436	 60.70386299248	0.0401	2203967316971901440	  1.3179 	0.0469	 -2.102	0.083	 -1.863	0.07 	0	     6188.0 	      4.1883 	16.2095	0.0007	     2175.1  	      11.539   	17.0077	0.0058	      5944.4 	     10.498   	15.3267	0.0019	 1.681 	   --- 	 --- 	4251.75	1.399 	0.6905	  0.83	    0.202	  0.1  	UPK_169
 0.1508	-0.0819	 0.1026	  699.342	   46.169	  123.186	1.431	17	 ---	327.99158164296	0.0985	 61.03585949069	0.0958	2204025449352823680	  1.1853 	0.111 	 -2.253	0.186	 -2.871	0.18 	0	     1947.1 	      2.7842 	17.4649	0.0016	      662.5  	      14.349   	18.2984	0.0235	      2124.4 	     17.245   	16.4438	0.0088	 1.8546	   --- 	 --- 	   --- 	---   	---   	  --- 	    ---  	  0.1  	UPK_169
-0.1639	-0.1869	-0.1311	 1462.167	  148.934	  333.463	1.313	16	 ---	324.34321713812	0.0461	 60.9451441919 	0.0494	2215799745712605824	  1.1877 	0.0543	 -1.585	0.101	 -2.179	0.096	0	     4059.1 	      2.7761 	16.6673	0.0007	     1454.3  	       9.7646  	17.4448	0.0073	      3874.9 	     11.62    	15.7913	0.0033	 1.6535	   --- 	 --- 	4311.0 	---   	---   	  0.71	    0.159	  0.1  	UPK_169
-0.0818	-0.3444	 0.0587	 2658.99 	  471.276	 1166.327	1.243	17	 ---	325.07151565722	0.0144	 61.32412383068	0.0149	2215823213414590592	  1.1696 	0.0168	 -2.078	0.031	 -2.479	0.028	0	    71847.0 	     27.02   	13.5473	0.0004	    35124.0  	      74.529   	13.9874	0.0023	     54150.0 	     46.428   	12.9279	0.0009	 1.0595	   --- 	 --- 	5107.51	1.641 	0.7857	  1.91	    2.241	  1.0  	UPK_169
-0.0683	-0.2251	 0.0146	  486.438	   26.156	  203.514	1.528	16	 ---	324.62286377769	0.1158	 60.90428203416	0.1076	2215807609788376192	  1.2331 	0.1287	 -1.65 	0.243	 -2.579	0.208	0	     1309.2 	      2.6914 	17.8958	0.0022	      224.14 	       8.5693  	19.4751	0.0415	      1776.8 	      8.7309  	16.6378	0.0053	 2.8373	   --- 	 --- 	   --- 	---   	---   	  --- 	    ---  	  0.3  	UPK_169
 0.1427	-0.0366	 0.1901	  461.926	   98.642	  175.88 	1.347	16	 ---	323.4609370165 	0.0421	 60.25129804169	0.0426	2191743805687373952	  1.1598 	0.0475	 -2.228	0.094	 -2.704	0.083	0	     5666.8 	     12.268  	16.305 	0.0024	     1750.7  	      17.748   	17.2434	0.011 	      5882.5 	     33.446   	15.338 	0.0062	 1.9054	   --- 	 --- 	3903.1 	---   	---   	  1.19	    0.296	  0.4  	UPK_169
-0.1473	-0.1888	 0.0707	  319.994	   70.908	   73.274	1.378	15	 ---	323.82235307778	0.0482	 60.37265564105	0.046 	2191751158671574272	  1.1988 	0.0518	 -2.149	0.117	 -2.894	0.095	0	     4791.1 	     14.972  	16.4873	0.0034	     1424.9  	      20.096   	17.4669	0.0153	      5178.0 	     70.666   	15.4765	0.0148	 1.9904	   --- 	 --- 	3772.0 	---   	---   	  1.18	    0.256	  0.2  	UPK_169
-0.1303	-0.1382	 0.0317	 2900.224	  533.986	 1008.882	1.312	16	 ---	324.7701774292 	0.0205	 58.65088880147	0.0223	2179336916480111104	  1.2157 	0.0225	 -1.846	0.045	 -1.905	0.043	0	    21068.0 	      7.2642 	14.8793	0.0004	     7555.0  	      14.148   	15.6558	0.002 	     20075.0 	     19.899   	14.0053	0.0011	 1.6505	   --- 	 --- 	4229.33	2.0985	1.048 	  1.69	    0.82 	  0.3  	UPK_169
-0.0004	-0.253 	 0.0136	 1862.658	  463.219	  584.976	1.23 	16	 ---	327.36763207486	0.0148	 58.32081188283	0.0146	2202348079943991168	  1.1834 	0.0168	 -2.16 	0.032	 -2.691	0.028	0	    66872.0 	     35.902  	13.6252	0.0006	    33433.0  	      72.176   	14.0409	0.0023	     48832.0 	     83.478   	13.0402	0.0019	 1.0008	   --- 	 --- 	5324.0 	---   	---   	  1.65	    1.969	  0.4  	UPK_169
-0.2394	-0.2077	-0.0496	  816.567	    ---  	    ---  	---  	16	 ---	327.81569460158	0.0708	 58.86616182507	0.0746	2202400719059882240	  1.0894 	0.0808	 -1.746	0.157	 -1.895	0.162	0	     1931.1 	      2.365  	17.4738	0.0013	        ---  	       ---     	 ---   	---   	         --- 	      ---     	 ---   	---   	 ---   	   --- 	 --- 	   --- 	---   	---   	  --- 	    ---  	  0.2  	UPK_169
-0.1614	-0.1496	 0.0262	 1959.589	  287.844	  806.417	1.329	16	 ---	324.02572553844	0.0354	 59.13026984705	0.0376	2179422884546835840	  1.079  	0.0425	 -2.225	0.08 	 -2.708	0.066	0	     7797.9 	      3.9794 	15.9584	0.0006	     2524.4  	       8.7702  	16.846 	0.0038	      7839.1 	      9.7208  	15.0263	0.0013	 1.8197	   --- 	 --- 	4037.07	---   	---   	  1.34	    0.432	  0.4  	UPK_169
 0.3335	 0.0474	 0.1221	 1900.693	  185.364	  489.684	1.323	14	 ---	324.83112967361	0.043 	 59.2238417996 	0.0414	2179433158109153024	  1.1478 	0.0477	 -1.788	0.102	 -2.672	0.1  	0	     5260.1 	      2.7675 	16.3859	0.0006	     1749.2  	       9.4364  	17.2443	0.0059	      5208.1 	     10.636   	15.4702	0.0022	 1.7741	   --- 	 --- 	4040.0 	1.6628	0.8425	  1.03	    0.257	  0.4  	UPK_169
-0.1347	-0.2138	 0.171 	  625.456	   38.373	  170.177	1.368	14	 ---	328.50859310616	0.1161	 58.55178780672	0.1093	2202425144533814016	  1.1149 	0.1272	 -2.2  	0.284	 -2.027	0.224	0	     1192.6 	      1.9068 	17.9971	0.0017	      350.03 	       9.1218  	18.9911	0.0283	      1281.4 	      7.53    	16.9927	0.0064	 1.9985	   --- 	 --- 	   --- 	---   	---   	  --- 	    ---  	  0.2  	UPK_169
-0.2093	-0.1461	-0.036 	 1412.731	  162.103	  513.919	1.328	16	 ---	328.21686811821	0.0402	 58.78252135952	0.0403	2202477581797821824	  1.1328 	0.0447	 -2.196	0.085	 -1.818	0.08 	0	     5441.9 	      3.852  	16.349 	0.0008	     1783.2  	      11.0     	17.2234	0.0067	      5441.2 	     10.588   	15.4227	0.0021	 1.8007	   --- 	 --- 	3928.0 	---   	---   	  1.17	    0.293	  0.1  	UPK_169
-0.1149	-0.1541	 0.0117	 5427.031	 1318.96 	  966.497	1.215	17	 ---	325.57407805545	0.0203	 58.76155838515	0.0218	2178612956796955648	  1.1595 	0.0231	 -2.232	0.043	 -2.474	0.042	0	   209210.0 	     38.55   	12.3869	0.0002	   113460.0  	      86.021   	12.7143	0.0008	    140670.0 	    145.55    	11.8914	0.0011	 0.8229	   --- 	 --- 	5812.0 	---   	---   	  2.44	    6.133	  0.9  	UPK_169
-0.1321	-0.143 	-0.1111	  508.576	   31.015	  170.438	1.468	17	 ---	328.19300969318	0.083 	 59.0650022895 	0.0831	2202497373007338368	  1.0809 	0.0938	 -1.868	0.18 	 -2.44 	0.171	0	     1368.1 	      2.69   	17.8481	0.0021	      302.37 	       9.7491  	19.15  	0.035 	      1705.9 	     10.009   	16.682 	0.0064	 2.468 	   --- 	 --- 	   --- 	---   	---   	  --- 	    ---  	  0.7  	UPK_169
-0.286 	 0.0051	-0.189 	 2724.816	  849.79 	 1149.764	1.251	16	 0.0	328.9338860815 	0.0128	 59.30603604139	0.0147	2202527643937704320	  1.2567 	0.0144	 -1.676	0.028	 -2.283	0.032	0	   109720.0 	     40.265  	13.0877	0.0004	    48495.0  	      57.067   	13.6371	0.0013	     88798.0 	     77.231   	12.3909	0.0009	 1.2462	 -15.15	 3.77	5064.5 	---   	---   	  2.25	    2.989	  0.2  	UPK_169
-0.0284	-0.1379	 0.0173	 1249.874	  148.499	  230.793	1.38 	17	 ---	328.68395153365	0.0863	 59.01090202668	0.0931	2202487992798974976	  1.2664 	0.0977	 -2.12 	0.181	 -2.893	0.182	0	     5970.4 	      4.7768 	16.2484	0.0009	     1957.0  	      13.179   	17.1224	0.0073	      6282.8 	     27.223   	15.2665	0.0047	 1.8558	   --- 	 --- 	3969.25	---   	---   	  1.06	    0.25 	  0.1  	UPK_169
-0.2052	-0.241 	 0.0584	  782.339	  140.722	  374.964	1.308	17	 ---	328.573514008  	0.1739	 59.21689699792	0.1802	2202505275747472000	  1.0653 	0.2006	 -2.139	0.386	 -2.382	0.356	0	     3149.5 	      4.0257 	16.9428	0.0014	     1433.5  	      10.187   	17.4604	0.0077	      2687.3 	      7.1668  	16.1886	0.0029	 1.2718	   --- 	 --- 	4933.67	0.054 	0.031 	  --- 	    ---  	  0.2  	UPK_169
-0.0652	-0.1645	 0.0092	 1751.399	  294.778	  764.067	1.31 	17	 ---	328.65997638055	0.03  	 59.04952943321	0.0312	2202488336396534528	  1.0984 	0.0337	 -1.531	0.063	 -2.401	0.062	0	     7493.7 	      4.2787 	16.0016	0.0006	     2605.6  	       8.8391  	16.8116	0.0037	      7207.9 	      9.4336  	15.1174	0.0014	 1.6942	   --- 	 --- 	4133.71	---   	---   	  1.2 	    0.377	  0.2  	UPK_169
-0.0018	-0.1148	 0.0496	  702.747	   23.463	  170.955	1.628	17	 ---	328.5416155748 	0.1042	 58.78627057002	0.1023	2202481223922146176	  1.0794 	0.1118	 -1.596	0.214	 -2.538	0.203	0	     1212.8 	      1.7258 	17.9789	0.0015	      220.2  	       9.385   	19.4944	0.0463	      1754.6 	     10.263   	16.6515	0.0064	 2.8429	   --- 	 --- 	   --- 	---   	---   	  --- 	    ---  	  0.2  	UPK_169
-0.1934	-0.1324	-0.0963	 4491.505	  827.771	 1494.954	1.275	17	 ---	328.25613568213	0.0151	 59.12931145143	0.0152	2202503695199329664	  1.1642 	0.0169	 -1.968	0.032	 -2.358	0.031	0	    35042.0 	      7.8017 	14.3269	0.0002	    14444.0  	      17.45    	14.9521	0.0013	     30236.0 	     20.225   	13.5606	0.0007	 1.3915	   --- 	 --- 	4684.0 	2.225 	1.106 	  1.68	    1.227	  1.0  	UPK_169
-0.2049	-0.1219	-0.1223	 1133.946	  100.906	  198.26 	1.371	17	 ---	328.34873338278	0.0914	 59.10420058953	0.0932	2202503003697644672	  1.136  	0.1038	 -2.1  	0.203	 -2.23 	0.194	0	     2052.6 	      1.8101 	17.4076	0.001 	      701.91 	       6.9561  	18.2357	0.0108	      2112.4 	     10.655   	16.45  	0.0055	 1.7857	   --- 	 --- 	   --- 	---   	---   	  --- 	    ---  	  0.6  	UPK_169
-0.008 	 0.078 	 0.0282	  807.293	   42.297	  266.425	1.492	16	 ---	323.93895644428	0.0881	 59.201274496  	0.0926	2179611175910582400	  1.2167 	0.1015	 -2.325	0.202	 -2.755	0.169	0	     2057.0 	      2.548  	17.4053	0.0013	      443.89 	      10.495   	18.7332	0.0257	      2625.1 	      9.8531  	16.2141	0.0041	 2.5191	   --- 	 --- 	   --- 	---   	---   	  --- 	    ---  	  0.1  	UPK_169
-0.191 	-0.0195	-0.0343	 1359.152	  112.331	  361.464	1.32 	17	 ---	327.12704076504	0.0488	 58.7734275579 	0.0537	2202583031837616384	  1.091  	0.0567	 -1.814	0.117	 -2.443	0.116	0	     3898.1 	      2.868  	16.7112	0.0008	     1424.8  	      12.684   	17.467 	0.0097	      3720.3 	     10.292   	15.8355	0.003 	 1.6315	   --- 	 --- 	4308.5 	1.12  	0.549 	  0.76	    0.181	  0.5  	UPK_169
-0.3404	-0.1289	-0.0504	  860.152	  193.707	  365.932	1.283	16	 ---	327.20666688374	0.0238	 58.84696182026	0.0295	2202585059062343552	  1.1475 	0.0276	 -2.055	0.053	 -2.513	0.058	0	    14252.0 	     16.569  	15.3037	0.0013	     5620.4  	      29.015   	15.977 	0.0056	     12665.0 	     34.611   	14.5054	0.003 	 1.4716	   --- 	 --- 	4453.5 	---   	---   	  1.26	    0.559	  0.9  	UPK_169
-0.1394	-0.1282	 0.0255	 1213.305	  302.727	  456.372	1.267	17	 ---	324.2470084211 	0.0158	 59.33930165173	0.0158	2179636876995287168	  1.0835 	0.0163	 -2.292	0.034	 -2.8  	0.032	0	    38525.0 	     31.752  	14.224 	0.0009	    16422.0  	      54.248   	14.8128	0.0036	     32390.0 	     70.972   	13.4859	0.0024	 1.3269	   --- 	 --- 	4796.67	---   	---   	  1.78	    1.505	  0.4  	UPK_169
-0.089 	 0.0094	-0.0868	  611.781	  102.349	  217.274	1.369	15	 ---	323.45887265598	0.0537	 59.66900977206	0.059 	2179685736544044800	  1.0765 	0.0606	 -2.27 	0.136	 -2.833	0.139	0	     3129.8 	      5.1159 	16.9496	0.0018	      923.26 	       9.0207  	17.9381	0.0106	      3362.5 	     15.476   	15.9453	0.005 	 1.9928	   --- 	 --- 	3789.25	---   	---   	  1.05	    0.205	  0.2  	UPK_169
-0.0543	-0.0285	 0.0388	 1650.534	  450.246	  642.484	1.274	14	 ---	323.89327731965	0.0182	 59.59577664396	0.0193	2179658661069418112	  1.0548 	0.0184	 -1.815	0.041	 -2.837	0.036	0	    38013.0 	     23.03   	14.2385	0.0007	    15689.0  	      34.845   	14.8624	0.0024	     32745.0 	     50.966   	13.4741	0.0017	 1.3884	   --- 	 --- 	4648.55	---   	---   	  1.97	    1.64 	  0.3  	UPK_169
-0.1432	-0.2368	 0.0281	 3386.175	  819.702	 1346.068	1.269	17	 ---	323.27358430507	0.0151	 59.92590675092	0.0152	2179705218515826304	  1.1174 	0.0163	 -2.615	0.032	 -2.521	0.031	0	    46298.0 	     13.673  	14.0245	0.0003	    19317.0  	      23.566   	14.6365	0.0013	     39442.0 	     29.302   	13.272 	0.0008	 1.3645	   --- 	 --- 	4927.5 	2.49  	1.2543	  1.76	    1.644	  0.2  	UPK_169
-0.2575	-0.1963	-0.0051	 4050.197	 1030.192	 1879.957	1.216	16	 ---	323.5254579222 	0.0251	 59.71234765266	0.0251	2179687351451833344	  1.0616 	0.026 	 -2.312	0.055	 -2.891	0.053	0	   286680.0 	     70.781  	12.0449	0.0003	   155890.0  	     151.32    	12.3694	0.0011	    192580.0 	    102.44    	11.5504	0.0006	 0.819 	   --- 	 --- 	5812.0 	---   	---   	  3.12	   10.025	  0.3  	UPK_169
-0.1969	-0.0895	-0.1972	  765.213	   60.742	  195.994	1.452	17	 ---	326.07364857338	0.0598	 58.93163731006	0.063 	2202633192744228096	  1.1668 	0.0692	 -2.072	0.137	 -2.602	0.137	0	     2264.6 	      2.9594 	17.3009	0.0014	      600.74 	       9.89    	18.4047	0.0179	      2687.3 	     13.711   	16.1886	0.0055	 2.216 	   --- 	 --- 	   --- 	---   	---   	  --- 	    ---  	  0.6  	UPK_169
-0.1134	-0.1402	-0.0357	 2805.34 	  810.742	 1462.262	1.21 	17	 ---	326.70682652879	0.012 	 58.93947890803	0.0135	2202624091726517888	  1.1473 	0.0135	 -2.013	0.026	 -2.553	0.027	0	   111150.0 	     39.621  	13.0736	0.0004	    61312.0  	      75.625   	13.3825	0.0013	     73132.0 	     50.013   	12.6016	0.0007	 0.7809	   --- 	 --- 	5941.0 	0.753 	0.4053	  1.72	    3.306	  1.0  	UPK_169
 0.0175	-0.1712	 0.0487	 4594.623	 1040.787	 1574.567	1.192	17	 ---	326.54669668164	0.02  	 58.92349034728	0.0213	2202624504043210368	  1.1987 	0.0223	 -2.153	0.042	 -2.618	0.041	1	   208000.0 	     45.271  	12.3932	0.0002	   125500.0  	     120.58    	12.6048	0.001 	    122460.0 	     77.775   	12.0419	0.0007	 0.5628	   --- 	 --- 	7076.67	---   	---   	  1.58	    5.628	  0.6  	UPK_169
-0.3378	 0.0186	-0.0374	  460.284	  153.514	  177.931	1.284	15	 ---	327.150557166  	0.028 	 58.92835494786	0.0313	2202598012683673856	  1.1398 	0.0307	 -2.013	0.064	 -2.53 	0.059	0	    13265.0 	     28.819  	15.3816	0.0024	     5551.4  	      36.162   	15.9904	0.0071	     11484.0 	     64.54    	14.6117	0.0061	 1.3787	   --- 	 --- 	4894.95	1.024 	0.4902	  0.94	    0.456	  1.0  	UPK_169
-0.1007	-0.3648	 0.0605	 3055.165	  875.671	 1293.577	1.2  	15	 ---	326.36536533568	0.0337	 59.2788907595 	0.0324	2202647181470703488	  1.1368 	0.0397	 -2.002	0.074	 -2.246	0.064	0	   346590.0 	    113.44   	11.8388	0.0004	   208700.0  	     238.33    	12.0526	0.0012	    207310.0 	    160.26    	11.4704	0.0008	 0.5822	   --- 	 --- 	7015.5 	---   	---   	  2.18	   10.415	  1.0  	UPK_169
-0.2098	-0.1462	 0.0511	  926.201	  109.853	  306.359	1.343	17	 ---	326.95888777185	0.045 	 58.91881506707	0.0506	2202599730670408320	  1.1896 	0.0498	 -2.288	0.099	 -2.476	0.102	0	     4633.2 	      5.0023 	16.5237	0.0012	     1469.7  	      13.379   	17.4333	0.0099	      4752.5 	     15.513   	15.5696	0.0035	 1.8637	   --- 	 --- 	3901.0 	---   	---   	  1.05	    0.23 	  0.6  	UPK_169
-0.3801	-0.1469	-0.0691	  845.764	  124.955	  313.222	1.342	14	 ---	327.28419507143	0.0451	 58.96300177262	0.0579	2202603613321239168	  1.1405 	0.0567	 -2.047	0.104	 -2.35 	0.104	0	     4914.5 	      5.8107 	16.4597	0.0013	     1530.3  	      12.247   	17.3895	0.0087	      5063.1 	     16.164   	15.5009	0.0035	 1.8886	   --- 	 --- 	4146.39	---   	---   	  0.92	    0.228	  1.0  	UPK_169
-0.126 	-0.1854	-0.0227	 2488.75 	  696.91 	 1333.249	1.251	15	 ---	326.37451052943	0.0482	 59.17142457725	0.0475	2202645291684993792	  1.0833 	0.0528	 -2.417	0.11 	 -2.016	0.094	0	    36548.0 	     14.685  	14.2812	0.0004	    17459.0  	      25.052   	14.7463	0.0016	     28260.0 	     21.197   	13.634 	0.0008	 1.1124	   --- 	 --- 	5058.16	1.2515	0.6157	  1.51	    1.342	  0.1  	UPK_169
