pmRApmDEcor	PlxpmRAcor	PlxpmDEcor	RFG	RFBP	RFRP	E(BR/RP)	Nper	[Fe/H]temp	RAdeg	e_RAdeg	DEdeg	e_DEdeg	Source	Plx	e_Plx	pmRA	e_pmRA	pmDE	e_pmDE	Dup	FG	e_FG	Gmag	e_Gmag	FBP	e_FBP	BPmag	e_BPmag	FRP	e_FRP	RPmag	e_RPmag	BP-RP	RV	e_RV	Teff	AG	E(BR-RP)	Rad	Lum	Pmemb	Cluster
---	---	---	---	---	---	---	---	---	deg	mas	deg	mas	---	mas	mas	mas/yr	mas/yr	mas/yr	mas/yr	---	e-/s	e-/s	mag	mag	e-/s	e-/s	mag	mag	e-/s	e-/s	mag	mag	mag	km/s	km/s	K	mag	mag	solRad	solLum	---	---
-------	-------	-------	---------	---------	---------	-----	--	----	---------------	------	---------------	------	-------------------	---------	------	-------	-----	-------	-----	-	------------	-------------	-------	------	-------------	---------------	-------	------	-------------	--------------	-------	------	-------	-------	-----	-------	------	------	------	---------	-------	--------------------
-0.0601	-0.1623	 0.1636	 1912.584	  283.841	  493.76 	1.306	18	 ---	349.06129109434	0.0282	 66.54315670041	0.0234	2213521420174484736	  1.0138 	0.0293	 -2.413	0.056	 -2.723	0.044	0	    10356.0 	      5.4148 	15.6504	0.0006	     3728.5  	      13.136   	16.4226	0.0038	      9800.5 	     19.849   	14.7838	0.0022	 1.6388	   --- 	 --- 	4360.03	---   	---   	  1.29	    0.543	  1.0  	UPK_220
-0.0874	-0.2186	-0.0115	 1896.469	  156.847	  737.887	1.373	17	 ---	349.81114339434	0.0326	 66.84067709073	0.0342	2213532140413044352	  1.0696 	0.0396	 -2.599	0.068	 -2.662	0.061	0	     8088.4 	      4.265  	15.9187	0.0006	     2399.2  	      15.296   	16.9012	0.0069	      8702.5 	     11.794   	14.9128	0.0015	 1.9884	   --- 	 --- 	3842.0 	2.709 	1.3537	  1.62	    0.518	  0.9  	UPK_220
 0.0478	-0.256 	 0.1933	 6760.057	  734.946	 1428.612	1.243	18	 ---	350.54043430382	0.023 	 65.9605170763 	0.0223	2210265487068127744	  1.0242 	0.0282	 -2.605	0.044	 -2.889	0.038	0	   226830.0 	     33.554  	12.2991	0.0002	   108420.0  	     147.53    	12.7636	0.0015	    173520.0 	    121.46    	11.6636	0.0008	 1.1   	   --- 	 --- 	5029.57	---   	---   	  4.03	    9.372	  0.7  	UPK_220
-0.0565	-0.2749	 0.2502	 1431.896	  324.349	  524.636	1.288	15	 ---	351.40651085361	0.0291	 66.1717454056 	0.0251	2210263979541666304	  1.1949 	0.0336	 -2.546	0.051	 -2.486	0.043	0	    14405.0 	     10.06   	15.2921	0.0008	     5614.0  	      17.308   	15.9782	0.0033	     12938.0 	     24.66    	14.4823	0.0021	 1.4959	   --- 	 --- 	4384.88	---   	---   	  1.27	    0.537	  0.9  	UPK_220
 0.2298	-0.2063	 0.1597	 1874.24 	  281.591	  503.904	1.319	18	 ---	350.89143866012	0.0434	 66.01632852521	0.0371	2210255630125262976	  1.0276 	0.0482	 -2.143	0.099	 -2.975	0.074	0	    12538.0 	      6.6899 	15.4428	0.0006	     4446.1  	      15.789   	16.2314	0.0039	     12087.0 	     23.988   	14.5561	0.0022	 1.6754	   --- 	 --- 	4288.25	2.0665	1.0107	  1.47	    0.662	  0.8  	UPK_220
-0.0128	-0.3379	 0.3604	 6069.277	  749.376	 1149.721	1.233	16	 ---	351.78024229549	0.0277	 65.80876331232	0.0244	2210192889243200640	  1.104  	0.0334	 -2.226	0.054	 -2.455	0.046	0	   243900.0 	     40.186  	12.2203	0.0002	   122660.0  	     163.69    	12.6296	0.0014	    178130.0 	    154.94    	11.6351	0.0009	 0.9945	   --- 	 --- 	5175.0 	---   	---   	  3.61	    8.438	  1.0  	UPK_220
-0.0248	-0.228 	 0.1782	 4459.757	  601.878	  790.327	1.279	18	 ---	351.69654385524	0.0184	 66.29063581964	0.0147	2210370322929864064	  1.0393 	0.0194	 -2.485	0.034	 -2.571	0.027	0	    38590.0 	      8.653  	14.2222	0.0002	    15742.0  	      26.155   	14.8587	0.0018	     33603.0 	     42.517   	13.446 	0.0014	 1.4128	   --- 	 --- 	4459.5 	---   	---   	  2.27	    1.842	  1.0  	UPK_220
 0.0753	 0.0082	 0.3831	  555.796	   77.413	  217.708	1.555	17	 ---	350.8746128968 	0.1304	 66.2352968424 	0.1085	2210273394109886336	  1.2741 	0.1574	 -2.241	0.263	 -2.27 	0.194	0	     2518.5 	      4.5314 	17.1855	0.002 	      823.89 	      10.643   	18.0617	0.014 	      3092.8 	     14.206   	16.036 	0.005 	 2.0257	   --- 	 --- 	   --- 	---   	---   	  --- 	    ---  	  0.5  	UPK_220
-0.0658	-0.1916	 0.1412	 4379.269	  565.91 	 1196.465	1.289	19	 ---	351.95061936283	0.0157	 66.49386754279	0.015 	2210377194877642880	  1.0068 	0.0171	 -2.406	0.031	 -2.425	0.029	0	    38991.0 	      8.9036 	14.2109	0.0002	    15099.0  	      26.681   	14.904 	0.0019	     35167.0 	     29.392   	13.3966	0.0009	 1.5074	   --- 	 --- 	4412.33	---   	---   	  2.43	    2.023	  1.0  	UPK_220
 0.0077	-0.1197	 0.2608	 1157.385	   45.557	  417.914	1.419	16	 ---	351.77003050003	0.0607	 66.47047164862	0.0519	2210376335884179584	  0.97   	0.0666	 -2.361	0.117	 -2.621	0.094	0	     3497.9 	      3.0223 	16.8288	0.0009	      835.85 	      18.347   	18.0461	0.0238	      4127.5 	      9.8765  	15.7227	0.0026	 2.3234	   --- 	 --- 	4070.65	2.8535	1.4327	  0.97	    0.234	  1.0  	UPK_220
-0.2112	-0.2397	-0.0956	 2119.735	  449.484	  930.791	1.26 	16	 ---	352.64559273288	0.0216	 66.56266769084	0.0252	2210381249327114624	  1.0689 	0.0283	 -2.297	0.046	 -2.684	0.05 	0	  1116500.0 	    526.73   	10.5687	0.0005	   462700.0  	    1029.4     	11.1881	0.0024	    943960.0 	   1014.1     	 9.8245	0.0012	 1.3636	   --- 	 --- 	4704.34	0.25  	0.1325	 10.22	   46.062	  1.0  	UPK_220
-0.0345	-0.1221	 0.2485	 4727.144	  768.791	 1252.115	1.263	17	 ---	351.33498980227	0.0195	 66.29965596799	0.0167	2210280369136794112	  1.0247 	0.0213	 -2.34 	0.035	 -2.657	0.029	0	    45285.0 	      9.5798 	14.0485	0.0002	    19670.0  	      25.585   	14.6169	0.0014	     37517.0 	     29.963   	13.3263	0.0009	 1.2905	   --- 	 --- 	4878.75	---   	---   	  1.95	    1.935	  1.0  	UPK_220
 0.0645	 0.0007	 0.2789	 2150.211	  694.13 	  795.292	1.236	15	 ---	351.29209360734	0.0285	 66.31356655966	0.0288	2210281155108817920	  1.2863 	0.0326	 -2.001	0.054	 -2.801	0.048	0	   151760.0 	     70.581  	12.7354	0.0005	    78407.0  	     112.96    	13.1155	0.0016	    109120.0 	    137.21    	12.1672	0.0014	 0.9484	   --- 	 --- 	5278.95	---   	---   	  2.33	    3.805	  0.4  	UPK_220
 0.0536	 0.0238	 0.0364	  350.491	   41.866	   97.808	1.381	17	 ---	352.52593041288	0.0916	 66.29870060785	0.0858	2210314965094247168	  1.0989 	0.0987	 -2.852	0.194	 -2.666	0.162	0	     1443.2 	      4.1177 	17.79  	0.0031	      399.59 	       9.5444  	18.8474	0.0259	      1593.1 	     16.288   	16.7563	0.0111	 2.091 	   --- 	 --- 	   --- 	---   	---   	  --- 	    ---  	  0.4  	UPK_220
 0.0056	-0.0873	 0.2941	 1108.244	  179.83 	  358.643	1.358	16	 ---	351.18580781265	0.0581	 66.17499747709	0.0515	2210274390542367616	  0.953  	0.0674	 -2.305	0.11 	 -2.798	0.092	0	     3582.0 	      3.2321 	16.8031	0.001 	     1107.0  	       6.1558  	17.741 	0.006 	      3757.9 	     10.478   	15.8246	0.003 	 1.9165	   --- 	 --- 	3868.88	---   	---   	  1.19	    0.284	  0.9  	UPK_220
-0.0199	-0.1043	-0.0572	 1586.051	  195.306	  487.796	1.357	18	 ---	352.50445797014	0.0345	 66.39078652138	0.0363	2210363382262877440	  0.9368 	0.0411	 -2.522	0.076	 -2.736	0.069	0	     5975.4 	      3.7675 	16.2475	0.0007	     1786.8  	       9.1488  	17.2212	0.0056	      6318.9 	     12.954   	15.2603	0.0022	 1.9609	   --- 	 --- 	3918.45	2.4273	1.2163	  1.49	    0.473	  0.8  	UPK_220
 0.0817	-0.0948	 0.3276	 1155.752	   73.035	  301.023	1.366	17	 ---	351.37475672058	0.0565	 66.30258532336	0.0459	2210280266057582848	  0.9408 	0.0636	 -2.489	0.102	 -2.867	0.079	0	     4091.2 	      3.5399 	16.6587	0.0009	     1282.4  	      17.559   	17.5813	0.0149	      4308.2 	     14.312   	15.6762	0.0036	 1.9051	   --- 	 --- 	3835.5 	---   	---   	  1.32	    0.34 	  0.7  	UPK_220
-0.1898	-0.1172	 0.0447	 4044.611	  505.137	  908.94 	1.308	17	 ---	351.99306870796	0.0191	 66.37632330989	0.0181	2210372453234441472	  1.0215 	0.0198	 -2.42 	0.039	 -2.466	0.035	0	    26426.0 	      6.5336 	14.6333	0.0003	     9570.3  	      18.946   	15.3991	0.0021	     25002.0 	     27.506   	13.767 	0.0012	 1.6321	   --- 	 --- 	4341.0 	---   	---   	  2.07	    1.376	  1.0  	UPK_220
-0.0372	-0.0929	 0.1523	 1674.862	  163.451	  777.491	1.363	18	 ---	351.8569021916 	0.0351	 66.47051594733	0.0314	2210375648690106880	  0.9156 	0.0379	 -2.652	0.072	 -2.737	0.062	0	     6946.3 	      4.1474 	16.084 	0.0006	     2058.3  	      12.593   	17.0676	0.0066	      7408.6 	      9.5289  	15.0876	0.0014	 1.98  	   --- 	 --- 	3726.5 	3.042 	1.5515	  1.94	    0.656	  0.7  	UPK_220
 0.2005	-0.3036	-0.0314	  983.069	   45.01 	  203.441	1.395	17	 ---	352.39324479434	0.0648	 66.57178900916	0.0704	2210380626553243264	  0.9546 	0.0812	 -2.148	0.148	 -2.804	0.129	0	     2298.5 	      2.3381 	17.2848	0.0011	      660.53 	      14.675   	18.3017	0.0241	      2546.1 	     12.515   	16.2472	0.0053	 2.0544	   --- 	 --- 	   --- 	---   	---   	  --- 	    ---  	  0.7  	UPK_220
 0.039 	-0.1449	 0.3368	 2804.706	  319.704	  822.24 	1.355	16	 ---	351.57630810024	0.0234	 66.31239709711	0.0214	2210277551638271232	  0.8255 	0.0275	 -2.368	0.045	 -2.743	0.037	0	    19498.0 	      6.952  	14.9634	0.0004	     5962.1  	      18.649   	15.9129	0.0034	     20461.0 	     24.884   	13.9846	0.0013	 1.9283	   --- 	 --- 	3910.0 	2.4022	1.2217	  3.08	    2.001	  0.8  	UPK_220
 0.0635	-0.0905	 0.0585	  454.896	   42.531	   62.15 	1.465	18	 ---	352.24098629976	0.1105	 66.4048884325 	0.0919	2210361110221721728	  1.1198 	0.1149	 -2.202	0.232	 -2.663	0.179	0	     1244.0 	      2.7348 	17.9513	0.0024	      278.72 	       6.5532  	19.2385	0.0255	      1543.8 	     24.841   	16.7904	0.0175	 2.4481	   --- 	 --- 	   --- 	---   	---   	  --- 	    ---  	  0.7  	UPK_220
 0.119 	 0.2069	 0.0756	 1200.664	   81.747	  259.527	1.32 	14	 ---	352.56391337407	0.0694	 66.11697849016	0.055 	2210297445925063424	  0.9147 	0.0723	 -2.796	0.138	 -2.773	0.099	0	     3584.2 	      2.9852 	16.8024	0.0009	     1252.2  	      15.319   	17.6072	0.0133	      3478.7 	     13.404   	15.9084	0.0042	 1.6988	   --- 	 --- 	4252.67	---   	---   	  0.91	    0.243	  0.5  	UPK_220
-0.1802	-0.0962	 0.0091	 3045.106	  424.308	 1083.441	1.328	16	 ---	352.01473853244	0.0239	 66.31135145488	0.0212	2210359602692293120	  1.1412 	0.0244	 -2.32 	0.047	 -2.641	0.043	0	    15790.0 	      5.1852 	15.1924	0.0004	     5235.3  	      12.338   	16.054 	0.0026	     15726.0 	     14.515   	14.2703	0.001 	 1.7837	   --- 	 --- 	3963.89	---   	---   	  1.92	    0.817	  1.0  	UPK_220
-0.0203	 0.1936	 0.0219	  683.993	   48.006	  183.833	1.332	15	 ---	352.5397783639 	0.0756	 66.04531573853	0.0657	2210295899736875136	  0.9819 	0.0857	 -2.263	0.155	 -2.318	0.12 	0	     2298.8 	      3.3608 	17.2846	0.0016	      764.0  	      15.915   	18.1437	0.0226	      2297.8 	     12.499   	16.3587	0.0059	 1.785 	   --- 	 --- 	   --- 	---   	---   	  --- 	    ---  	  0.8  	UPK_220
 0.08  	-0.125 	 0.3143	 1203.286	  119.661	  332.74 	1.381	17	 ---	351.4275058481 	0.0522	 66.39412052206	0.0464	2210282052763948160	  1.0091 	0.0597	 -2.292	0.101	 -2.588	0.079	0	     3707.0 	      3.0807 	16.7658	0.0009	     1011.1  	       8.4494  	17.8394	0.0091	      4106.5 	     12.341   	15.7282	0.0033	 2.1112	   --- 	 --- 	3740.53	---   	---   	  1.27	    0.286	  1.0  	UPK_220
 0.0778	-0.1912	 0.2493	 1026.226	  242.837	  404.352	1.285	19	 ---	352.15978824246	0.0368	 65.97403716037	0.0309	2210290161660561664	  1.2692 	0.037 	 -2.369	0.07 	 -2.413	0.056	0	     8461.6 	      8.2454 	15.8697	0.0011	     3375.7  	      13.901   	16.5305	0.0045	      7497.6 	     18.542   	15.0746	0.0027	 1.4559	   --- 	 --- 	4448.25	0.801 	0.3985	  0.88	    0.272	  0.7  	UPK_220
-0.0238	-0.1008	 0.2371	 3747.296	  736.955	  884.911	1.298	17	 ---	351.29758948064	0.0192	 66.35524002493	0.0185	2210281537367874432	  1.0235 	0.0219	 -2.31 	0.036	 -2.681	0.032	0	    27904.0 	      7.4464 	14.5742	0.0003	    10456.0  	      14.189   	15.3029	0.0015	     25775.0 	     29.128   	13.7339	0.0012	 1.569 	   --- 	 --- 	4363.01	---   	---   	  2.09	    1.433	  1.0  	UPK_220
-0.1388	-0.1511	 0.2502	 6053.189	 1034.497	 1237.89 	1.253	17	 ---	351.02443808532	0.0229	 66.45215959256	0.0222	2210472646232436992	  1.0487 	0.0262	 -2.436	0.045	 -2.651	0.038	1	   153020.0 	     25.279  	12.7265	0.0002	    69459.0  	      67.143   	13.2471	0.001 	    122290.0 	     98.792   	12.0434	0.0009	 1.2036	   --- 	 --- 	4878.0 	---   	---   	  3.5 	    6.243	  1.0  	UPK_220
-0.2005	-0.0486	-0.1356	 1123.099	  253.21 	  632.028	1.367	16	 ---	350.06393104841	0.0412	 66.2924801529 	0.0395	2210453507858396928	  0.911  	0.0428	 -2.089	0.075	 -2.848	0.07 	0	     9040.1 	      8.0492 	15.7979	0.001 	     3181.8  	      12.566   	16.5947	0.0043	      9171.8 	     14.512   	14.8558	0.0017	 1.7389	   --- 	 --- 	4141.33	2.315 	1.1675	  1.58	    0.658	  0.9  	UPK_220
-0.0685	-0.1122	 0.2261	 5505.561	  739.971	 1440.493	1.302	16	 ---	351.5249264399 	0.0246	 66.47532291585	0.0213	2210470236749065344	  0.9656 	0.0249	 -2.449	0.047	 -2.489	0.038	0	   171800.0 	     31.205  	12.6008	0.0002	    63060.0  	      85.219   	13.352 	0.0015	    160560.0 	    111.46    	11.7478	0.0008	 1.6042	   --- 	 --- 	4283.04	---   	---   	  5.83	   10.305	  1.0  	UPK_220
-0.0761	-0.1191	 0.2598	 1866.313	  298.279	  650.6  	1.351	17	 ---	350.81957719892	0.0286	 66.49931631092	0.0274	2210479861777438592	  0.9889 	0.033 	 -2.802	0.059	 -2.784	0.05 	0	    10665.0 	      5.7147 	15.6184	0.0006	     3250.4  	      10.897   	16.5715	0.0036	     11161.0 	     17.155   	14.6427	0.0017	 1.9289	   --- 	 --- 	4036.29	---   	---   	  1.71	    0.703	  0.8  	UPK_220
-0.1195	-0.0816	 0.1452	 3591.074	  797.238	 1215.292	1.255	18	 ---	350.80751196478	0.0203	 66.50035870952	0.0195	2210479861777436800	  1.0306 	0.0227	 -2.489	0.041	 -2.669	0.036	0	   417820.0 	    116.35   	11.6359	0.0003	   190100.0  	     238.44    	12.154 	0.0014	    334360.0 	    275.13    	10.9514	0.0009	 1.2026	   --- 	 --- 	4894.54	---   	---   	  5.83	   17.579	  1.0  	UPK_220
-0.1099	-0.254 	 0.2721	 7755.711	  746.188	 1134.502	1.277	19	 ---	351.4336910253 	0.0231	 66.52696880344	0.021 	2210474222478715904	  1.0101 	0.0273	 -2.224	0.044	 -2.539	0.037	0	   175320.0 	     22.605  	12.5788	0.0001	    71889.0  	      96.342   	13.2097	0.0015	    152050.0 	    134.02    	11.807 	0.001 	 1.4028	   --- 	 --- 	4498.52	---   	---   	  4.86	    8.716	  1.0  	UPK_220
 0.0167	-0.0563	 0.1223	 1879.578	  211.655	  587.064	1.319	17	 ---	350.22364934352	0.0329	 66.34163593627	0.031 	2210477147358117632	  0.9484 	0.0362	 -2.564	0.063	 -2.813	0.053	0	     8547.3 	      4.5475 	15.8588	0.0006	     3011.7  	      14.229   	16.6544	0.0051	      8260.6 	     14.071   	14.9694	0.0018	 1.685 	   --- 	 --- 	4228.15	---   	---   	  1.38	    0.547	  0.8  	UPK_220
-0.1281	-0.1607	 0.1984	 4558.103	  522.547	 1249.809	1.276	17	 ---	351.06638062632	0.0158	 66.43217763496	0.0157	2210472199555855488	  1.0037 	0.018 	 -2.185	0.03 	 -2.738	0.026	1	    44962.0 	      9.8641 	14.0563	0.0002	    18392.0  	      35.197   	14.6898	0.0021	     38979.0 	     31.188   	13.2849	0.0009	 1.405 	   --- 	 --- 	4481.95	---   	---   	  2.5 	    2.279	  1.0  	UPK_220
 0.0657	-0.1121	 0.2997	 1298.414	  139.876	  313.551	1.373	17	 ---	351.41423418363	0.0452	 66.40491257455	0.0413	2210469721354066176	  1.0261 	0.052 	 -2.427	0.088	 -2.501	0.071	0	     4632.7 	      3.5679 	16.5238	0.0008	     1315.0  	       9.4012  	17.5541	0.0078	      5047.0 	     16.096   	15.5043	0.0035	 2.0497	   --- 	 --- 	4101.49	2.6725	1.3337	  1.03	    0.272	  1.0  	UPK_220
 0.0008	-0.1807	 0.2284	 4762.309	  555.854	 1149.357	1.25 	18	 ---	349.34548818744	0.0172	 66.16154306766	0.0139	2210448491335853568	  1.0193 	0.0177	 -2.493	0.032	 -2.516	0.027	0	    46855.0 	      9.8387 	14.0115	0.0002	    21349.0  	      38.407   	14.528 	0.002 	     37205.0 	     32.37    	13.3354	0.0009	 1.1925	   --- 	 --- 	4876.67	1.9987	1.021 	  1.99	    2.024	  1.0  	UPK_220
-0.0346	-0.1083	 0.2259	 3439.795	  962.184	  957.426	1.304	17	 0.0	351.17692742127	0.0238	 66.37821180529	0.0225	2210468003366056192	  1.0654 	0.0265	 -2.37 	0.046	 -2.379	0.039	0	  2521800.0 	    733.13   	 9.6841	0.0003	   823520.0  	     855.88    	10.5622	0.0011	   2463800.0 	   2573.3     	 8.7829	0.0011	 1.7793	  -1.55	 1.64	3996.34	0.562 	0.3   	 25.25	  146.532	  1.0  	UPK_220
 0.1634	-0.1199	 0.1398	 2760.313	  523.323	  945.402	1.287	17	 ---	350.43049322913	0.0266	 66.10780405113	0.0236	2210458352581377152	  1.0582 	0.0289	 -2.487	0.051	 -2.494	0.045	0	    13977.0 	      5.0637 	15.3248	0.0004	     5543.2  	      10.592   	15.992 	0.0021	     12443.0 	     13.162   	14.5246	0.0011	 1.4674	   --- 	 --- 	4433.67	1.459 	0.733 	  1.37	    0.651	  1.0  	UPK_220
-0.1465	-0.179 	 0.1621	 4299.747	  757.721	 1251.867	1.27 	18	 ---	350.67026429619	0.0179	 66.42062204901	0.0154	2210478418668451200	  0.9536 	0.0185	 -2.381	0.034	 -2.678	0.028	0	    41154.0 	      9.5713 	14.1523	0.0003	    17213.0  	      22.716   	14.7618	0.0014	     35049.0 	     27.997   	13.4002	0.0009	 1.3615	   --- 	 --- 	4868.5 	---   	---   	  2.01	    2.036	  1.0  	UPK_220
-0.0346	-0.0819	 0.1212	  631.944	   41.103	  135.673	1.43 	18	 ---	350.40389313403	0.1007	 66.46331548167	0.0841	2210481098727987584	  0.9718 	0.1037	 -2.837	0.205	 -2.456	0.167	0	     1300.8 	      2.0584 	17.9028	0.0017	      350.96 	       8.5386  	18.9882	0.0264	      1508.8 	     11.121   	16.8153	0.008 	 2.1729	   --- 	 --- 	   --- 	---   	---   	  --- 	    ---  	  0.8  	UPK_220
-0.0671	-0.0391	 0.1533	  746.545	   51.815	  138.053	1.392	18	 ---	350.51772950543	0.1189	 66.21729626051	0.0972	2210460238065580032	  0.9794 	0.1281	 -2.537	0.224	 -2.51 	0.186	0	     1222.7 	      1.6379 	17.97  	0.0015	      358.76 	       6.9237  	18.9644	0.021 	      1343.1 	      9.7292  	16.9416	0.0079	 2.0228	   --- 	 --- 	   --- 	---   	---   	  --- 	    ---  	  1.0  	UPK_220
 0.0261	-0.1847	 0.2898	 4522.007	  588.665	 1196.874	1.307	17	 ---	351.47456905494	0.0203	 66.4304622565 	0.0158	2210469760014482304	  1.0321 	0.0196	 -2.533	0.037	 -2.378	0.027	0	    43939.0 	      9.7166 	14.0813	0.0002	    16116.0  	      27.377   	14.8333	0.0018	     41317.0 	     34.521   	13.2216	0.0009	 1.6117	   --- 	 --- 	4308.0 	---   	---   	  2.71	    2.278	  1.0  	UPK_220
-0.0091	-0.0717	 0.3114	  524.189	   53.562	  163.666	1.362	18	 ---	350.92761818455	0.0765	 66.3120697213 	0.0703	2210468076387299200	  0.9615 	0.0897	 -2.236	0.146	 -2.525	0.126	0	     1986.7 	      3.79   	17.443 	0.0021	      569.3  	      10.629   	18.463 	0.0203	      2137.1 	     13.058   	16.4373	0.0066	 2.0257	   --- 	 --- 	   --- 	---   	---   	  --- 	    ---  	  1.0  	UPK_220
 0.0025	-0.1304	 0.3068	 1217.807	   97.362	  292.041	1.372	17	 ---	351.17683067703	0.0564	 66.42053255132	0.0537	2210469072819684224	  0.9969 	0.0656	 -2.46 	0.112	 -2.451	0.093	0	     3135.6 	      2.5748 	16.9476	0.0009	      920.89 	       9.4584  	17.9409	0.0112	      3380.2 	     11.575   	15.9396	0.0037	 2.0013	   --- 	 --- 	3890.0 	---   	---   	  1.04	    0.224	  1.0  	UPK_220
 0.0555	-0.0897	 0.2819	  940.791	   83.858	  160.519	1.461	17	 ---	351.41948315363	0.0467	 66.46903741995	0.0436	2210470893885820288	  0.9963 	0.0537	 -2.486	0.092	 -2.715	0.072	0	     5366.1 	      5.7039 	16.3642	0.0012	     1511.4  	      18.023   	17.403 	0.0129	      6329.3 	     39.43    	15.2585	0.0068	 2.1444	   --- 	 --- 	3786.15	2.844 	1.433 	  1.49	    0.411	  0.9  	UPK_220
-0.0688	-0.0533	 0.2177	  953.94 	   64.083	  157.217	1.366	17	 ---	350.57493502574	0.1039	 66.21084956693	0.0841	2210460001848795904	  0.8425 	0.1108	 -2.135	0.19 	 -2.405	0.157	0	     1383.1 	      1.4499 	17.8362	0.0011	      391.98 	       6.1167  	18.8682	0.0169	      1497.0 	      9.522   	16.8239	0.0069	 2.0444	   --- 	 --- 	   --- 	---   	---   	  --- 	    ---  	  0.6  	UPK_220
 0.057 	-0.2086	 0.1799	  546.342	   50.404	  160.938	1.556	18	 ---	351.10637150594	0.1078	 66.50505138765	0.0995	2210473505221212160	  1.03   	0.1239	 -2.511	0.211	 -2.446	0.17 	0	     1786.7 	      3.2703 	17.5582	0.002 	      437.12 	       8.6724  	18.7499	0.0215	      2343.1 	     14.559   	16.3375	0.0067	 2.4124	   --- 	 --- 	   --- 	---   	---   	  --- 	    ---  	  0.9  	UPK_220
-0.0449	-0.1461	 0.0381	 1935.482	  246.995	  670.417	1.325	18	 ---	350.40192939682	0.0278	 66.37146474176	0.0255	2210477417935373440	  0.969  	0.0304	 -2.457	0.055	 -2.534	0.049	0	     9574.8 	      4.947  	15.7355	0.0006	     3249.9  	      13.158   	16.5717	0.0044	      9434.6 	     14.073   	14.8251	0.0016	 1.7466	   --- 	 --- 	4041.0 	---   	---   	  1.65	    0.656	  1.0  	UPK_220
-0.0657	-0.102 	 0.1613	 3770.356	  828.335	 1384.035	1.246	16	 ---	350.88373062647	0.0175	 66.44164390748	0.0153	2210472818031114752	  0.9886 	0.0181	 -2.302	0.033	 -2.48 	0.029	0	    92732.0 	     24.595  	13.2703	0.0003	    42736.0  	      51.593   	13.7744	0.0013	     72786.0 	     52.59    	12.6068	0.0008	 1.1676	   --- 	 --- 	4908.0 	---   	---   	  2.84	    4.226	  1.0  	UPK_220
 0.0287	-0.1455	 0.3266	 1132.401	   81.365	  256.481	1.398	16	 ---	351.15781953415	0.0545	 66.51753707897	0.0483	2210473470866135168	  0.8436 	0.062 	 -2.597	0.104	 -2.786	0.086	0	     3705.6 	      3.2723 	16.7662	0.001 	     1006.6  	      12.371   	17.8442	0.0133	      4173.9 	     16.274   	15.7106	0.0042	 2.1337	   --- 	 --- 	3720.93	2.8782	1.4935	  1.55	    0.414	  0.6  	UPK_220
-0.0673	-0.1742	 0.1961	 2653.986	  318.756	  641.536	1.327	18	 ---	351.18467026792	0.024 	 66.52145261318	0.022 	2210474948334886016	  1.109  	0.0275	 -2.723	0.048	 -2.709	0.038	0	    14165.0 	      5.3371 	15.3104	0.0004	     4768.6  	      14.96    	16.1554	0.0034	     14025.0 	     21.862   	14.3947	0.0017	 1.7608	   --- 	 --- 	3954.75	2.206 	1.14  	  1.88	    0.781	  1.0  	UPK_220
-0.0185	-0.2497	 0.3316	  827.074	   39.245	  186.654	1.423	17	 ---	350.81732316718	0.0864	 66.51862298702	0.0758	2210480063635779456	  1.0081 	0.0994	 -2.03 	0.167	 -2.584	0.132	0	     1767.1 	      2.1365 	17.5702	0.0013	      433.25 	      11.04    	18.7595	0.0277	      2080.4 	     11.146   	16.4665	0.0058	 2.293 	   --- 	 --- 	   --- 	---   	---   	  --- 	    ---  	  1.0  	UPK_220
-0.0541	-0.2268	 0.054 	 3012.05 	  535.577	  849.755	1.264	18	 ---	350.0329628297 	0.0171	 66.172228687  	0.015 	2210439901401353856	  1.0323 	0.0191	 -2.395	0.032	 -2.687	0.027	0	    38474.0 	     12.773  	14.2254	0.0004	    16878.0  	      31.514   	14.7831	0.002 	     31746.0 	     37.358   	13.5077	0.0013	 1.2754	   --- 	 --- 	4877.0 	---   	---   	  1.78	    1.621	  1.0  	UPK_220
-0.0776	-0.1728	 0.2054	 4033.461	  578.241	 1258.876	1.304	18	 ---	351.20761888687	0.0325	 66.53485446452	0.0316	2210475017054357632	  1.0429 	0.0383	 -2.515	0.066	 -2.651	0.055	0	    53852.0 	     13.351  	13.8604	0.0003	    19648.0  	      33.979   	14.6181	0.0019	     50593.0 	     40.189   	13.0017	0.0009	 1.6164	   --- 	 --- 	4356.0 	2.309 	1.2565	  2.87	    2.672	  1.0  	UPK_220
-0.0385	-0.2127	 0.3004	 1015.072	  131.517	  215.333	1.361	17	 ---	351.05280464048	0.0514	 66.48105303466	0.0465	2210473299067450880	  0.9598 	0.0606	 -2.33 	0.097	 -2.623	0.078	0	     3781.8 	      3.7256 	16.7441	0.0011	     1140.8  	       8.6739  	17.7084	0.0083	      4007.3 	     18.61    	15.7548	0.005 	 1.9536	   --- 	 --- 	3924.52	---   	---   	  1.15	    0.284	  1.0  	UPK_220
 0.0217	-0.2553	 0.0053	 2401.262	  309.419	 1279.355	1.353	17	 ---	352.63583863993	0.025 	 66.66879484258	0.0262	2210385819172275072	  1.0937 	0.0301	 -2.414	0.054	 -2.477	0.047	0	    13627.0 	      5.6748 	15.3524	0.0005	     4145.0  	      13.396   	16.3076	0.0035	     14291.0 	     11.171   	14.3742	0.0008	 1.9333	   --- 	 --- 	3877.88	2.3655	1.168 	  2.0 	    0.814	  1.0  	UPK_220
-0.0777	-0.1438	 0.1855	 4548.763	  462.802	 1361.623	1.28 	18	 ---	350.83755529316	0.0171	 66.43378255709	0.0161	2210466942515851520	  1.0235 	0.0192	 -2.24 	0.034	 -2.505	0.029	0	    30843.0 	      6.7806 	14.4655	0.0002	    12415.0  	      26.827   	15.1165	0.0023	     27069.0 	     19.88    	13.6807	0.0008	 1.4357	   --- 	 --- 	4454.62	---   	---   	  2.07	    1.521	  1.0  	UPK_220
-0.0887	-0.1631	 0.2063	 1139.589	  233.532	  392.299	1.282	18	 ---	350.79928677072	0.0186	 66.4237625745 	0.0172	2210466908156113920	  0.9811 	0.0208	 -2.412	0.036	 -2.558	0.031	0	    27695.0 	     24.303  	14.5823	0.001 	    11160.0  	      47.79    	15.2322	0.0046	     24344.0 	     62.055   	13.7959	0.0028	 1.4362	   --- 	 --- 	4458.07	---   	---   	  2.04	    1.484	  1.0  	UPK_220
-0.0114	-0.2029	 0.2872	 1275.239	   60.576	  266.284	1.4  	17	 ---	351.01561258069	0.0667	 66.46868046583	0.066 	2210472921110331264	  1.0714 	0.0816	 -2.437	0.134	 -2.103	0.114	0	     3091.5 	      2.4243 	16.9629	0.0009	      798.44 	      13.181   	18.0958	0.0179	      3530.7 	     13.259   	15.8923	0.0041	 2.2035	   --- 	 --- 	3930.5 	---   	---   	  0.93	    0.186	  0.8  	UPK_220
-0.0502	-0.1517	 0.2558	 1181.872	  159.295	  358.88 	1.359	18	 ---	351.2138042422 	0.0523	 66.52465971979	0.0472	2210474948334887808	  0.9729 	0.0595	 -2.254	0.102	 -2.685	0.082	0	     3838.3 	      3.2476 	16.728 	0.0009	     1138.1  	       7.1445  	17.7109	0.0068	      4077.7 	     11.362   	15.7359	0.003 	 1.9751	   --- 	 --- 	3819.0 	---   	---   	  1.25	    0.302	  0.9  	UPK_220
-0.1202	-0.1612	 0.1479	 3906.214	  800.508	  704.27 	1.261	16	 ---	351.14408616241	0.0164	 66.48180121098	0.0137	2210473161628511232	  0.9874 	0.0182	 -2.426	0.029	 -2.565	0.024	0	   106430.0 	     27.246  	13.1207	0.0003	    47520.0  	      59.363   	13.6592	0.0014	     86651.0 	    123.04    	12.4175	0.0015	 1.2417	   --- 	 --- 	4888.11	---   	---   	  3.08	    4.886	  1.0  	UPK_220
 0.0161	-0.1441	 0.2549	  916.032	   70.557	  267.905	1.416	18	 ---	351.20611033317	0.0665	 66.45306340096	0.0592	2210472092176222208	  1.0336 	0.0759	 -2.62 	0.13 	 -2.362	0.102	0	     2186.1 	      2.3865 	17.3392	0.0012	      555.53 	       7.8736  	18.4896	0.0154	      2539.2 	      9.4779  	16.2502	0.0041	 2.2394	   --- 	 --- 	   --- 	---   	---   	  --- 	    ---  	  0.9  	UPK_220
 0.1387	-0.0097	 0.4699	  716.065	   36.66 	   83.526	1.42 	15	 ---	350.88860851387	0.1306	 66.2904681655 	0.0996	2210461444957802496	  1.1237 	0.1481	 -2.553	0.242	 -2.236	0.191	0	     1208.8 	      1.6881 	17.9825	0.0015	      349.69 	       9.5389  	18.9922	0.0296	      1367.3 	     16.369   	16.9223	0.013 	 2.0699	   --- 	 --- 	   --- 	---   	---   	  --- 	    ---  	  1.0  	UPK_220
-0.0133	-0.1811	 0.0424	 3024.118	  489.185	 1215.175	1.234	18	 ---	349.8059836966 	0.016 	 66.14540867385	0.0134	2210450037524155904	  1.0127 	0.0164	 -2.347	0.029	 -2.687	0.026	0	    59852.0 	     19.791  	13.7457	0.0004	    29262.0  	      59.818   	14.1856	0.0022	     44602.0 	     36.704   	13.1385	0.0009	 1.0471	   --- 	 --- 	5448.44	1.696 	0.8495	  1.73	    2.369	  1.0  	UPK_220
-0.0217	-0.2564	 0.1963	 3488.577	  426.203	  562.528	1.316	19	 ---	351.35417011804	0.0233	 66.52471769615	0.0241	2210474089341449600	  0.9888 	0.029 	 -2.311	0.047	 -2.788	0.04 	0	    24991.0 	      7.1636 	14.6939	0.0003	     8737.8  	      20.502   	15.4979	0.0025	     24154.0 	     42.938   	13.8045	0.0019	 1.6934	   --- 	 --- 	4225.67	---   	---   	  2.26	    1.473	  1.0  	UPK_220
 0.0295	-0.1712	 0.2326	  769.564	  171.455	  291.083	1.399	18	 ---	350.82042413268	0.1378	 66.45773185738	0.131 	2210478762265833088	  0.9331 	0.1596	 -2.522	0.277	 -2.494	0.233	0	     4804.8 	      6.2435 	16.4842	0.0014	     1414.8  	       8.2518  	17.4746	0.0063	      5307.2 	     18.233   	15.4498	0.0037	 2.0249	   --- 	 --- 	4058.85	---   	---   	  --- 	    ---  	  0.8  	UPK_220
-0.0115	-0.1321	 0.2601	 1306.051	  120.296	  174.488	1.384	18	 ---	350.8128909213 	0.0409	 66.45862389778	0.0389	2210478968424262016	  1.0034 	0.0479	 -2.442	0.082	 -2.653	0.068	0	     6217.3 	      4.7604 	16.2044	0.0008	     1944.9  	      16.168   	17.1291	0.009 	      6658.9 	     38.163   	15.2034	0.0062	 1.9257	   --- 	 --- 	3829.5 	1.9913	1.042 	  1.53	    0.456	  1.0  	UPK_220
-0.0712	-0.0732	-0.0255	  556.958	  119.355	  183.644	1.354	17	 ---	350.07623629204	0.0573	 66.30161220087	0.0516	2210453507858123776	  0.9276 	0.0599	 -2.174	0.107	 -2.543	0.092	0	     3379.4 	      6.0676 	16.8663	0.0019	     1026.6  	       8.6009  	17.8229	0.0091	      3549.2 	     19.327   	15.8866	0.0059	 1.9363	   --- 	 --- 	3866.75	2.3097	1.167 	  1.18	    0.283	  1.0  	UPK_220
-0.1189	-0.2426	 0.2716	 4238.044	 1065.541	 1323.243	1.258	17	 ---	350.9613323212 	0.0168	 66.40559601694	0.0164	2210471684159781760	  1.0299 	0.0205	 -2.587	0.035	 -2.715	0.028	0	    55859.0 	     13.181  	13.8206	0.0003	    24866.0  	      23.336   	14.3624	0.001 	     45389.0 	     34.301   	13.1196	0.0008	 1.2428	   --- 	 --- 	4861.32	---   	---   	  2.17	    2.373	  1.0  	UPK_220
-0.0472	-0.1533	 0.2128	 1749.205	  197.124	  663.706	1.337	18	 ---	350.78474385754	0.0286	 66.4548537055 	0.0271	2210478934064521984	  0.9897 	0.0326	 -2.362	0.057	 -2.664	0.048	0	     9496.2 	      5.4289 	15.7445	0.0006	     2978.8  	      15.111   	16.6663	0.0055	      9715.4 	     14.638   	14.7933	0.0016	 1.873 	   --- 	 --- 	4514.97	2.2383	1.1517	  1.14	    0.489	  1.0  	UPK_220
-0.1698	-0.1878	 0.2742	 6231.35 	  992.58 	 1296.141	1.251	16	 ---	350.9801570503 	0.0235	 66.38427395899	0.0239	2210471508059369344	  0.9816 	0.0286	 -2.458	0.044	 -2.685	0.04 	0	   243260.0 	     39.038  	12.2232	0.0002	   112390.0  	     113.23    	12.7246	0.0011	    191810.0 	    147.98    	11.5548	0.0008	 1.1698	   --- 	 --- 	4912.5 	---   	---   	  4.63	   11.231	  1.0  	UPK_220
 0.0491	-0.1111	 0.3115	 1252.175	  102.517	  367.554	1.385	18	 ---	351.2743815403 	0.0577	 66.49830180604	0.0498	2210473883183024128	  1.1226 	0.0643	 -2.432	0.112	 -2.566	0.086	0	     3127.2 	      2.4974 	16.9505	0.0009	      841.32 	       8.2066  	18.039 	0.0106	      3489.8 	      9.4946  	15.9049	0.003 	 2.1341	   --- 	 --- 	4205.17	---   	---   	  0.72	    0.145	  1.0  	UPK_220
-0.0273	-0.1596	 0.3831	  431.077	   49.465	   98.586	1.414	17	 ---	350.99994792   	0.0947	 66.37258913062	0.0932	2210468553122847616	  1.0378 	0.1208	 -2.367	0.183	 -2.624	0.159	0	     1361.0 	      3.1572 	17.8537	0.0025	      349.01 	       7.0556  	18.9943	0.022 	      1576.0 	     15.986   	16.768 	0.011 	 2.2263	   --- 	 --- 	   --- 	---   	---   	  --- 	    ---  	  0.9  	UPK_220
-0.046 	-0.2175	 0.1987	 1706.417	  321.522	  388.683	1.295	19	 ---	349.41246317133	0.0226	 66.08078945508	0.0217	2210444127649138688	  0.9812 	0.0265	 -2.501	0.046	 -2.735	0.042	0	    11817.0 	      6.9251 	15.5071	0.0006	     4684.5  	      14.57    	16.1747	0.0034	     10620.0 	     27.323   	14.6966	0.0028	 1.4781	   --- 	 --- 	4411.83	1.366 	0.6822	  1.38	    0.646	  1.0  	UPK_220
 0.3007	 0.0664	 0.1152	  925.387	   86.83 	  319.484	1.353	17	 ---	349.97115778116	0.066 	 66.3555068531 	0.0528	2210457287429303040	  0.9835 	0.0607	 -2.667	0.133	 -2.615	0.102	0	     3388.7 	      3.662  	16.8633	0.0012	     1065.1  	      12.267   	17.7829	0.0125	      3520.8 	     11.02    	15.8953	0.0034	 1.8876	   --- 	 --- 	3998.0 	---   	---   	  1.0 	    0.231	  0.8  	UPK_220
 0.0866	-0.1853	 0.2975	 1048.951	  101.615	  286.292	1.381	17	 ---	351.10429624128	0.0578	 66.38421488323	0.0496	2210468729222311424	  1.0936 	0.0652	 -2.349	0.11 	 -2.367	0.086	0	     3559.2 	      3.3931 	16.81  	0.001 	      976.6  	       9.6108  	17.8771	0.0107	      3937.2 	     13.752   	15.774 	0.0038	 2.1031	   --- 	 --- 	3665.0 	---   	---   	  1.23	    0.246	  0.9  	UPK_220
-0.0783	-0.1231	 0.2356	 1668.059	  286.398	  523.7  	1.331	17	 ---	351.07475351051	0.033 	 66.41792880506	0.032 	2210471993397434240	  1.0631 	0.0388	 -2.37 	0.065	 -2.606	0.054	0	     7704.4 	      4.6188 	15.9715	0.0007	     2595.1  	       9.0612  	16.816 	0.0038	      7659.8 	     14.626   	15.0514	0.0021	 1.7646	   --- 	 --- 	4002.58	---   	---   	  1.39	    0.449	  1.0  	UPK_220
-0.0284	-0.1647	 0.3851	  971.807	  102.745	  286.933	1.36 	16	 ---	351.00363962487	0.0659	 66.42592040533	0.0638	2210471886017685888	  1.0527 	0.0817	 -2.285	0.127	 -2.769	0.111	0	     2780.8 	      2.8614 	17.078 	0.0011	      851.04 	       8.283   	18.0265	0.0106	      2931.8 	     10.217   	16.0941	0.0038	 1.9324	   --- 	 --- 	   --- 	---   	---   	  --- 	    ---  	  1.0  	UPK_220
-0.1064	-0.1143	 0.2357	 3679.754	  673.105	  644.247	1.288	17	 ---	351.11188202328	0.0192	 66.3593436637 	0.0189	2210467904588604416	  1.0529 	0.0215	 -2.273	0.037	 -2.4  	0.034	0	    27072.0 	      7.3569 	14.6071	0.0003	    10614.0  	      15.769   	15.2867	0.0016	     24260.0 	     37.656   	13.7997	0.0017	 1.487 	   --- 	 --- 	4589.52	---   	---   	  1.73	    1.196	  1.0  	UPK_220
-0.1135	-0.0788	 0.0869	 3936.412	  536.206	 1123.288	1.277	18	 ---	350.43601049977	0.0154	 66.46374591051	0.0136	2210481201807207424	  0.9874 	0.0158	 -2.543	0.031	 -2.387	0.026	0	    38550.0 	      9.7932 	14.2233	0.0003	    15578.0  	      29.052   	14.8701	0.002 	     33656.0 	     29.962   	13.4443	0.001 	 1.4258	   --- 	 --- 	4444.0 	---   	---   	  2.42	    2.051	  1.0  	UPK_220
 0.0069	-0.101 	 0.2839	 4584.733	  633.92 	  811.042	1.326	18	 ---	351.34828265575	0.0159	 66.47830395898	0.0131	2210470790806592384	  1.0094 	0.0166	 -2.272	0.03 	 -2.834	0.024	0	    85649.0 	     18.681  	13.3566	0.0002	    29463.0  	      46.478   	14.1782	0.0017	     84128.0 	    103.73    	12.4496	0.0013	 1.7286	   --- 	 --- 	4081.67	---   	---   	  4.59	    5.266	  0.9  	UPK_220
-0.1587	-0.2611	 0.2066	 3776.676	  551.805	  913.624	1.329	17	 ---	351.14777056836	0.0175	 66.43267995532	0.0167	2210472062116912256	  0.9728 	0.0207	 -2.772	0.033	 -2.305	0.028	0	    43097.0 	     11.411  	14.1022	0.0003	    14233.0  	      25.794   	14.9681	0.002 	     43049.0 	     47.119   	13.177 	0.0012	 1.7911	   --- 	 --- 	3994.0 	---   	---   	  3.62	    3.008	  0.7  	UPK_220
-0.0846	-0.2162	 0.2692	 5164.253	  739.858	 1133.612	1.252	19	 ---	351.41181226419	0.0185	 66.55137899849	0.0178	2210474497356598400	  1.0138 	0.0221	 -2.497	0.037	 -2.56 	0.031	0	   131530.0 	     25.469  	12.8908	0.0002	    60363.0  	      81.588   	13.3995	0.0015	    104270.0 	     91.981   	12.2165	0.001 	 1.1829	   --- 	 --- 	4888.0 	---   	---   	  3.34	    5.728	  1.0  	UPK_220
-0.0125	-0.1298	 0.219 	 1482.46 	  218.492	  445.518	1.371	18	 ---	351.1842591254 	0.0381	 66.44769461953	0.0352	2210472096476646144	  1.1411 	0.0433	 -2.468	0.075	 -2.624	0.061	0	     6707.9 	      4.5249 	16.1219	0.0007	     1892.4  	       8.6611  	17.1589	0.005 	      7302.9 	     16.392   	15.1032	0.0024	 2.0557	   --- 	 --- 	3765.5 	2.742 	1.3932	  1.48	    0.397	  1.0  	UPK_220
-0.0507	-0.1341	 0.2823	  922.139	   61.44 	  241.294	1.393	18	 ---	350.79656433277	0.0811	 66.36183380835	0.0772	2210465705565308672	  1.084  	0.0967	 -2.314	0.157	 -2.512	0.134	0	     1884.3 	      2.0434 	17.5005	0.0012	      520.41 	       8.4703  	18.5605	0.0177	      2104.1 	      8.7199  	16.4543	0.0045	 2.1062	   --- 	 --- 	   --- 	---   	---   	  --- 	    ---  	  0.9  	UPK_220
-0.0472	-0.0094	 0.2331	 4165.128	  667.256	 1169.667	1.26 	17	 ---	351.14021056855	0.0147	 66.41945606906	0.014 	2210469107179419008	  1.0098 	0.0171	 -2.387	0.03 	 -2.559	0.024	0	    80645.0 	     19.362  	13.4219	0.0003	    35530.0  	      53.248   	13.9749	0.0016	     66070.0 	     56.486   	12.7119	0.0009	 1.263 	   --- 	 --- 	4818.18	---   	---   	  2.72	    3.605	  1.0  	UPK_220
-0.0381	-0.064 	 0.2169	 5649.051	  878.422	 1195.974	1.258	18	 ---	350.85217434786	0.0142	 66.35245697585	0.0131	2210465568126367488	  1.01   	0.0153	 -2.446	0.028	 -2.689	0.024	0	    87751.0 	     15.534  	13.3302	0.0002	    39473.0  	      44.936   	13.8606	0.0012	     70910.0 	     59.29    	12.6352	0.0009	 1.2255	   --- 	 --- 	4865.57	---   	---   	  2.77	    3.872	  1.0  	UPK_220
-0.043 	-0.1965	 0.3503	 1099.488	   84.36 	  337.527	1.377	17	 ---	351.00950358971	0.0633	 66.43317544672	0.0609	2210471890318201600	  0.8458 	0.0779	 -2.452	0.124	 -2.605	0.105	0	     2749.0 	      2.5003 	17.0904	0.001 	      788.56 	       9.3476  	18.1093	0.0129	      2996.8 	      8.8786  	16.0703	0.0032	 2.039 	   --- 	 --- 	   --- 	---   	---   	  --- 	    ---  	  0.9  	UPK_220
-0.1063	-0.1515	 0.2034	 3815.502	 1466.255	 2121.099	1.231	18	 ---	350.87821836534	0.0227	 66.40308209708	0.0215	2210472474433753984	  1.0385 	0.0253	 -2.593	0.043	 -2.651	0.038	0	   879400.0 	    230.48   	10.8279	0.0003	   428400.0  	     292.17    	11.2718	0.0007	    653790.0 	    308.23    	10.2233	0.0005	 1.0484	   --- 	 --- 	5102.5 	---   	---   	  7.55	   34.83 	  1.0  	UPK_220
-0.0149	-0.1598	 0.3142	 3329.387	  302.66 	  755.492	1.356	16	 ---	351.54188288663	0.0261	 66.48240559772	0.0223	2210470241050931456	  1.0271 	0.027 	 -2.554	0.048	 -2.585	0.039	0	    15307.0 	      4.5976 	15.2261	0.0003	     4565.1  	      15.083   	16.2028	0.0036	     16198.0 	     21.44    	14.2383	0.0014	 1.9645	   --- 	 --- 	3827.65	2.572 	1.308 	  2.36	    1.073	  1.0  	UPK_220
-0.0626	-0.2733	 0.2011	 1254.296	   78.997	  404.289	1.424	16	 ---	352.78992861967	0.0453	 66.77523478511	0.0557	2210387674598123520	  1.0678 	0.058 	 -2.462	0.094	 -2.551	0.096	0	     4174.6 	      3.3282 	16.6368	0.0009	      996.31 	      12.612   	17.8554	0.0137	      4946.6 	     12.235   	15.5262	0.0027	 2.3292	   --- 	 --- 	4164.15	2.841 	1.4327	  0.9 	    0.218	  1.0  	UPK_220
-0.0711	-0.2226	 0.2723	 2339.885	  321.194	  819.316	1.34 	18	 ---	351.30612636832	0.0295	 66.49477794994	0.0247	2210473780103814784	  0.9792 	0.0323	 -2.422	0.055	 -2.56 	0.043	0	    11328.0 	      4.8413 	15.553 	0.0005	     3639.4  	      11.331   	16.4488	0.0034	     11537.0 	     14.081   	14.6067	0.0013	 1.8421	   --- 	 --- 	3921.0 	---   	---   	  1.96	    0.82 	  1.0  	UPK_220
-0.0631	-0.0179	-0.0421	 3726.683	  555.054	 1256.804	1.285	16	 ---	350.06861020109	0.0177	 66.37255446209	0.0178	2210457665386428032	  0.9858 	0.0193	 -2.213	0.035	 -2.693	0.03 	0	    33389.0 	      8.9593 	14.3794	0.0003	    13375.0  	      24.097   	15.0356	0.002 	     29515.0 	     23.484   	13.5868	0.0009	 1.4488	   --- 	 --- 	4432.0 	---   	---   	  2.27	    1.792	  1.0  	UPK_220
-0.0451	-0.209 	 0.2403	 2891.193	  403.228	  880.277	1.324	19	 ---	351.4931411141 	0.0183	 66.56269444673	0.0163	2210474570377962112	  1.032  	0.0206	 -2.486	0.036	 -2.545	0.03 	0	    23303.0 	      8.06   	14.7698	0.0004	     7990.5  	      19.816   	15.595 	0.0027	     22864.0 	     25.974   	13.864 	0.0012	 1.7309	   --- 	 --- 	4049.67	---   	---   	  2.4 	    1.399	  1.0  	UPK_220
-0.165 	-0.202 	 0.2726	 4776.064	  854.346	  577.43 	1.252	16	 ---	350.93437344622	0.0144	 66.41854064334	0.0151	2210472508793490816	  1.0263 	0.0176	 -2.491	0.027	 -2.498	0.024	0	    90300.0 	     18.907  	13.2991	0.0002	    42037.0  	      49.203   	13.7923	0.0013	     71048.0 	    123.04    	12.633 	0.0019	 1.1593	   --- 	 --- 	4950.43	---   	---   	  2.64	    3.78 	  1.0  	UPK_220
-0.017 	-0.0137	 0.357 	  763.892	   76.762	  202.173	1.615	16	 ---	350.93365567918	0.0616	 66.40145126504	0.0588	2210471752879257088	  0.9688 	0.0752	 -1.91 	0.132	 -2.678	0.107	0	     4517.0 	      5.9131 	16.5512	0.0014	     1725.7  	      22.481   	17.259 	0.0141	      5571.3 	     27.557   	15.397 	0.0054	 1.862 	   --- 	 --- 	4280.0 	---   	---   	  0.94	    0.27 	  0.7  	UPK_220
-0.0279	-0.1256	 0.1829	 1747.911	  164.891	  532.703	1.382	17	 ---	351.21588979642	0.0407	 66.46484315715	0.0375	2210473642664867584	  0.9624 	0.0459	 -2.217	0.079	 -2.536	0.065	0	     5849.7 	      3.3467 	16.2705	0.0006	     1582.7  	       9.5986  	17.3529	0.0066	      6504.1 	     12.21    	15.2289	0.002 	 2.1239	   --- 	 --- 	3650.0 	2.5208	1.306 	  1.82	    0.528	  1.0  	UPK_220
-0.0592	-0.2016	 0.265 	 1117.581	   84.884	  181.124	1.385	18	 ---	350.81413265966	0.0445	 66.45915230754	0.04  	2210478968424261888	  0.9687 	0.0515	 -2.567	0.084	 -2.349	0.07 	0	     4860.5 	      4.3491 	16.4717	0.001 	     1517.0  	      17.872   	17.3989	0.0128	      5213.4 	     28.784   	15.4691	0.006 	 1.9298	   --- 	 --- 	3836.0 	2.252 	1.133 	  1.4 	    0.381	  0.8  	UPK_220
-0.1192	-0.2088	 0.202 	 4170.179	  526.272	 1220.719	1.262	18	 ---	350.800526709  	0.0178	 66.41965031025	0.0157	2210466908156116992	  0.9717 	0.0189	 -2.441	0.034	 -2.489	0.028	0	    40711.0 	      9.7624 	14.1641	0.0003	    17616.0  	      33.474   	14.7366	0.0021	     33742.0 	     27.641   	13.4415	0.0009	 1.2951	   --- 	 --- 	4837.88	---   	---   	  1.99	    1.955	  1.0  	UPK_220
-0.0459	 0.0092	 0.2363	 2423.309	 1164.368	 1140.367	1.237	17	 ---	350.88020714789	0.0244	 66.39666850493	0.0216	2210471718519514112	  1.022  	0.0269	 -2.251	0.05 	 -2.222	0.04 	0	   520600.0 	    214.83   	11.3971	0.0004	   255330.0  	     219.29    	11.8336	0.0009	    388600.0 	    340.76    	10.7882	0.001 	 1.0455	   --- 	 --- 	5113.47	---   	---   	  5.87	   21.248	  1.0  	UPK_220
 0.3003	 0.0635	 0.2614	  988.457	   82.991	  247.137	1.322	15	 ---	349.52215425083	0.0664	 66.14768996277	0.0487	2210447872860596992	  0.8818 	0.062 	 -2.478	0.136	 -2.897	0.101	0	     3141.7 	      3.1784 	16.9454	0.0011	     1101.8  	      13.277   	17.7461	0.0131	      3052.6 	     12.352   	16.0502	0.0044	 1.6958	   --- 	 --- 	4250.0 	---   	---   	  0.88	    0.23 	  0.5  	UPK_220
-0.1052	-0.134 	 0.1693	 5283.995	  674.687	 1290.786	1.257	18	 ---	350.47428477243	0.0129	 66.47030322552	0.0109	2210481167447470464	  1.0033 	0.0134	 -2.383	0.026	 -2.708	0.021	0	    92244.0 	     17.457  	13.276 	0.0002	    41212.0  	      61.083   	13.8138	0.0016	     74726.0 	     57.892   	12.5782	0.0008	 1.2356	   --- 	 --- 	4852.25	1.4643	0.7418	  2.88	    4.139	  1.0  	UPK_220
 0.018 	-0.1826	 0.3159	 3632.981	  545.893	  580.964	1.294	18	 ---	350.68200087526	0.0199	 66.65861465057	0.0199	2210532432177039104	  0.995  	0.0242	 -2.348	0.04 	 -2.617	0.036	0	    22764.0 	      6.2659 	14.7953	0.0003	     8651.0  	      15.848   	15.5087	0.002 	     20800.0 	     35.803   	13.9668	0.0019	 1.542 	   --- 	 --- 	4370.0 	2.489 	1.257 	  1.94	    1.233	  1.0  	UPK_220
-0.1301	-0.2641	 0.0634	 4413.38 	  401.208	  785.923	1.355	18	 ---	352.0558493326 	0.0202	 66.7941705564 	0.0209	2210584109221218432	  1.0619 	0.0246	 -2.366	0.041	 -2.771	0.037	0	    24173.0 	      5.4772 	14.73  	0.0002	     7149.6  	      17.82    	15.7157	0.0027	     25613.0 	     32.59    	13.7408	0.0014	 1.9749	   --- 	 --- 	3714.0 	---   	---   	  3.16	    1.713	  1.0  	UPK_220
 0.0322	 0.0655	 0.0052	  981.817	   97.172	  279.919	1.366	17	 ---	350.33190670452	0.0723	 66.54646045967	0.0636	2210529442879815552	  1.0029 	0.0726	 -2.186	0.159	 -2.579	0.133	0	     2395.5 	      2.4399 	17.2399	0.0011	      672.94 	       6.9252  	18.2815	0.0112	      2600.3 	      9.2896  	16.2244	0.0039	 2.0571	   --- 	 --- 	   --- 	---   	---   	  --- 	    ---  	  1.0  	UPK_220
-0.0763	-0.3893	 0.3319	 1037.571	   59.899	  280.4  	1.381	16	 ---	350.76665366462	0.0716	 66.62023429735	0.0682	2210484534701784832	  0.97   	0.0928	 -2.399	0.14 	 -2.56 	0.119	0	     2229.1 	      2.1483 	17.3181	0.001 	      603.63 	      10.077   	18.3995	0.0181	      2474.3 	      8.8242  	16.2783	0.0039	 2.1212	   --- 	 --- 	   --- 	---   	---   	  --- 	    ---  	  1.0  	UPK_220
-0.19  	-0.0831	 0.0974	 5542.66 	  749.803	 1416.639	1.263	18	 ---	350.60918970419	0.0211	 66.48690952358	0.0199	2210482571895118208	  0.9983 	0.0218	 -2.671	0.043	 -2.548	0.038	1	   145400.0 	     26.232  	12.782 	0.0002	    63460.0  	      84.636   	13.3451	0.0014	    120140.0 	     84.809   	12.0627	0.0008	 1.2825	   --- 	 --- 	4982.0 	---   	---   	  3.39	    6.388	  1.0  	UPK_220
-0.0212	-0.1457	 0.2287	 1165.853	  150.465	  443.63 	1.43 	16	 ---	350.84480248924	0.0335	 66.50096758906	0.0322	2210485668573224704	  0.9936 	0.0382	 -2.55 	0.067	 -2.587	0.057	0	    15085.0 	     12.939  	15.242 	0.0009	     3809.7  	      25.32    	16.3992	0.0072	     17759.0 	     40.032   	14.1383	0.0024	 2.2608	   --- 	 --- 	3616.25	2.6735	1.354 	  2.92	    1.309	  1.0  	UPK_220
 0.0008	-0.2437	 0.2445	 3088.731	  186.651	  628.045	1.312	19	 ---	350.49503463201	0.024 	 66.62165114548	0.021 	2210531951140698624	  0.884  	0.0261	 -2.876	0.046	 -2.504	0.039	0	    18368.0 	      5.9467 	15.0282	0.0004	     6711.0  	      35.955   	15.7844	0.0058	     17379.0 	     27.672   	14.1618	0.0017	 1.6226	   --- 	 --- 	4305.64	2.3793	1.1215	  2.05	    1.299	  0.9  	UPK_220
-0.1113	-0.169 	 0.226 	 3807.782	  581.843	 1065.204	1.339	17	 ---	350.89216790476	0.0172	 66.51475386309	0.0148	2210485702932961664	  0.9594 	0.0179	 -2.246	0.032	 -2.57 	0.026	0	    59892.0 	     15.729  	13.7449	0.0003	    19788.0  	      34.009   	14.6104	0.0019	     60384.0 	     56.688   	12.8096	0.001 	 1.8008	   --- 	 --- 	3998.0 	---   	---   	  4.32	    4.286	  1.0  	UPK_220
-0.0596	-0.2497	 0.2157	 1526.685	  554.226	  879.213	1.453	19	 0.0	351.17275689226	0.0329	 66.571383523  	0.0325	2210487042962761216	  1.1032 	0.04  	 -2.38 	0.067	 -2.676	0.057	0	  2016600.0 	   1320.9    	 9.9268	0.0007	   321460.0  	     580.01    	11.5836	0.002 	   2608700.0 	   2967.1     	 8.7209	0.0012	 2.8627	  -8.64	 0.42	3496.37	2.058 	1.035 	 33.98	  155.462	  1.0  	UPK_220
-0.0561	-0.3147	 0.1573	  897.102	   55.102	  125.135	1.388	18	 ---	350.9835877202 	0.0693	 66.73511740946	0.0616	2210538273332557952	  1.0495 	0.0833	 -2.484	0.139	 -2.879	0.11 	0	     2337.6 	      2.6058 	17.2664	0.0012	      671.34 	      12.183   	18.284 	0.0197	      2573.3 	     20.564   	16.2357	0.0087	 2.0483	   --- 	 --- 	   --- 	---   	---   	  --- 	    ---  	  0.9  	UPK_220
-0.1529	-0.1394	 0.2221	 3545.652	  416.062	  912.821	1.389	17	 ---	350.9399414567 	0.0236	 66.52135425683	0.0235	2210485806012178688	  0.9916 	0.0274	 -2.503	0.047	 -2.606	0.041	1	   175030.0 	     49.366  	12.5806	0.0003	    47978.0  	     115.31    	13.6488	0.0026	    195160.0 	    213.79    	11.536 	0.0012	 2.1128	   --- 	 --- 	4034.78	1.813 	0.8857	  --- 	    ---  	  1.0  	UPK_220
-0.183 	-0.2427	 0.0277	 1219.319	  283.193	  397.452	1.399	17	 ---	351.84857849857	0.023 	 66.70820993065	0.0211	2210571705355673600	  1.053  	0.0263	 -2.38 	0.046	 -2.777	0.043	0	   161620.0 	    132.54   	12.6672	0.0009	    40878.0  	     144.34    	13.8227	0.0038	    185160.0 	    465.86    	11.5931	0.0027	 2.2296	   --- 	 --- 	3537.5 	2.0495	0.986 	  9.69	   13.245	  1.0  	UPK_220
 0.1387	 0.0285	 0.112 	 3301.009	  488.06 	  898.762	1.271	17	 ---	349.75222356922	0.0252	 66.32364886585	0.0198	2210502745362703616	  0.9831 	0.0231	 -2.416	0.047	 -2.482	0.037	0	    22340.0 	      6.7675 	14.8157	0.0003	     9380.5  	      19.22    	15.4208	0.0022	     19004.0 	     21.144   	14.0648	0.0012	 1.356 	   --- 	 --- 	5061.0 	---   	---   	  1.3 	    0.995	  1.0  	UPK_220
 0.2312	-0.3766	-0.1088	 1352.112	   92.586	  354.941	1.418	15	 ---	352.52806393864	0.0599	 66.75549447741	0.0573	2210575003890840064	  0.9329 	0.0687	 -2.311	0.131	 -2.349	0.11 	0	     4093.0 	      3.0271 	16.6583	0.0008	      984.67 	      10.635   	17.8682	0.0117	      4818.7 	     13.576   	15.5546	0.0031	 2.3136	   --- 	 --- 	4138.71	---   	---   	  1.04	    0.285	  1.0  	UPK_220
-0.1352	-0.2163	 0.2288	 4229.192	  549.66 	  855.824	1.332	17	 ---	350.98013467001	0.0138	 66.56231463485	0.0134	2210486115249807104	  1.0167 	0.0163	 -2.587	0.029	 -2.705	0.023	0	    92376.0 	     21.842  	13.2745	0.0003	    31170.0  	      56.707   	14.1171	0.002 	     91907.0 	    107.39    	12.3535	0.0013	 1.7635	   --- 	 --- 	4084.33	---   	---   	  4.72	    5.589	  1.0  	UPK_220
-0.127 	-0.2348	 0.2348	 3151.546	  464.907	 1264.68 	1.336	17	 ---	350.94676983832	0.0177	 66.55421697988	0.0163	2210486080890069248	  1.1785 	0.0201	 -2.451	0.035	 -2.548	0.029	0	    92263.0 	     29.275  	13.2758	0.0003	    30814.0  	      66.279   	14.1295	0.0023	     92416.0 	     73.075   	12.3476	0.0009	 1.782 	   --- 	 --- 	4039.19	---   	---   	  4.22	    4.275	  0.9  	UPK_220
 0.0587	-0.0929	 0.1028	 4112.07 	  957.394	 1509.011	1.216	18	 ---	349.5341689995 	0.024 	 66.50489731128	0.0191	2210520165749945856	  1.0265 	0.0225	 -2.316	0.047	 -2.625	0.036	0	   415550.0 	    101.06   	11.6418	0.0003	   223650.0  	     233.6     	11.9775	0.0011	    281540.0 	    186.57    	11.1381	0.0007	 0.8394	   --- 	 --- 	5760.0 	---   	---   	  3.97	   15.591	  1.0  	UPK_220
-0.0326	-0.2293	 0.2062	 2989.738	  245.95 	  567.127	1.356	19	 ---	351.43202576707	0.0249	 66.63755761632	0.0234	2210487730157748992	  1.0563 	0.0287	 -2.263	0.049	 -2.254	0.042	0	    11314.0 	      3.7844 	15.5543	0.0004	     3401.2  	      13.829   	16.5223	0.0044	     11935.0 	     21.045   	14.5698	0.0019	 1.9525	   --- 	 --- 	3996.0 	2.263 	1.152 	  1.71	    0.669	  1.0  	UPK_220
 0.0271	-0.1401	 0.1527	 1390.366	  141.012	  538.311	1.422	19	 ---	351.85505697491	0.0382	 66.90544599417	0.0355	2210589228822208512	  0.8553 	0.0449	 -2.22 	0.08 	 -2.664	0.066	0	     7134.9 	      5.1317 	16.0549	0.0008	     1630.3  	      11.562   	17.3207	0.0077	      8516.5 	     15.821   	14.9363	0.002 	 2.3844	   --- 	 --- 	3797.67	2.592 	1.3108	  1.98	    0.736	  0.8  	UPK_220
-0.0482	-0.2357	 0.2496	 1726.28 	  331.899	  574.767	1.414	17	 ---	350.85732138095	0.044 	 66.51931707404	0.0398	2210485737292693120	  0.9587 	0.0491	 -2.178	0.086	 -2.528	0.07 	0	    13375.0 	      7.7479 	15.3726	0.0006	     3625.9  	      10.925   	16.4528	0.0033	     15292.0 	     26.606   	14.3007	0.0019	 2.1521	   --- 	 --- 	3776.53	2.7303	1.4045	  2.47	    1.114	  1.0  	UPK_220
-0.1235	-0.2282	 0.1018	 3736.716	  537.873	 1176.498	1.31 	18	 ---	352.02693470466	0.0199	 66.83889119488	0.0193	2210585204435571200	  0.9948 	0.0235	 -2.504	0.041	 -2.653	0.035	0	   131940.0 	     35.309  	12.8874	0.0003	    47014.0  	      87.407   	13.6708	0.002 	    125800.0 	    106.92    	12.0127	0.0009	 1.6581	   --- 	 --- 	4270.0 	---   	---   	  5.01	    7.505	  1.0  	UPK_220
 0.0408	-0.229 	 0.3602	 2660.543	  469.299	  674.756	1.316	16	 ---	350.70119540176	0.0258	 66.75690259452	0.0236	2210536211748206976	  1.0396 	0.0311	 -2.494	0.052	 -2.559	0.044	0	    16551.0 	      6.221  	15.1413	0.0004	     5751.9  	      12.256   	15.9519	0.0023	     16037.0 	     23.767   	14.2491	0.0016	 1.7028	   --- 	 --- 	4246.0 	2.855 	1.456 	  1.73	    0.873	  1.0  	UPK_220
-0.005 	-0.1954	 0.2665	 4343.8  	  409.534	 1046.774	1.288	18	 ---	351.2261217062 	0.0182	 66.7146213851 	0.0174	2210492403082301056	  1.0242 	0.0204	 -2.633	0.035	 -2.624	0.031	1	    30720.0 	      7.0722 	14.4698	0.0003	    11855.0  	      28.947   	15.1666	0.0027	     27715.0 	     26.477   	13.6551	0.001 	 1.5115	   --- 	 --- 	4443.0 	---   	---   	  2.08	    1.52 	  1.0  	UPK_220
 0.0958	-0.3411	 0.299 	 1709.498	  269.679	  716.395	1.34 	15	 ---	350.65143167176	0.0428	 66.74462995472	0.0376	2210536074309254144	  0.891  	0.0533	 -2.205	0.088	 -2.507	0.069	0	    11329.0 	      6.6269 	15.5529	0.0006	     3666.7  	      13.597   	16.4407	0.004 	     11509.0 	     16.066   	14.6093	0.0015	 1.8314	   --- 	 --- 	3962.0 	2.0622	1.0227	  2.08	    0.963	  1.0  	UPK_220
-0.0223	-0.1332	 0.0917	 4692.295	  682.899	 1554.961	1.253	17	 ---	349.13670150332	0.0147	 66.42287698175	0.013 	2210514324594417280	  1.0129 	0.0154	 -2.485	0.029	 -2.753	0.025	0	    53254.0 	     11.349  	13.8725	0.0002	    24043.0  	      35.207   	14.3989	0.0016	     42689.0 	     27.453   	13.1861	0.0007	 1.2128	   --- 	 --- 	4873.38	---   	---   	  2.14	    2.332	  1.0  	UPK_220
-0.0035	-0.1015	 0.0606	  731.404	   30.905	  120.84 	1.43 	17	 ---	349.69465273032	0.1182	 66.60757883504	0.1106	2210521845079249408	  0.8382 	0.1355	 -2.349	0.242	 -2.605	0.18 	0	     1190.6 	      1.6279 	17.9989	0.0015	      314.76 	      10.185   	19.1064	0.0351	      1388.3 	     11.489   	16.9057	0.009 	 2.2007	   --- 	 --- 	   --- 	---   	---   	  --- 	    ---  	  0.5  	UPK_220
-0.0321	-0.3649	 0.1154	 1948.515	  167.942	  685.096	1.343	19	 ---	351.00373849282	0.0294	 66.60430269788	0.027 	2210489585583362816	  1.0271 	0.0345	 -2.43 	0.059	 -2.598	0.048	0	     9682.4 	      4.9691 	15.7234	0.0006	     3072.4  	      18.294   	16.6327	0.0065	      9928.0 	     14.491   	14.7698	0.0016	 1.8629	   --- 	 --- 	3893.0 	2.0695	1.0195	  1.77	    0.649	  1.0  	UPK_220
 0.1742	-0.1886	 0.36  	  862.884	  100.224	  243.125	1.357	17	 ---	350.86660066045	0.0569	 66.80627184392	0.0483	2210542259062154880	  0.9361 	0.0665	 -2.588	0.122	 -2.829	0.089	0	     3766.5 	      4.365  	16.7485	0.0013	     1128.1  	      11.256   	17.7205	0.0108	      3984.3 	     16.388   	15.7611	0.0045	 1.9594	   --- 	 --- 	3868.74	2.4405	1.2443	  1.24	    0.309	  0.8  	UPK_220
-0.0907	-0.1283	 0.1349	 4281.483	  460.772	  883.013	1.303	19	 ---	351.09311346432	0.0149	 66.61966783473	0.0149	2210489654302841344	  0.9967 	0.0177	 -2.224	0.033	 -2.502	0.028	0	    37852.0 	      8.841  	14.2431	0.0003	    13954.0  	      30.285   	14.9896	0.0024	     35383.0 	     40.071   	13.3899	0.0012	 1.5997	   --- 	 --- 	4278.0 	---   	---   	  2.66	    2.136	  1.0  	UPK_220
 0.1019	-0.3026	 0.0899	  501.472	   22.099	   48.798	1.525	16	 ---	352.21439012755	0.0988	 66.77565732716	0.1039	2210577301694027904	  1.1282 	0.1214	 -2.563	0.204	 -2.893	0.177	0	     1197.8 	      2.3885 	17.9924	0.0022	      281.55 	      12.741   	19.2275	0.0491	      1545.2 	     31.665   	16.7895	0.0222	 2.438 	   --- 	 --- 	   --- 	---   	---   	  --- 	    ---  	  0.8  	UPK_220
 0.0089	-0.2798	 0.2138	 1363.79 	   62.859	  415.913	1.403	19	 ---	351.08192263247	0.0469	 66.61242136103	0.0429	2210486699365344384	  0.9936 	0.0554	 -2.433	0.096	 -2.596	0.075	0	     4080.5 	      2.9921 	16.6616	0.0008	     1087.2  	      17.297   	17.7606	0.0173	      4638.9 	     11.153   	15.5959	0.0026	 2.1647	   --- 	 --- 	3622.0 	---   	---   	  1.51	    0.353	  1.0  	UPK_220
 0.1069	-0.2137	 0.386 	  745.722	   39.539	  192.47 	1.385	17	 ---	350.62354884637	0.1043	 66.69038737229	0.0958	2210535692053960832	  0.9093 	0.1286	 -2.037	0.204	 -2.619	0.176	0	     1483.8 	      1.9897 	17.76  	0.0015	      392.22 	       9.9197  	18.8676	0.0275	      1662.2 	      8.6364  	16.7102	0.0056	 2.1574	   --- 	 --- 	   --- 	---   	---   	  --- 	    ---  	  0.6  	UPK_220
-0.0179	-0.2635	 0.1886	 1672.908	  167.887	  431.464	1.401	19	 ---	351.03634574524	0.039 	 66.59975271424	0.0369	2210489551223630976	  0.9697 	0.0461	 -2.345	0.079	 -2.574	0.066	0	     6172.5 	      3.6897 	16.2122	0.0006	     1546.7  	       9.2125  	17.3779	0.0065	      7099.7 	     16.455   	15.1338	0.0025	 2.2441	   --- 	 --- 	3721.13	2.787 	1.437 	  1.74	    0.522	  1.0  	UPK_220
 0.0503	-0.0617	 0.2776	 4855.003	  519.95 	 1196.516	1.268	16	 ---	350.84552936689	0.0202	 66.78430167726	0.015 	2210542155982947072	  0.9899 	0.02  	 -2.383	0.038	 -2.628	0.028	0	    69251.0 	     14.264  	13.5873	0.0002	    29477.0  	      56.693   	14.1777	0.0021	     58322.0 	     48.743   	12.8473	0.0009	 1.3303	   --- 	 --- 	4867.79	---   	---   	  2.51	    3.18 	  1.0  	UPK_220
-0.0888	-0.0812	 0.1302	 2531.391	  388.333	  626.86 	1.337	18	 ---	350.46029110706	0.0253	 66.48710391382	0.0223	2210481992081180032	  0.9823 	0.0264	 -2.767	0.051	 -2.573	0.043	0	    12781.0 	      5.0489 	15.422 	0.0004	     4111.9  	      10.589   	16.3163	0.0028	     12974.0 	     20.697   	14.4792	0.0017	 1.837 	   --- 	 --- 	3946.5 	---   	---   	  2.03	    0.904	  0.8  	UPK_220
-0.0776	-0.1575	 0.1896	 3154.742	  281.14 	  881.757	1.333	18	 ---	350.70488297828	0.0209	 66.51511272274	0.0185	2210483022873345152	  1.1201 	0.0221	 -2.448	0.041	 -2.322	0.034	0	    23051.0 	      7.3068 	14.7816	0.0003	     7593.4  	      27.009   	15.6503	0.0039	     23132.0 	     26.233   	13.8514	0.0012	 1.7989	   --- 	 --- 	3960.0 	2.042 	1.0048	  2.37	    1.242	  1.0  	UPK_220
-0.032 	-0.1543	 0.2794	 2652.014	  295.089	  463.894	1.362	17	 ---	350.854440294  	0.0216	 66.55473652077	0.0208	2210488967108081152	  0.9736 	0.0252	 -2.388	0.044	 -2.576	0.037	0	    22374.0 	      8.4365 	14.814 	0.0004	     7260.5  	      24.605   	15.699 	0.0037	     23215.0 	     50.044   	13.8475	0.0023	 1.8515	   --- 	 --- 	3970.34	2.619 	1.3435	  2.66	    1.584	  1.0  	UPK_220
 0.0619	-0.1194	-0.0323	 2072.19 	  271.755	  795.41 	1.347	16	 ---	349.93889499466	0.0398	 66.55794916774	0.0302	2210510476304180608	  1.1004 	0.0343	 -2.363	0.074	 -2.907	0.059	0	    11277.0 	      5.4419 	15.5579	0.0005	     3513.2  	      12.928   	16.4871	0.004 	     11671.0 	     14.673   	14.5941	0.0014	 1.893 	   --- 	 --- 	3854.0 	---   	---   	  1.84	    0.676	  1.0  	UPK_220
-0.2239	-0.1296	 0.189 	 5656.11 	  947.159	 1201.094	1.265	17	 ---	350.89949836244	0.0233	 66.67622242521	0.0235	2210537547479405440	  1.0788 	0.0269	 -2.517	0.046	 -2.53 	0.044	0	   164450.0 	     29.075  	12.6483	0.0002	    72100.0  	      76.123   	13.2065	0.0011	    135920.0 	    113.16    	11.9287	0.0009	 1.2778	   --- 	 --- 	4801.3 	---   	---   	  3.68	    6.471	  1.0  	UPK_220
-0.0748	-0.2195	 0.2213	 2898.445	  375.653	  712.137	1.341	18	 ---	351.35522292519	0.0213	 66.62878630031	0.0206	2210487661438390016	  0.9711 	0.0251	 -2.32 	0.041	 -2.455	0.038	0	    19351.0 	      6.6764 	14.9716	0.0004	     6180.6  	      16.453   	15.8738	0.0029	     19769.0 	     27.76    	14.022 	0.0015	 1.8518	   --- 	 --- 	4492.29	---   	---   	  1.69	    1.043	  1.0  	UPK_220
 0.0629	-0.0284	 0.2097	 4387.557	  631.562	 1089.627	1.259	15	 ---	350.91369655142	0.0197	 66.7771260277 	0.0153	2210542293421912064	  1.0065 	0.0197	 -2.622	0.038	 -2.57 	0.028	0	    52117.0 	     11.878  	13.8959	0.0002	    22655.0  	      35.871   	14.4635	0.0017	     42979.0 	     39.444   	13.1788	0.001 	 1.2847	   --- 	 --- 	4948.86	---   	---   	  2.05	    2.269	  1.0  	UPK_220
-0.1177	-0.2674	 0.2095	 1474.958	   57.225	   39.995	1.537	18	 ---	350.80329636438	0.0163	 66.62039405929	0.0171	2210490341492729216	  1.0145 	0.0201	 -2.199	0.032	 -2.591	0.03 	0	    41310.0 	     28.007  	14.1482	0.0007	    16778.0  	     293.19    	14.7896	0.019 	     46694.0 	   1167.5     	13.0888	0.0271	 1.7008	   --- 	 --- 	4292.52	---   	---   	  2.7 	    2.234	  1.0  	UPK_220
 0.2007	-0.0974	 0.3169	 2198.873	  303.816	  750.651	1.316	18	 ---	350.90262979613	0.0281	 66.72809770946	0.0252	2210538616929934208	  0.9515 	0.0306	 -2.377	0.056	 -2.6  	0.047	0	    13350.0 	      6.0713 	15.3747	0.0005	     4627.7  	      15.232   	16.188 	0.0036	     12945.0 	     17.246   	14.4816	0.0014	 1.7064	   --- 	 --- 	4117.0 	---   	---   	  1.87	    0.904	  1.0  	UPK_220
-0.0194	-0.2543	 0.3201	 1170.585	  111.535	  359.792	1.355	18	 ---	350.87241255444	0.0415	 66.65934465918	0.0416	2210537483058600832	  1.04   	0.0531	 -2.531	0.087	 -2.678	0.073	0	     4585.5 	      3.9173 	16.5349	0.0009	     1445.8  	      12.963   	17.4511	0.0097	      4767.1 	     13.25    	15.5663	0.003 	 1.8848	   --- 	 --- 	4142.93	---   	---   	  0.98	    0.256	  1.0  	UPK_220
 0.0505	 0.0481	 0.0404	 4654.432	  494.444	 1113.876	1.269	17	 ---	349.96625843395	0.0167	 66.44573338974	0.0156	2210505631581136512	  1.0048 	0.0162	 -2.452	0.033	 -2.644	0.027	0	    55496.0 	     11.923  	13.8277	0.0002	    23704.0  	      47.941   	14.4143	0.0022	     46709.0 	     41.934   	13.0884	0.001 	 1.3259	   --- 	 --- 	4865.43	---   	---   	  2.21	    2.474	  1.0  	UPK_220
 0.0457	-0.1477	 0.2241	 6908.449	  922.332	 1598.048	1.224	19	 ---	349.23073915102	0.0226	 66.27178412341	0.0197	2210499992282482944	  1.1167 	0.0233	 -2.442	0.044	 -2.742	0.039	0	   330300.0 	     47.81   	11.8911	0.0002	   174530.0  	     189.23    	12.2467	0.0012	    229670.0 	    143.72    	11.3592	0.0007	 0.8875	   --- 	 --- 	5601.03	---   	---   	  3.46	   10.595	  1.0  	UPK_220
-0.0012	-0.0492	 0.1811	 1850.661	  838.278	 1571.129	1.245	18	 ---	350.55847426407	0.0253	 66.59731609096	0.0243	2210531160866734976	  1.0378 	0.0266	 -2.378	0.051	 -2.63 	0.043	0	   701170.0 	    378.87   	11.0738	0.0006	   319550.0  	     381.2     	11.59  	0.0013	    553400.0 	    352.23    	10.4043	0.0007	 1.1857	   --- 	 --- 	4861.0 	---   	---   	  7.64	   29.34 	  1.0  	UPK_220
-0.0308	-0.2683	 0.217 	 2750.143	  493.979	  579.289	1.363	19	 ---	351.16575172248	0.0218	 66.63544006497	0.0214	2210488211193830016	  1.0264 	0.0268	 -2.288	0.043	 -2.438	0.037	0	    14344.0 	      5.2157 	15.2967	0.0004	     4211.7  	       8.5261  	16.2902	0.0022	     15345.0 	     26.489   	14.297 	0.0019	 1.9932	   --- 	 --- 	3725.67	2.4273	1.25  	  2.49	    1.079	  1.0  	UPK_220
 0.0005	-0.3353	 0.1007	 1085.806	   52.804	  224.141	1.416	18	 ---	350.07592222731	0.072 	 66.75674982123	0.0705	2210550638540356864	  0.9553 	0.0894	 -2.457	0.163	 -2.49 	0.132	0	     1924.8 	      1.7727 	17.4774	0.001 	      470.02 	       8.9012  	18.6711	0.0206	      2256.1 	     10.066   	16.3785	0.0048	 2.2926	   --- 	 --- 	   --- 	---   	---   	  --- 	    ---  	  0.9  	UPK_220
-0.1288	-0.2374	 0.2402	 4242.906	  540.138	 1009.41 	1.369	17	 ---	350.8536678916 	0.0447	 66.55338883588	0.0431	2210488962806451584	  1.147  	0.053 	 -2.453	0.09 	 -2.417	0.076	1	   147690.0 	     34.808  	12.765 	0.0003	    42781.0  	      79.204   	13.7733	0.002 	    159330.0 	    157.85    	11.7562	0.0011	 2.0171	   --- 	 --- 	4081.25	1.896 	0.937 	  5.3 	    7.034	  0.9  	UPK_220
-0.1589	-0.265 	 0.2986	 5756.444	  585.49 	 1561.824	1.3  	17	 ---	350.94541828075	0.0212	 66.571172768  	0.0225	2210486179667643008	  0.9786 	0.0268	 -2.294	0.044	 -2.671	0.04 	0	   305420.0 	     53.056  	11.9761	0.0002	   114520.0  	     195.6     	12.7042	0.0019	    282600.0 	    180.94    	11.134 	0.0007	 1.5702	   --- 	 --- 	4341.0 	---   	---   	  7.36	   17.333	  1.0  	UPK_220
 0.0867	-0.0609	 0.2553	 1273.071	   72.352	  366.59 	1.352	17	 ---	350.95541218722	0.0483	 66.66762322803	0.0445	2210490959972856704	  1.1004 	0.0569	 -2.247	0.107	 -2.436	0.077	0	     5232.9 	      4.1104 	16.3915	0.0009	     1617.0  	      22.349   	17.3296	0.015 	      5460.2 	     14.895   	15.4189	0.003 	 1.9107	   --- 	 --- 	4077.0 	2.2905	1.162 	  1.04	    0.271	  1.0  	UPK_220
 0.0333	-0.2282	 0.2183	 1455.676	  235.05 	  558.381	1.361	18	 ---	350.88099636588	0.0254	 66.93153775727	0.0244	2210556655792870016	  1.0329 	0.0301	 -2.374	0.052	 -2.537	0.044	0	    12240.0 	      8.4087 	15.4689	0.0007	     3628.1  	      15.435   	16.4522	0.0046	     13031.0 	     23.338   	14.4744	0.0019	 1.9778	   --- 	 --- 	3753.5 	---   	---   	  2.23	    0.892	  1.0  	UPK_220
 0.1696	-0.0625	 0.201 	 4965.745	  841.358	 1382.876	1.276	19	 ---	350.08449105482	0.0153	 66.72256381091	0.0154	2210547550461817728	  1.0246 	0.0167	 -2.289	0.033	 -2.543	0.03 	0	    49754.0 	     10.019  	13.9463	0.0002	    20470.0  	      24.329   	14.5736	0.0013	     43028.0 	     31.115   	13.1775	0.0008	 1.3961	   --- 	 --- 	4595.42	---   	---   	  2.4 	    2.317	  1.0  	UPK_220
-0.0896	-0.2258	 0.2502	 4613.05 	  464.809	 1061.661	1.3  	19	 ---	351.16444460496	0.016 	 66.54811587599	0.0153	2210485359335592448	  1.0551 	0.0193	 -2.413	0.032	 -2.733	0.027	0	    40723.0 	      8.8278 	14.1638	0.0002	    15235.0  	      32.776   	14.8943	0.0023	     37705.0 	     35.515   	13.3209	0.001 	 1.5734	   --- 	 --- 	4365.61	---   	---   	  2.45	    1.965	  1.0  	UPK_220
 0.075 	 0.0237	 0.0216	 1424.637	  169.164	  443.681	1.361	17	 ---	350.02600429206	0.0416	 66.48808019619	0.0381	2210506318775887616	  0.9601 	0.0412	 -2.478	0.085	 -3.025	0.07 	0	     5787.1 	      4.0622 	16.2822	0.0008	     1762.8  	      10.421   	17.2359	0.0064	      6111.4 	     13.774   	15.2966	0.0024	 1.9393	   --- 	 --- 	3983.92	---   	---   	  1.36	    0.418	  0.8  	UPK_220
-0.0763	-0.2469	 0.2558	 4781.539	  520.867	  884.168	1.276	19	 ---	351.24936936605	0.0149	 66.56468756782	0.0144	2210486802444605952	  1.0053 	0.0181	 -2.461	0.03 	 -2.588	0.025	0	    48042.0 	     10.047  	13.9843	0.0002	    19700.0  	      37.822   	14.6152	0.0021	     41597.0 	     47.046   	13.2143	0.0012	 1.4009	   --- 	 --- 	4534.68	---   	---   	  2.5 	    2.377	  1.0  	UPK_220
-0.0734	-0.0344	 0.1175	 2724.406	  715.807	 1034.48 	1.271	17	 ---	351.01243518133	0.0232	 66.50764052295	0.0229	2210485187536904320	  0.9571 	0.0258	 -2.464	0.047	 -2.667	0.039	0	   498510.0 	    182.98   	11.4442	0.0004	   209310.0  	     292.41    	12.0494	0.0015	    424290.0 	    410.15    	10.6928	0.001 	 1.3566	   --- 	 --- 	5052.5 	---   	---   	  6.32	   23.475	  1.0  	UPK_220
-0.0037	-0.1881	 0.144 	 1195.194	   65.865	  372.786	1.414	18	 ---	351.71162267703	0.0656	 66.56196210042	0.0556	2210565451883316224	  0.811  	0.0714	 -2.293	0.127	 -2.696	0.108	0	     2925.0 	      2.4473 	17.023 	0.0009	      716.8  	      10.883   	18.2129	0.0165	      3418.3 	      9.1696  	15.9274	0.0029	 2.2855	   --- 	 --- 	3505.0 	2.983 	1.527 	  1.75	    0.414	  0.8  	UPK_220
 0.1374	-0.1994	 0.2876	 2348.043	  289.889	  606.999	1.319	16	 ---	351.02034083519	0.0297	 66.7794249641 	0.0251	2210539407203902336	  1.0704 	0.0331	 -2.321	0.059	 -2.488	0.046	0	    12246.0 	      5.2154 	15.4684	0.0005	     4171.9  	      14.391   	16.3006	0.0037	     11985.0 	     19.745   	14.5653	0.0018	 1.7353	   --- 	 --- 	4205.0 	2.0533	1.049 	  1.49	    0.623	  1.0  	UPK_220
-0.1061	-0.1335	 0.2311	 6348.525	  761.881	 1331.673	1.258	17	 ---	350.94360819905	0.0241	 66.48655390603	0.0218	2210484775220046720	  0.9411 	0.0264	 -2.379	0.046	 -2.557	0.039	0	   300440.0 	     47.324  	11.994 	0.0002	   132500.0  	     173.91    	12.5458	0.0014	    245370.0 	    184.25    	11.2874	0.0008	 1.2585	   --- 	 --- 	4832.62	---   	---   	  5.6 	   15.404	  1.0  	UPK_220
-0.096 	-0.2992	 0.3615	 1656.409	  158.655	  272.427	1.57 	17	 ---	351.01646822136	0.0431	 66.56244760045	0.0462	2210486287048502656	  0.9818 	0.0574	 -2.234	0.087	 -3.006	0.079	1	    15251.0 	      9.2072 	15.2301	0.0007	     2206.6  	      13.908   	16.9921	0.0068	     21736.0 	     79.785   	13.919 	0.004 	 3.0731	   --- 	 --- 	4703.82	2.853 	1.4307	  1.3 	    0.746	  0.8  	UPK_220
-0.0287	-0.1942	 0.2942	 1390.626	  191.444	  441.148	1.423	16	 ---	350.83583167443	0.0515	 66.51245404069	0.0521	2210485737292694784	  1.0269 	0.0632	 -2.309	0.103	 -2.765	0.088	0	     4811.1 	      3.4597 	16.4827	0.0008	     1134.1  	       5.924   	17.7147	0.0057	      5712.6 	     12.949   	15.3698	0.0025	 2.3449	   --- 	 --- 	3670.25	2.766 	1.3715	  1.52	    0.376	  1.0  	UPK_220
-0.0267	-0.1001	 0.1141	 4750.102	  602.93 	 1334.048	1.283	18	 ---	351.86330992727	0.0153	 66.64370948313	0.0149	2210570330966152576	  1.037  	0.0175	 -2.44 	0.031	 -2.542	0.029	0	    45627.0 	      9.6054 	14.0403	0.0002	    18185.0  	      30.161   	14.7021	0.0018	     40348.0 	     30.245   	13.2474	0.0008	 1.4547	   --- 	 --- 	4474.53	---   	---   	  2.45	    2.173	  1.0  	UPK_220
-0.0364	-0.2225	 0.3222	 1329.354	   81.482	  414.039	1.459	17	 ---	350.95441077841	0.0582	 66.53002003271	0.0564	2210485806012176128	  0.8249 	0.0716	 -2.397	0.116	 -2.543	0.096	0	     3687.2 	      2.7737 	16.7716	0.0008	      781.17 	       9.5871  	18.1195	0.0133	      4596.8 	     11.102   	15.6058	0.0026	 2.5137	   --- 	 --- 	3345.0 	2.8593	1.4327	  2.26	    0.577	  0.9  	UPK_220
-0.046 	-0.0149	 0.1029	 3850.338	  778.903	  759.337	1.286	18	 ---	350.39508945653	0.0174	 66.51135266056	0.0147	2210482301318807680	  0.9811 	0.017 	 -2.397	0.036	 -2.635	0.031	0	    40256.0 	     10.455  	14.1763	0.0003	    15737.0  	      20.204   	14.8591	0.0014	     36022.0 	     47.439   	13.3705	0.0014	 1.4886	   --- 	 --- 	4500.0 	---   	---   	  2.4 	    2.12 	  1.0  	UPK_220
 0.1304	-0.0334	 0.0596	  673.659	  167.45 	  192.811	1.317	17	 ---	349.78909438962	0.037 	 66.5286319945 	0.0309	2210510132706794624	  0.9999 	0.0349	 -2.277	0.072	 -2.904	0.057	0	     7712.7 	     11.449  	15.9703	0.0016	     2715.1  	      16.214   	16.7669	0.0065	      7443.5 	     38.605   	15.0825	0.0056	 1.6844	   --- 	 --- 	4219.0 	---   	---   	  1.25	    0.446	  0.9  	UPK_220
 0.0223	-0.2018	 0.3031	  879.441	   60.698	  256.3  	1.395	18	 ---	350.65628399267	0.0734	 66.55032802498	0.064 	2210484015005774464	  0.9727 	0.0841	 -2.686	0.148	 -2.613	0.114	0	     2103.9 	      2.3924 	17.3808	0.0012	      566.74 	       9.3369  	18.4679	0.0179	      2367.4 	      9.237   	16.3262	0.0042	 2.1417	   --- 	 --- 	   --- 	---   	---   	  --- 	    ---  	  0.8  	UPK_220
-0.0369	-0.2492	 0.2633	 1278.44 	   94.989	  219.325	1.521	17	 ---	350.98931057108	0.047 	 66.55403942437	0.0459	2210485909091381760	  1.1182 	0.0573	 -2.62 	0.097	 -2.515	0.08 	0	     8289.8 	      6.4843 	15.892 	0.0008	     1333.4  	      14.037   	17.539 	0.0114	     11272.0 	     51.394   	14.6319	0.005 	 2.907 	   --- 	 --- 	4168.97	---   	---   	  1.2 	    0.394	  1.0  	UPK_220
-0.0204	-0.2041	 0.1941	 1467.874	  105.598	  602.374	1.393	19	 ---	351.41709373816	0.0458	 66.70751814381	0.0408	2210488898388849664	  1.0747 	0.0515	 -2.214	0.095	 -2.504	0.077	0	     4488.5 	      3.0578 	16.5581	0.0007	     1161.4  	      10.998   	17.689 	0.0103	      5089.9 	      8.4498  	15.4951	0.0018	 2.1938	   --- 	 --- 	3932.28	---   	---   	  1.11	    0.268	  1.0  	UPK_220
-0.0215	-0.2914	 0.1637	 1982.213	  191.258	  586.802	1.401	18	 ---	351.33309439197	0.0324	 66.69155546122	0.0289	2210491715887395584	  0.9857 	0.0368	 -2.344	0.063	 -2.335	0.052	0	     8907.9 	      4.4939 	15.8139	0.0005	     2273.9  	      11.889   	16.9595	0.0057	     10202.0 	     17.386   	14.7402	0.0019	 2.2192	   --- 	 --- 	3528.0 	2.6472	1.34  	  2.45	    0.839	  1.0  	UPK_220
 0.0072	-0.2425	 0.2344	 1453.633	   93.932	  332.655	1.42 	18	 ---	351.23079758026	0.0493	 66.66158749865	0.0499	2210491303570535680	  0.9299 	0.0632	 -2.125	0.104	 -2.723	0.084	0	     3372.7 	      2.3202 	16.8684	0.0007	      771.07 	       8.2088  	18.1337	0.0116	      4018.2 	     12.079   	15.7518	0.0033	 2.3818	   --- 	 --- 	3517.75	2.7695	1.395 	  1.62	    0.36 	  0.8  	UPK_220
-0.0434	-0.0536	 0.1923	 5622.461	  898.6  	 1219.293	1.253	18	 ---	350.64660364623	0.0229	 66.48970865575	0.0207	2210482541837015040	  1.0398 	0.024 	 -2.647	0.046	 -2.584	0.038	1	   168910.0 	     30.042  	12.6192	0.0002	    75719.0  	      84.263   	13.1534	0.0012	    135980.0 	    111.53    	11.9282	0.0009	 1.2252	   --- 	 --- 	4876.5 	1.7663	0.8513	  3.71	    7.013	  1.0  	UPK_220
-0.2143	-0.2546	 0.2227	 5287.578	  586.503	  949.002	1.264	18	 ---	350.89974150849	0.021 	 66.6731221036 	0.0225	2210537478759929088	  1.0156 	0.026 	 -2.447	0.043	 -2.497	0.042	0	   151620.0 	     28.675  	12.7365	0.0002	    66492.0  	     113.37    	13.2945	0.0019	    125170.0 	    131.89    	12.0182	0.0011	 1.2763	   --- 	 --- 	4851.95	---   	---   	  3.65	    6.64 	  1.0  	UPK_220
 0.1   	-0.3414	 0.168 	  487.835	   45.146	  132.804	1.379	18	 ---	350.32777118742	0.0669	 66.7603546922 	0.0596	2210547928418949632	  1.0702 	0.0797	 -2.469	0.153	 -2.549	0.12 	0	     2244.6 	      4.6012 	17.3105	0.0022	      652.89 	      14.462   	18.3143	0.024 	      2442.0 	     18.388   	16.2926	0.0082	 2.0217	   --- 	 --- 	   --- 	---   	---   	  --- 	    ---  	  0.9  	UPK_220
-0.0823	-0.0816	 0.1865	 4060.507	  528.621	 1291.402	1.274	18	 ---	350.62761876503	0.017 	 66.5379657606 	0.0154	2210483641348617216	  1.0324 	0.0182	 -2.425	0.034	 -2.76 	0.028	0	    37522.0 	      9.2407 	14.2526	0.0003	    15323.0  	      28.987   	14.888 	0.0021	     32494.0 	     25.162   	13.4824	0.0008	 1.4056	   --- 	 --- 	4488.62	---   	---   	  2.21	    1.793	  1.0  	UPK_220
 0.0983	-0.1776	 0.3079	 1414.164	  135.174	  290.112	1.368	19	 ---	350.56364610025	0.0499	 66.64675153625	0.0461	2210532294738077440	  1.0775 	0.0593	 -2.515	0.101	 -2.723	0.085	0	     3859.6 	      2.7292 	16.722 	0.0008	     1102.2  	       8.1542  	17.7457	0.008 	      4177.2 	     14.399   	15.7097	0.0037	 2.036 	   --- 	 --- 	3729.0 	---   	---   	  1.23	    0.263	  1.0  	UPK_220
-0.092 	-0.0629	 0.1255	 1165.86 	  120.679	  229.117	1.317	17	 ---	349.12659558991	0.0472	 66.50495217734	0.0426	2210518688281155840	  0.9638 	0.0513	 -2.55 	0.094	 -2.65 	0.081	0	     4227.0 	      3.6257 	16.6233	0.0009	     1462.8  	      12.121   	17.4384	0.009 	      4104.4 	     17.914   	15.7288	0.0047	 1.7096	   --- 	 --- 	4073.32	---   	---   	  1.07	    0.287	  0.9  	UPK_220
 0.0181	-0.2133	 0.2623	 1357.318	  113.497	  254.111	1.373	19	 ---	350.94051472453	0.0436	 66.65351871409	0.0422	2210490513296264448	  1.0399 	0.0535	 -2.321	0.091	 -2.993	0.076	0	     4229.3 	      3.1159 	16.6227	0.0008	     1246.5  	      10.982   	17.6122	0.0096	      4559.9 	     17.945   	15.6145	0.0043	 1.9977	   --- 	 --- 	3865.5 	2.2807	1.161 	  1.18	    0.282	  0.9  	UPK_220
-0.0472	-0.3026	 0.1376	 1208.76 	   77.817	  426.821	1.417	17	 ---	352.68971052551	0.0493	 66.8349237792 	0.054 	2210576446999842816	  0.9157 	0.0615	 -2.307	0.096	 -2.472	0.091	0	     4058.4 	      3.3575 	16.6675	0.0009	     1021.3  	      13.125   	17.8285	0.014 	      4729.8 	     11.081   	15.5748	0.0025	 2.2537	   --- 	 --- 	3631.41	2.7392	1.3615	  1.62	    0.41 	  1.0  	UPK_220
 0.0031	-0.1482	 0.1361	 1292.438	  126.729	  440.428	1.361	18	 ---	351.87872438579	0.0423	 66.62159977525	0.0383	2210567307309183872	  1.0164 	0.0479	 -2.181	0.081	 -2.549	0.074	0	     5690.3 	      4.4028 	16.3005	0.0008	     1657.0  	      13.075   	17.3031	0.0086	      6087.5 	     13.822   	15.3008	0.0025	 2.0023	   --- 	 --- 	3662.0 	---   	---   	  1.68	    0.457	  1.0  	UPK_220
-0.0335	-0.226 	 0.0253	 3835.623	  488.257	  627.984	1.352	17	 ---	352.58402664004	0.0167	 66.81212756662	0.0178	2210575931603767680	  0.9936 	0.0194	 -2.381	0.034	 -2.54 	0.032	0	    37106.0 	      9.6741 	14.2648	0.0003	    11492.0  	      23.538   	15.2004	0.0022	     38677.0 	     61.59    	13.2933	0.0017	 1.9071	   --- 	 --- 	3817.8 	---   	---   	  3.82	    2.797	  1.0  	UPK_220
-0.1039	-0.2771	 0.2222	 3346.994	  821.317	 1041.44 	1.27 	17	 ---	350.86197245865	0.0133	 66.59385962721	0.0136	2210489345065185152	  1.0172 	0.0163	 -2.127	0.027	 -2.484	0.024	0	   112700.0 	     33.673  	13.0585	0.0003	    47782.0  	      58.178   	13.6532	0.0013	     95391.0 	     91.596   	12.3131	0.001 	 1.3401	   --- 	 --- 	4713.05	---   	---   	  3.39	    5.121	  1.0  	UPK_220
-0.4145	-0.2239	 0.0959	 1191.978	    ---  	    ---  	---  	16	 ---	350.80404257996	0.0196	 66.62070622394	0.0226	2210490341497574784	  1.06   	0.0237	 -2.495	0.042	 -2.261	0.05 	0	    26699.0 	     22.399  	14.6221	0.0009	        ---  	       ---     	 ---   	---   	         --- 	      ---     	 ---   	---   	 ---   	   --- 	 --- 	   --- 	---   	---   	  --- 	    ---  	  1.0  	UPK_220
-0.0088	-0.2236	 0.06  	  922.228	   35.305	  182.987	1.464	17	 ---	352.56576667738	0.0709	 66.8226545285 	0.0757	2210576137762195200	  0.9752 	0.0833	 -2.496	0.144	 -2.684	0.134	0	     1903.8 	      2.0643 	17.4893	0.0012	      419.2  	      11.874   	18.7953	0.0308	      2368.7 	     12.944   	16.3257	0.0059	 2.4697	   --- 	 --- 	   --- 	---   	---   	  --- 	    ---  	  0.8  	UPK_220
-0.0658	-0.1098	 0.2046	 2154.751	  244.838	 1279.45 	1.35 	17	 ---	350.47062367116	0.0283	 66.51697198035	0.0241	2210482266959074688	  0.9068 	0.03  	 -2.384	0.057	 -2.109	0.047	0	    10529.0 	      4.8864 	15.6324	0.0005	     3323.9  	      13.576   	16.5472	0.0044	     10891.0 	      8.5121  	14.6693	0.0008	 1.878 	   --- 	 --- 	3865.0 	---   	---   	  2.14	    0.923	  0.7  	UPK_220
 0.0974	-0.0237	 0.2217	 4977.883	 1010.445	 1277.745	1.271	19	 ---	351.68251333372	0.0138	 66.60686101856	0.012 	2210568750418186624	  0.9924 	0.0148	 -2.441	0.03 	 -2.515	0.024	0	    69702.0 	     14.002  	13.5803	0.0002	    29409.0  	      29.105   	14.1802	0.0011	     59208.0 	     46.338   	12.831 	0.0008	 1.3492	   --- 	 --- 	4865.76	---   	---   	  2.51	    3.186	  1.0  	UPK_220
 0.0235	-0.1619	 0.1815	  571.51 	   27.428	  165.453	1.428	18	 ---	352.01736068491	0.0883	 66.67844258767	0.0918	2210570880721965568	  0.8526 	0.1049	 -2.529	0.175	 -2.64 	0.161	0	     1472.8 	      2.577  	17.768 	0.0019	      375.76 	      13.7     	18.9141	0.0396	      1727.7 	     10.442   	16.6682	0.0066	 2.2459	   --- 	 --- 	   --- 	---   	---   	  --- 	    ---  	  1.0  	UPK_220
 0.023 	-0.2039	 0.3108	  785.409	   30.848	  139.938	1.527	18	 ---	350.71983565033	0.0956	 66.56180975546	0.0858	2210484049365534976	  1.2101 	0.1111	 -2.492	0.193	 -2.214	0.15 	0	     1672.0 	      2.1288 	17.6303	0.0014	      308.56 	      10.003   	19.128 	0.0352	      2244.9 	     16.042   	16.3839	0.0078	 2.7441	   --- 	 --- 	   --- 	---   	---   	  --- 	    ---  	  0.8  	UPK_220
-0.0952	-0.1658	 0.2129	 1609.203	  174.224	  500.986	1.336	18	 ---	350.61306675761	0.0351	 66.56264474215	0.0323	2210483916226510336	  1.072  	0.0393	 -2.373	0.072	 -2.648	0.061	0	     7397.6 	      4.5971 	16.0156	0.0007	     2417.2  	      13.874   	16.8931	0.0062	      7465.6 	     14.902   	15.0793	0.0022	 1.8139	   --- 	 --- 	3943.33	---   	---   	  1.42	    0.44 	  1.0  	UPK_220
-0.0795	-0.1089	 0.1759	 1837.764	  951.394	 1821.954	1.244	15	 ---	350.6802873271 	0.0285	 66.5829607136 	0.0276	2210484328543367424	  1.0648 	0.032 	 -2.211	0.059	 -2.364	0.05 	0	   567000.0 	    308.53   	11.3044	0.0006	   259570.0  	     272.83    	11.8157	0.0011	    445760.0 	    244.66    	10.6392	0.0006	 1.1766	   --- 	 --- 	4908.0 	---   	---   	  6.53	   22.274	  1.0  	UPK_220
 0.0133	-0.1929	 0.2054	 4657.098	  505.807	 1433.935	1.308	19	 ---	351.29306196068	0.0164	 67.16494995458	0.0137	2210563630819738880	  0.9481 	0.0172	 -2.803	0.031	 -2.33 	0.026	0	    45263.0 	      9.719  	14.049 	0.0002	    16600.0  	      32.82    	14.8011	0.0021	     42594.0 	     29.704   	13.1886	0.0008	 1.6125	   --- 	 --- 	4308.0 	---   	---   	  2.99	    2.781	  0.7  	UPK_220
 0.0909	 0.0046	 0.2896	 3460.901	  851.484	  825.712	1.196	16	 ---	349.39647257347	0.0281	 66.37350716494	0.022 	2210500988714890112	  0.9853 	0.0266	 -2.41 	0.056	 -2.811	0.041	1	  1689700.0 	    488.22   	10.1189	0.0003	   958390.0  	    1125.6     	10.3975	0.0013	   1061800.0 	   1285.9     	 9.6968	0.0013	 0.7007	   --- 	 --- 	6482.37	1.685 	0.849 	  6.51	   67.339	  0.8  	UPK_220
 0.0803	-0.1448	 0.1433	 3552.86 	  432.4  	  819.296	1.331	19	 ---	350.1148997276 	0.0278	 66.66605829981	0.0279	2210546244791789312	  1.1071 	0.0323	 -2.569	0.059	 -2.477	0.052	0	    22781.0 	      6.412  	14.7944	0.0003	     7531.3  	      17.417   	15.6592	0.0025	     22793.0 	     27.82    	13.8674	0.0013	 1.7918	   --- 	 --- 	4011.0 	2.242 	1.1278	  2.29	    1.219	  1.0  	UPK_220
 0.0599	-0.2084	 0.2609	  755.615	   61.177	  247.391	1.439	17	 ---	351.60962056333	0.093 	 66.48403443376	0.0659	2210564038834841856	  0.9674 	0.0878	 -2.578	0.168	 -2.854	0.115	0	     1827.7 	      2.4188 	17.5336	0.0014	      404.97 	       6.6197  	18.8328	0.0177	      2224.9 	      8.9936  	16.3936	0.0044	 2.4392	   --- 	 --- 	   --- 	---   	---   	  --- 	    ---  	  0.8  	UPK_220
-0.0312	-0.2113	 0.206 	 4796.669	  687.784	  505.322	1.273	19	 ---	350.6189265676 	0.023 	 66.61132429884	0.0219	2210531568882025856	  1.0044 	0.0259	 -2.534	0.045	 -2.526	0.041	1	   148780.0 	     31.018  	12.757 	0.0002	    66984.0  	      97.391   	13.2865	0.0016	    122390.0 	    242.2     	12.0426	0.0021	 1.2439	   --- 	 --- 	4881.0 	---   	---   	  3.6 	    6.612	  1.0  	UPK_220
-0.0295	-0.1996	 0.1832	 1134.25 	   50.845	  247.722	1.428	18	 ---	351.65169424549	0.0734	 66.79908449676	0.0637	2210586338306954880	  0.9341 	0.0817	 -2.287	0.153	 -2.503	0.126	0	     2006.2 	      1.7687 	17.4324	0.001 	      469.07 	       9.2256  	18.6733	0.0214	      2396.3 	      9.6735  	16.3131	0.0044	 2.3602	   --- 	 --- 	   --- 	---   	---   	  --- 	    ---  	  0.9  	UPK_220
-0.0101	-0.1296	 0.2505	  799.176	  243.202	  354.038	1.311	17	 ---	351.59436097848	0.0243	 66.47981242461	0.0198	2210564038834839552	  1.047  	0.0236	 -2.481	0.045	 -2.462	0.035	0	   166360.0 	    208.16   	12.6358	0.0014	    59325.0  	     243.93    	13.4183	0.0045	    158770.0 	    448.46    	11.76  	0.0031	 1.6583	   --- 	 --- 	4279.0 	1.6025	0.8658	  5.31	    8.504	  1.0  	UPK_220
 0.0487	-0.0956	 0.1621	 1415.137	  205.019	  208.236	1.325	18	 ---	349.26544744771	0.0501	 66.29013072254	0.0403	2210500099662805376	  1.0201 	0.0488	 -2.503	0.098	 -2.537	0.082	0	     4846.9 	      3.4251 	16.4747	0.0008	     1706.4  	       8.323   	17.2712	0.0053	      4714.1 	     22.638   	15.5784	0.0052	 1.6928	   --- 	 --- 	4217.0 	---   	---   	  0.97	    0.27 	  0.8  	UPK_220
 0.3744	-0.0175	 0.2025	  931.745	   54.646	  264.38 	1.433	16	 ---	351.71401934301	0.1077	 67.04216526567	0.0797	2210641043307648640	  0.9084 	0.0994	 -2.107	0.213	 -2.711	0.16 	0	     1926.5 	      2.0676 	17.4764	0.0012	      474.71 	       8.687   	18.6603	0.0199	      2285.3 	      8.6439  	16.3646	0.0041	 2.2957	   --- 	 --- 	   --- 	---   	---   	  --- 	    ---  	  0.7  	UPK_220
