pmRApmDEcor	PlxpmRAcor	PlxpmDEcor	RFG	RFBP	RFRP	E(BR/RP)	Nper	[Fe/H]temp	RAdeg	e_RAdeg	DEdeg	e_DEdeg	Source	Plx	e_Plx	pmRA	e_pmRA	pmDE	e_pmDE	Dup	FG	e_FG	Gmag	e_Gmag	FBP	e_FBP	BPmag	e_BPmag	FRP	e_FRP	RPmag	e_RPmag	BP-RP	RV	e_RV	Teff	AG	E(BR-RP)	Rad	Lum	Pmemb	Cluster
---	---	---	---	---	---	---	---	---	deg	mas	deg	mas	---	mas	mas	mas/yr	mas/yr	mas/yr	mas/yr	---	e-/s	e-/s	mag	mag	e-/s	e-/s	mag	mag	e-/s	e-/s	mag	mag	mag	km/s	km/s	K	mag	mag	solRad	solLum	---	---
-------	-------	-------	---------	---------	---------	-----	--	----	---------------	------	---------------	------	-------------------	---------	------	-------	-----	-------	-----	-	------------	-------------	-------	------	-------------	---------------	-------	------	-------------	--------------	-------	------	-------	-------	-----	-------	------	------	------	---------	-------	--------------------
 0.0813	-0.2359	 0.174 	 1854.728	  440.753	  732.517	1.303	19	 ---	339.34263274409	0.0232	 64.05978234127	0.022 	2205354488327756160	  1.0417 	0.0247	 -3.051	0.042	 -1.187	0.039	0	    16986.0 	      9.1582 	15.1131	0.0006	     6367.9  	      14.448   	15.8414	0.0025	     15771.0 	     21.53    	14.2672	0.0015	 1.5741	   --- 	 --- 	4360.53	---   	---   	  1.61	    0.843	  0.8  	FSR_0398
 0.1721	-0.1329	 0.2058	  325.781	   92.72 	  104.822	1.33 	17	 ---	339.20316632785	0.0261	 63.985427752  	0.0252	2205349781043606144	  1.0772 	0.027 	 -3.784	0.047	 -1.459	0.047	0	    14151.0 	     43.438  	15.3114	0.0033	     4720.2  	      50.908   	16.1665	0.0117	     14108.0 	    134.59    	14.3882	0.0104	 1.7782	   --- 	 --- 	4192.0 	2.872 	1.4587	  1.6 	    0.716	  0.8  	FSR_0398
 0.1184	-0.1654	 0.1726	  533.363	  104.22 	  236.205	1.389	18	 ---	339.09534292322	0.0388	 64.05993979155	0.0349	2205354041651134080	  1.0656 	0.0428	 -3.176	0.075	 -1.159	0.067	0	     5882.2 	     11.028  	16.2645	0.002 	     1584.6  	      15.205   	17.3516	0.0104	      6584.5 	     27.876   	15.2156	0.0046	 2.136 	   --- 	 --- 	3837.56	2.9233	1.5085	  1.4 	    0.38 	  1.0  	FSR_0398
 0.1278	-0.1561	 0.2477	 1125.922	  230.342	  398.293	1.287	19	 ---	339.10176981842	0.0233	 64.06541767896	0.0214	2205354076010871936	  1.0458 	0.026 	 -3.14 	0.045	 -1.191	0.041	0	    15760.0 	     13.997  	15.1945	0.001 	     6270.1  	      27.221   	15.8582	0.0047	     14019.0 	     35.197   	14.3951	0.0027	 1.4631	   --- 	 --- 	4417.54	1.3445	0.6755	  1.48	    0.756	  1.0  	FSR_0398
 0.0684	-0.2367	 0.2036	 4188.608	  450.142	  845.171	1.282	18	 ---	339.11529071511	0.018 	 64.06258582845	0.0164	2205354007291396864	  1.0421 	0.0193	 -3.107	0.033	 -1.028	0.03 	0	    31542.0 	      7.5304 	14.4411	0.0003	    12733.0  	      28.286   	15.0891	0.0024	     27710.0 	     32.786   	13.6553	0.0013	 1.4338	   --- 	 --- 	4469.65	2.2378	1.1665	  2.04	    1.491	  1.0  	FSR_0398
 0.0905	-0.2151	 0.2063	 4774.066	  961.742	 1134.745	1.242	18	 ---	339.31317606716	0.0146	 64.13026706285	0.0142	2205355793997794304	  1.0217 	0.0166	 -3.06 	0.028	 -1.096	0.025	0	    71414.0 	     14.959  	13.5539	0.0002	    34226.0  	      35.588   	14.0155	0.0011	     54489.0 	     48.019   	12.9212	0.001 	 1.0943	   --- 	 --- 	5023.65	---   	---   	  2.27	    2.969	  1.0  	FSR_0398
 0.2027	-0.0639	 0.2959	  651.638	  100.355	  233.073	1.367	18	 ---	339.26292770281	0.0402	 64.10867677847	0.0385	2205355759638056832	  1.0918 	0.0477	 -3.083	0.082	 -0.937	0.075	0	     5475.6 	      8.4029 	16.3423	0.0017	     1636.0  	      16.302   	17.3169	0.0108	      5848.7 	     25.094   	15.3443	0.0047	 1.9727	   --- 	 --- 	3775.12	2.199 	1.102 	  1.39	    0.352	  1.0  	FSR_0398
-0.0005	-0.2895	 0.18  	 1081.396	  239.935	  350.864	1.322	18	 ---	339.46226857905	0.0256	 64.03955576945	0.023 	2205351533390270464	  1.0568 	0.0283	 -3.276	0.046	 -1.057	0.041	0	    13632.0 	     12.606  	15.352 	0.001 	     4618.9  	      19.251   	16.19  	0.0045	     13399.0 	     38.188   	14.4443	0.0031	 1.7458	   --- 	 --- 	4204.0 	---   	---   	  1.59	    0.712	  1.0  	FSR_0398
 0.0074	-0.3184	 0.2418	  894.602	  161.409	  277.252	1.314	17	 ---	339.15109990886	0.0267	 64.01883256607	0.0246	2205352976499259392	  1.0637 	0.0294	 -3.227	0.046	 -0.992	0.044	0	    16815.0 	     18.796  	15.1241	0.0012	     6117.8  	      37.902   	15.8849	0.0067	     15975.0 	     57.618   	14.2533	0.0039	 1.6316	   --- 	 --- 	4361.25	---   	---   	  1.57	    0.8  	  1.0  	FSR_0398
 0.0485	-0.3192	 0.2627	 3317.162	  726.842	 1342.619	1.221	18	 ---	339.13519733146	0.0129	 64.17316441976	0.0129	2205544532038309376	  1.0267 	0.0154	 -3.269	0.026	 -1.163	0.025	0	   111240.0 	     33.536  	13.0727	0.0003	    59230.0  	      81.49    	13.42  	0.0015	     76569.0 	     57.029   	12.5518	0.0008	 0.8682	   --- 	 --- 	5623.5 	---   	---   	  2.16	    4.213	  1.0  	FSR_0398
 0.0465	-0.1968	 0.1656	 6248.212	  798.412	 1201.084	1.228	19	 ---	339.24873444259	0.0215	 64.15113354853	0.0207	2205543565666035072	  1.0589 	0.0235	 -3.296	0.042	 -1.233	0.039	0	   217080.0 	     34.742  	12.3468	0.0002	   110690.0  	     138.63    	12.7412	0.0014	    155790.0 	    129.7     	11.7806	0.0009	 0.9606	   --- 	 --- 	5371.25	---   	---   	  3.25	    7.932	  1.0  	FSR_0398
 0.0859	-0.2309	 0.2166	 4771.948	  954.354	 1065.881	1.225	19	 ---	339.19833212396	0.0218	 64.14570812092	0.0201	2205543668745250432	  1.0456 	0.0238	 -3.337	0.042	 -0.915	0.038	1	   217200.0 	     45.516  	12.3462	0.0002	   112880.0  	     118.28    	12.7198	0.0011	    153210.0 	    143.74    	11.7987	0.001 	 0.9211	   --- 	 --- 	5395.33	---   	---   	  3.26	    8.117	  1.0  	FSR_0398
 0.2092	-0.0622	 0.1468	  505.643	  111.445	  125.739	1.419	18	 ---	338.88027637574	0.0419	 64.20221289413	0.0422	2205546868500466816	  0.9796 	0.0495	 -2.99 	0.089	 -1.507	0.082	0	     4289.9 	      8.4841 	16.6072	0.0021	     1225.9  	      11.0     	17.6303	0.0097	      4862.9 	     38.675   	15.5447	0.0086	 2.0856	   --- 	 --- 	3782.5 	2.664 	1.359 	  1.36	    0.341	  0.3  	FSR_0398
-0.0085	-0.1777	 0.0907	 6055.08 	  942.601	 1368.436	1.217	19	 ---	339.01415765391	0.0227	 64.12904995474	0.0234	2205542878471268480	  1.1098 	0.0247	 -3.205	0.043	 -1.174	0.042	0	   159750.0 	     26.383  	12.6798	0.0002	    86049.0  	      91.289   	13.0145	0.0012	    108300.0 	     79.14    	12.1754	0.0008	 0.8392	   --- 	 --- 	5760.0 	1.5365	0.7685	  2.27	    5.128	  1.0  	FSR_0398
 0.2305	-0.0728	 0.2755	 5635.31 	  782.262	 1639.29 	1.218	18	 ---	339.17129000339	0.0201	 64.18737331343	0.019 	2205544566398047360	  1.0307 	0.0229	 -3.209	0.041	 -1.022	0.038	0	   127000.0 	     22.536  	12.9289	0.0002	    67932.0  	      86.84    	13.2712	0.0014	     86759.0 	     52.925   	12.4161	0.0007	 0.8551	   --- 	 --- 	5782.0 	---   	---   	  2.16	    4.719	  1.0  	FSR_0398
 0.0957	-0.2318	 0.1801	 1259.766	  339.009	  448.628	1.303	19	 ---	339.16053463758	0.0225	 64.13683052421	0.0215	2205543634385553664	  1.002  	0.0252	 -3.283	0.043	 -1.153	0.039	0	    15503.0 	     12.307  	15.2123	0.0009	     5851.6  	      17.261   	15.9332	0.0032	     14347.0 	     31.981   	14.37  	0.0024	 1.5632	   --- 	 --- 	4361.0 	---   	---   	  1.6 	    0.831	  1.0  	FSR_0398
 0.0837	-0.325 	 0.15  	 1940.626	  335.279	  654.681	1.296	19	 ---	339.13409792003	0.0203	 64.17474811426	0.02  	2205544532038308352	  0.9795 	0.0241	 -3.124	0.041	 -1.108	0.038	0	    16957.0 	      8.7377 	15.115 	0.0006	     6631.9  	      19.78    	15.7973	0.0032	     15347.0 	     23.442   	14.2969	0.0017	 1.5004	   --- 	 --- 	4609.0 	1.6555	0.8548	  1.45	    0.86 	  1.0  	FSR_0398
-0.0012	-0.2858	 0.2983	 5226.294	  625.409	 1581.904	1.219	17	 ---	339.04913474483	0.0266	 64.13443081499	0.0238	2205542917130608512	  1.0475 	0.0289	 -3.088	0.049	 -0.969	0.045	0	   141950.0 	     27.16   	12.808 	0.0002	    75785.0  	     121.18    	13.1524	0.0017	     97227.0 	     61.462   	12.2925	0.0007	 0.86  	   --- 	 --- 	5574.67	1.638 	0.7867	  2.44	    5.187	  1.0  	FSR_0398
 0.0734	-0.2264	 0.1535	  810.909	  187.361	  289.588	1.347	19	 ---	338.99311177918	0.0292	 64.11490413284	0.0282	2205542504813746944	  1.0385 	0.033 	 -3.069	0.056	 -1.133	0.052	0	     8948.3 	     11.035  	15.809 	0.0013	     2861.1  	      15.27    	16.7101	0.0058	      9190.9 	     31.738   	14.8535	0.0037	 1.8565	   --- 	 --- 	3910.0 	---   	---   	  1.66	    0.58 	  1.0  	FSR_0398
 0.1326	-0.2099	 0.2429	 2736.878	  524.75 	  848.58 	1.277	19	 ---	339.13945936078	0.0181	 64.18257649932	0.018 	2205544738196735232	  1.06   	0.0216	 -3.193	0.036	 -1.252	0.034	0	    24059.0 	      8.7907 	14.7352	0.0004	     9803.7  	      18.683   	15.3729	0.0021	     20921.0 	     24.654   	13.9605	0.0013	 1.4125	   --- 	 --- 	4468.55	1.8955	0.919 	  1.75	    1.1  	  1.0  	FSR_0398
-0.015 	-0.1419	 0.0458	 3979.512	  771.233	 1137.631	1.264	19	 ---	338.89832255036	0.0162	 64.14591795365	0.0157	2205545665909648768	  1.0126 	0.0178	 -3.135	0.032	 -1.207	0.03 	0	    37386.0 	      9.3947 	14.2566	0.0003	    16256.0  	      21.078   	14.8238	0.0014	     30982.0 	     27.234   	13.5342	0.001 	 1.2897	   --- 	 --- 	4980.0 	---   	---   	  1.7 	    1.597	  1.0  	FSR_0398
 0.1076	-0.2276	 0.0646	 3475.749	  613.747	  911.573	1.291	19	 ---	338.89694116282	0.0221	 64.14694462184	0.0218	2205545665909647872	  1.0091 	0.025 	 -2.944	0.044	 -1.046	0.039	1	    30065.0 	      8.6499 	14.4932	0.0003	    12128.0  	      19.761   	15.1419	0.0018	     26671.0 	     29.258   	13.6968	0.0012	 1.4451	   --- 	 --- 	4441.8 	---   	---   	  2.09	    1.533	  1.0  	FSR_0398
 0.1921	-0.0414	 0.225 	  786.37 	   91.553	  234.668	1.362	18	 ---	339.0024216525 	0.0546	 64.10740736907	0.0507	2205542436094275200	  1.0755 	0.0622	 -3.078	0.111	 -0.917	0.1  	0	     3069.6 	      3.9035 	16.9707	0.0014	      904.6  	       9.8805  	17.9603	0.0119	      3276.8 	     13.963   	15.9733	0.0046	 1.987 	   --- 	 --- 	3737.0 	---   	---   	  1.09	    0.209	  0.9  	FSR_0398
 0.0736	 0.0068	 0.1147	  394.854	   24.562	  159.427	1.483	18	 ---	339.02391855174	0.0944	 64.11557824173	0.0893	2205542814051397120	  1.0885 	0.108 	 -2.832	0.198	 -0.557	0.183	0	     1317.5 	      3.3368 	17.889 	0.0027	      276.71 	      11.266   	19.2463	0.0442	      1676.6 	     10.516   	16.7009	0.0068	 2.5455	   --- 	 --- 	   --- 	---   	---   	  --- 	    ---  	  0.1  	FSR_0398
 0.0997	-0.2085	 0.1761	 4328.44 	  837.071	 1431.257	1.248	19	 ---	339.07217832504	0.0148	 64.13193590035	0.0139	2205542848411135872	  1.0712 	0.0159	 -3.203	0.029	 -1.133	0.026	0	    48362.0 	     11.173  	13.9771	0.0003	    22228.0  	      26.555   	14.4841	0.0013	     38125.0 	     26.637   	13.3089	0.0008	 1.1752	   --- 	 --- 	4908.5 	---   	---   	  1.89	    1.877	  1.0  	FSR_0398
 0.2175	-0.0546	 0.2137	  611.377	   35.263	  180.683	1.43 	18	 ---	338.91410913834	0.0812	 64.2765354472 	0.0807	2205559371145864576	  1.04   	0.0938	 -2.836	0.183	 -1.113	0.166	0	     1418.1 	      2.3195 	17.8091	0.0018	      323.43 	       9.1717  	19.077 	0.0308	      1704.6 	      9.4343  	16.6829	0.006 	 2.3941	   --- 	 --- 	   --- 	---   	---   	  --- 	    ---  	  0.7  	FSR_0398
 0.1895	-0.1017	 0.2591	  890.151	   58.244	  116.173	1.429	18	 ---	339.06232790958	0.0484	 64.19489406219	0.0484	2205546250025207296	  1.078  	0.0584	 -2.975	0.099	 -0.781	0.093	0	     3448.8 	      3.8744 	16.8442	0.0012	     1018.1  	      17.48    	17.8319	0.0186	      3908.6 	     33.645   	15.7819	0.0093	 2.05  	   --- 	 --- 	3688.33	---   	---   	  1.2 	    0.242	  0.8  	FSR_0398
 0.083 	-0.284 	 0.1521	  621.958	  128.388	  226.309	1.326	19	 ---	339.10551438688	0.0282	 64.19155512829	0.0278	2205543329447453184	  1.1203 	0.033 	 -3.182	0.055	 -0.963	0.053	0	     8246.7 	     13.259  	15.8977	0.0017	     2763.8  	      21.527   	16.7476	0.0085	      8167.9 	     36.092   	14.9816	0.0048	 1.766 	   --- 	 --- 	4060.74	---   	---   	  1.3 	    0.417	  1.0  	FSR_0398
 0.0335	-0.2233	 0.1377	 2329.543	 1107.166	 1004.21 	1.19 	18	 ---	339.17865152682	0.0209	 64.17999410432	0.0211	2205544497678574720	  1.0122 	0.0241	 -3.207	0.041	 -1.048	0.04 	0	  1705500.0 	    732.12   	10.1087	0.0005	   987740.0  	     892.13    	10.3648	0.001 	   1041700.0 	   1037.3     	 9.7176	0.0011	 0.6472	   --- 	 --- 	6646.29	---   	---   	  6.05	   64.382	  1.0  	FSR_0398
 0.0899	-0.2327	 0.2161	  628.577	  142.356	  207.95 	1.369	19	 ---	339.03033793022	0.0512	 64.14518328945	0.0452	2205543123289030912	  0.9475 	0.0569	 -3.08 	0.096	 -1.022	0.085	0	     7751.5 	     12.332  	15.9649	0.0017	     2283.3  	      16.039   	16.955 	0.0076	      8330.3 	     40.059   	14.9603	0.0052	 1.9947	   --- 	 --- 	3794.0 	---   	---   	  1.87	    0.653	  1.0  	FSR_0398
 0.1035	-0.2335	 0.1578	 3804.44 	  565.08 	 1306.45 	1.254	19	 ---	338.89042229331	0.0157	 64.15752325944	0.015 	2205545872068073216	  1.0725 	0.0177	 -3.137	0.03 	 -0.909	0.027	0	    44672.0 	     11.742  	14.0633	0.0003	    20064.0  	      35.507   	14.5953	0.0019	     35974.0 	     27.535   	13.372 	0.0008	 1.2234	   --- 	 --- 	4853.0 	---   	---   	  1.87	    1.754	  1.0  	FSR_0398
 0.1721	-0.2065	 0.2218	 4397.849	  689.863	 1322.772	1.234	18	 ---	338.90991081186	0.0153	 64.03837692629	0.0146	2205535564146411904	  1.0506 	0.0172	 -3.246	0.029	 -1.122	0.025	0	    72717.0 	     16.535  	13.5343	0.0002	    35792.0  	      51.882   	13.9669	0.0016	     53907.0 	     40.753   	12.9328	0.0008	 1.0341	   --- 	 --- 	5187.58	---   	---   	  2.06	    2.773	  1.0  	FSR_0398
 0.411 	-0.1195	 0.1422	  608.787	   32.951	  225.888	1.487	17	 ---	339.21903927065	0.0939	 64.145979504  	0.0912	2205543462586867968	  1.0424 	0.1059	 -3.279	0.213	 -1.161	0.199	0	     1362.8 	      2.2386 	17.8523	0.0018	      297.72 	       9.0355  	19.1669	0.033 	      1728.3 	      7.6512  	16.6679	0.0048	 2.499 	   --- 	 --- 	   --- 	---   	---   	  --- 	    ---  	  1.0  	FSR_0398
 0.0431	-0.2336	 0.1164	  973.666	  139.614	  330.658	1.363	19	 ---	338.9577023471 	0.032 	 64.16112453378	0.0319	2205545803348605696	  1.0528 	0.0361	 -3.24 	0.061	 -1.206	0.058	0	     8318.6 	      8.5436 	15.8882	0.0011	     2416.2  	      17.306   	16.8936	0.0078	      8923.0 	     26.986   	14.8856	0.0033	 2.0079	   --- 	 --- 	3986.94	2.6825	1.353 	  1.48	    0.498	  1.0  	FSR_0398
 0.0762	-0.2899	 0.1732	 2879.082	  629.924	 1041.94 	1.256	19	 ---	339.17078751296	0.015 	 64.17185349707	0.0144	2205544497678576896	  1.0463 	0.0172	 -3.466	0.028	 -1.207	0.027	0	    44102.0 	     15.318  	14.0772	0.0004	    19539.0  	      31.018   	14.6241	0.0017	     35865.0 	     34.421   	13.3752	0.001 	 1.2489	   --- 	 --- 	4831.42	---   	---   	  1.93	    1.83 	  1.0  	FSR_0398
 0.1807	-0.0566	 0.1997	  317.854	   36.714	   94.992	1.43 	18	 ---	339.13598049725	0.0871	 64.16498082085	0.0791	2205544532038312192	  1.0681 	0.0992	 -3.454	0.175	 -0.964	0.157	0	     1811.3 	      5.6985 	17.5434	0.0034	      453.43 	      12.351   	18.7101	0.0296	      2137.4 	     22.5     	16.4372	0.0114	 2.2729	   --- 	 --- 	   --- 	---   	---   	  --- 	    ---  	  0.9  	FSR_0398
 0.123 	-0.2041	 0.1264	 3823.5  	  537.102	 1392.571	1.238	19	 ---	338.91428543728	0.0139	 64.15662320957	0.013 	2205545975147291520	  1.0538 	0.0151	 -3.222	0.027	 -1.192	0.023	0	    63676.0 	     16.654  	13.6784	0.0003	    30267.0  	      56.353   	14.149 	0.002 	     48579.0 	     34.884   	13.0458	0.0008	 1.1032	   --- 	 --- 	5002.75	---   	---   	  2.1 	    2.499	  1.0  	FSR_0398
 0.2561	-0.1134	 0.2311	  690.179	  120.257	  228.619	1.387	17	 ---	339.03171685326	0.0623	 64.19983411848	0.0652	2205546318744675840	  1.0178 	0.0754	 -3.496	0.134	 -1.101	0.126	0	     4154.7 	      6.0197 	16.642 	0.0016	     1202.4  	       9.9982  	17.6513	0.009 	      4561.8 	     19.954   	15.6141	0.0047	 2.0372	   --- 	 --- 	3675.0 	1.593 	0.783 	  1.42	    0.329	  1.0  	FSR_0398
 0.1008	-0.2084	 0.1066	 4541.243	  698.563	 1437.905	1.27 	19	 ---	338.70624548833	0.0156	 64.05898305142	0.0144	2205539137559167104	  1.0441 	0.0169	 -3.478	0.03 	 -1.064	0.027	0	    41629.0 	      9.1669 	14.1399	0.0002	    17566.0  	      25.146   	14.7397	0.0016	     35320.0 	     24.564   	13.3919	0.0008	 1.3478	   --- 	 --- 	4853.02	---   	---   	  1.86	    1.725	  1.0  	FSR_0398
 0.2415	-0.3189	 0.0457	 2274.731	  349.972	  736.39 	1.293	17	 ---	339.02375009629	0.0205	 64.19769431609	0.023 	2205546421823890432	  1.0468 	0.0251	 -3.235	0.044	 -1.454	0.044	0	    15554.0 	      6.8375 	15.2088	0.0005	     5959.4  	      17.028   	15.9134	0.0031	     14150.0 	     19.215   	14.3851	0.0015	 1.5283	   --- 	 --- 	4348.0 	---   	---   	  1.55	    0.769	  0.6  	FSR_0398
 0.196 	-0.1587	 0.2419	  609.953	   86.498	  152.702	1.442	18	 ---	339.15204770717	0.0738	 64.15381073229	0.0612	2205543707404598272	  1.1323 	0.081 	 -3.304	0.139	 -1.003	0.12 	0	     2285.7 	      3.7474 	17.2908	0.0018	      616.82 	       7.131   	18.376 	0.0126	      2678.8 	     17.543   	16.1921	0.0071	 2.1839	   --- 	 --- 	   --- 	---   	---   	  --- 	    ---  	  0.9  	FSR_0398
 0.1234	-0.2215	 0.1209	 3896.133	  445.447	  988.98 	1.282	19	 ---	338.88155310212	0.0164	 64.18236579427	0.0169	2205546799780998528	  1.0337 	0.019 	 -3.074	0.033	 -0.934	0.031	0	    24067.0 	      6.1771 	14.7348	0.0003	     9698.5  	      21.773   	15.3846	0.0024	     21154.0 	     21.389   	13.9485	0.0011	 1.4362	   --- 	 --- 	4458.12	2.3043	1.103 	  1.81	    1.162	  1.0  	FSR_0398
 0.1884	-0.1614	 0.2437	  413.495	   76.166	  165.993	1.392	18	 ---	338.94257889653	0.0509	 64.21736232282	0.0464	2205547280817330176	  1.0178 	0.0591	 -3.612	0.097	 -0.786	0.089	0	     3938.5 	      9.5249 	16.7   	0.0026	     1113.0  	      14.612   	17.7352	0.0143	      4371.1 	     26.333   	15.6604	0.0065	 2.0748	   --- 	 --- 	3845.56	---   	---   	  1.19	    0.278	  0.7  	FSR_0398
 0.3127	-0.1356	 0.1283	  721.31 	   37.437	   48.896	1.568	17	 ---	339.23521005443	0.0554	 64.15453763223	0.0545	2205543565666090496	  0.9922 	0.0633	 -2.61 	0.126	 -1.027	0.112	0	     3675.2 	      5.0952 	16.7752	0.0015	      973.52 	      26.005   	17.8805	0.029 	      4788.2 	     97.927   	15.5615	0.0222	 2.319 	   --- 	 --- 	3828.0 	---   	---   	  1.19	    0.276	  0.6  	FSR_0398
 0.0539	-0.2179	 0.1185	 3001.189	  278.098	  446.075	1.284	19	 ---	339.17223736442	0.0175	 64.17933160162	0.0173	2205544562098533248	  1.0347 	0.0196	 -3.031	0.034	 -1.184	0.033	0	    26657.0 	      8.8821 	14.6238	0.0004	    11124.0  	      39.999   	15.2358	0.0039	     23107.0 	     51.801   	13.8525	0.0024	 1.3832	   --- 	 --- 	4880.78	---   	---   	  1.48	    1.116	  1.0  	FSR_0398
 0.0182	-0.27  	 0.2993	 4125.285	  643.405	 1084.338	1.262	18	 ---	339.27795169691	0.0171	 64.14478485894	0.0167	2205543535605925248	  1.0419 	0.0196	 -3.282	0.032	 -1.027	0.031	0	    39719.0 	      9.6282 	14.1909	0.0003	    17111.0  	      26.595   	14.7682	0.0017	     33008.0 	     30.441   	13.4654	0.001 	 1.3028	   --- 	 --- 	4839.98	---   	---   	  1.83	    1.658	  1.0  	FSR_0398
 0.064 	-0.2381	 0.1858	  794.928	   30.761	  107.022	1.49 	19	 ---	339.06641666866	0.0948	 64.17907789706	0.0916	2205543290788205184	  0.9963 	0.1134	 -2.953	0.178	 -1.137	0.172	0	     1200.8 	      1.5106 	17.9896	0.0014	      261.29 	       8.4943  	19.3086	0.0353	      1528.5 	     14.283   	16.8012	0.0101	 2.5074	   --- 	 --- 	   --- 	---   	---   	  --- 	    ---  	  0.7  	FSR_0398
 0.1858	-0.1402	 0.1495	 1289.405	  114.804	  447.584	1.346	19	 ---	338.84746781289	0.0385	 64.13251798172	0.0362	2205545837708337664	  1.0036 	0.0435	 -2.883	0.077	 -1.36 	0.068	0	     6205.4 	      4.8126 	16.2064	0.0008	     1988.0  	      17.316   	17.1054	0.0095	      6364.9 	     14.22    	15.2524	0.0024	 1.8529	   --- 	 --- 	3896.0 	---   	---   	  1.45	    0.435	  0.4  	FSR_0398
 0.1199	-0.1163	 0.1712	  451.359	   31.211	  144.471	1.497	18	 ---	339.20642176381	0.1028	 64.18499815204	0.101 	2205544596458266496	  0.9621 	0.1203	 -3.862	0.205	 -0.832	0.2  	0	     1222.8 	      2.7091 	17.97  	0.0024	      239.75 	       7.6818  	19.402 	0.0348	      1590.6 	     11.01    	16.758 	0.0075	 2.6439	   --- 	 --- 	   --- 	---   	---   	  --- 	    ---  	  0.4  	FSR_0398
-0.0988	-0.2676	 0.1148	  807.545	  146.055	  316.157	1.311	15	 ---	339.15974582305	0.0217	 64.20407620695	0.0304	2205544841275944704	  1.081  	0.0275	 -3.286	0.043	 -1.096	0.049	0	    17517.0 	     21.692  	15.0797	0.0013	     6935.0  	      47.482   	15.7488	0.0074	     16026.0 	     50.689   	14.2499	0.0034	 1.4989	   --- 	 --- 	4412.5 	---   	---   	  1.52	    0.788	  1.0  	FSR_0398
 0.1547	-0.1556	 0.1718	  587.633	   87.016	  188.532	1.341	18	 ---	338.90967839937	0.0347	 64.07286047668	0.0314	2205542264295378944	  1.1112 	0.0391	 -3.173	0.065	 -1.131	0.057	1	     7249.6 	     12.337  	16.0376	0.0018	     2389.0  	      27.455   	16.9059	0.0125	      7334.5 	     38.904   	15.0985	0.0058	 1.8074	   --- 	 --- 	3984.0 	---   	---   	  1.31	    0.39 	  1.0  	FSR_0398
 0.086 	-0.2105	 0.1087	  755.06 	  162.138	  329.956	1.346	19	 ---	338.7317910796 	0.0478	 64.30426106956	0.0488	2205563155016389888	  0.983  	0.0573	 -3.077	0.097	 -1.253	0.09 	0	     6303.8 	      8.3487 	16.1894	0.0014	     2015.0  	      12.428   	17.0907	0.0067	      6471.4 	     19.613   	15.2344	0.0033	 1.8563	   --- 	 --- 	3919.5 	1.811 	0.8283	  1.46	    0.453	  0.6  	FSR_0398
 0.0954	-0.0301	 0.133 	  526.824	    ---  	    ---  	---  	18	 ---	338.96292860721	0.0832	 64.17630441086	0.085 	2205546005211096448	  0.9909 	0.098 	 -3.452	0.168	 -1.086	0.159	0	     1774.7 	      3.3688 	17.5655	0.0021	        ---  	       ---     	 ---   	---   	         --- 	      ---     	 ---   	---   	 ---   	   --- 	 --- 	   --- 	---   	---   	  --- 	    ---  	  1.0  	FSR_0398
 0.0487	-0.2517	 0.1061	  780.56 	  185.507	  281.67 	1.323	19	 ---	339.34742019219	0.023 	 64.18608810293	0.0243	2205544016642256896	  1.0376 	0.0268	 -3.356	0.044	 -1.236	0.045	0	    13114.0 	     16.8    	15.3941	0.0014	     4459.8  	      24.041   	16.2281	0.0059	     12885.0 	     45.743   	14.4867	0.0039	 1.7413	   --- 	 --- 	3993.0 	---   	---   	  1.87	    0.805	  1.0  	FSR_0398
 0.0209	-0.1861	 0.0212	 2309.227	  379.158	  589.382	1.285	19	 ---	338.8195526442 	0.0184	 64.2173775556 	0.0195	2205558791329665152	  1.0434 	0.0211	 -3.034	0.038	 -1.067	0.038	0	    17525.0 	      7.5892 	15.0792	0.0005	     6787.2  	      17.901   	15.7722	0.0029	     15741.0 	     26.708   	14.2693	0.0018	 1.5028	   --- 	 --- 	4394.0 	---   	---   	  1.59	    0.854	  1.0  	FSR_0398
 0.0382	-0.1741	 0.1522	 6660.112	 1219.884	 1741.735	1.223	19	 ---	339.08005058766	0.0188	 64.30735584438	0.0216	2205549239322402432	  0.9696 	0.0218	 -2.809	0.038	 -1.415	0.04 	0	   147580.0 	     22.159  	12.7658	0.0002	    75867.0  	      62.192   	13.1513	0.0009	    104670.0 	     60.097   	12.2123	0.0006	 0.9389	   --- 	 --- 	5340.0 	---   	---   	  2.97	    6.458	  0.3  	FSR_0398
 0.191 	-0.265 	 0.1669	 4481.831	  801.318	 1493.8  	1.258	16	 ---	339.28338386649	0.0157	 64.18810776262	0.016 	2205544188440996736	  1.022  	0.0185	 -3.224	0.033	 -1.087	0.033	0	    41374.0 	      9.2315 	14.1466	0.0002	    18188.0  	      22.697   	14.7019	0.0014	     33859.0 	     22.666   	13.4377	0.0007	 1.2642	   --- 	 --- 	5002.8 	---   	---   	  1.75	    1.727	  1.0  	FSR_0398
 0.1151	-0.2174	 0.1351	 1658.605	  302.365	  731.634	1.301	19	 ---	339.21993119918	0.0221	 64.15299619064	0.0209	2205543673044867840	  1.0408 	0.0244	 -3.414	0.043	 -1.094	0.04 	0	    16305.0 	      9.8308 	15.1575	0.0007	     6020.3  	      19.911   	15.9023	0.0036	     15188.0 	     20.759   	14.3082	0.0015	 1.5942	   --- 	 --- 	4387.0 	---   	---   	  1.55	    0.801	  1.0  	FSR_0398
 0.1037	-0.1597	 0.1544	 3534.863	  351.658	 1028.651	1.282	19	 ---	339.15521343387	0.0196	 64.14629204726	0.0195	2205543707404600448	  0.9649 	0.0208	 -3.235	0.038	 -1.155	0.037	0	    22757.0 	      6.4378 	14.7956	0.0003	     9189.4  	      26.132   	15.4432	0.0031	     19991.0 	     19.435   	14.0098	0.0011	 1.4334	   --- 	 --- 	4463.93	2.5427	1.304 	  1.87	    1.258	  1.0  	FSR_0398
 0.0848	-0.2158	 0.18  	 6946.685	  885.151	 1863.412	1.216	19	 ---	339.14660543435	0.0215	 64.13619569357	0.02  	2205542161216376064	  1.046  	0.0231	 -3.179	0.041	 -1.059	0.038	0	   164390.0 	     23.664  	12.6487	0.0002	    89389.0  	     100.99    	12.9732	0.0012	    110580.0 	     59.343   	12.1527	0.0006	 0.8205	   --- 	 --- 	5812.0 	---   	---   	  2.4 	    5.921	  1.0  	FSR_0398
 0.2033	-0.2602	 0.1811	 1347.764	  257.943	  427.929	1.328	18	 ---	339.19951330006	0.027 	 64.1555125721 	0.0238	2205543673044864768	  1.0874 	0.0277	 -3.251	0.051	 -1.061	0.045	0	    13466.0 	      9.991  	15.3653	0.0008	     4609.9  	      17.872   	16.1922	0.0042	     13269.0 	     31.009   	14.4548	0.0025	 1.7374	   --- 	 --- 	4141.58	2.283 	1.142 	  1.61	    0.688	  1.0  	FSR_0398
 0.2043	-0.0577	 0.2567	  550.993	   59.764	  186.405	1.449	18	 ---	339.1794053574 	0.0796	 64.15041361816	0.0746	2205543707404602240	  1.1468 	0.0927	 -3.532	0.161	 -1.293	0.145	0	     1952.7 	      3.5439 	17.4618	0.002 	      508.2  	       8.5035  	18.5863	0.0182	      2321.8 	     12.456   	16.3474	0.0058	 2.2389	   --- 	 --- 	   --- 	---   	---   	  --- 	    ---  	  0.9  	FSR_0398
-0.0283	-0.1586	-0.0117	  834.279	  158.675	  269.992	1.313	19	 ---	338.62455738402	0.0276	 64.03131267191	0.0259	2205539034479950464	  0.9925 	0.0298	 -3.113	0.054	 -1.37 	0.053	0	    10014.0 	     12.003  	15.6869	0.0013	     3536.0  	      22.284   	16.4801	0.0068	      9615.7 	     35.615   	14.8045	0.004 	 1.6757	   --- 	 --- 	4241.5 	---   	---   	  1.41	    0.581	  0.5  	FSR_0398
 0.136 	-0.1846	 0.2331	 3583.605	 1226.673	 1105.574	1.22 	19	 ---	338.98147503291	0.0122	 64.2618015946 	0.0125	2205547693134178816	  1.0226 	0.0143	 -3.122	0.025	 -1.487	0.023	0	   109590.0 	     30.582  	13.0889	0.0003	    58531.0  	      47.715   	13.4329	0.0009	     75184.0 	     68.005   	12.5716	0.001 	 0.8613	   --- 	 --- 	5511.15	---   	---   	  2.26	    4.227	  0.5  	FSR_0398
 0.0827	-0.0661	 0.172 	  534.891	   39.901	  190.213	1.498	18	 ---	339.18783979939	0.0801	 64.18679117461	0.075 	2205544562098529536	  1.0632 	0.0926	 -3.666	0.166	 -1.342	0.154	0	     1742.9 	      3.2584 	17.5852	0.002 	      345.03 	       8.6473  	19.0067	0.0272	      2266.5 	     11.915   	16.3735	0.0057	 2.6332	   --- 	 --- 	   --- 	---   	---   	  --- 	    ---  	  0.9  	FSR_0398
 0.0226	-0.1193	 0.2447	  373.214	   34.385	  146.513	1.471	17	 ---	339.52565082065	0.1046	 64.14304857631	0.1112	2211359879098816512	  0.9804 	0.1236	 -3.326	0.193	 -1.754	0.207	0	     1406.1 	      3.7675 	17.8183	0.0029	      279.69 	       8.134   	19.2347	0.0316	      1789.1 	     12.211   	16.6303	0.0074	 2.6044	   --- 	 --- 	   --- 	---   	---   	  --- 	    ---  	  0.1  	FSR_0398
