pmRApmDEcor	PlxpmRAcor	PlxpmDEcor	RFG	RFBP	RFRP	E(BR/RP)	Nper	[Fe/H]temp	RAdeg	e_RAdeg	DEdeg	e_DEdeg	Source	Plx	e_Plx	pmRA	e_pmRA	pmDE	e_pmDE	Dup	FG	e_FG	Gmag	e_Gmag	FBP	e_FBP	BPmag	e_BPmag	FRP	e_FRP	RPmag	e_RPmag	BP-RP	RV	e_RV	Teff	AG	E(BR-RP)	Rad	Lum	Pmemb	Cluster
---	---	---	---	---	---	---	---	---	deg	mas	deg	mas	---	mas	mas	mas/yr	mas/yr	mas/yr	mas/yr	---	e-/s	e-/s	mag	mag	e-/s	e-/s	mag	mag	e-/s	e-/s	mag	mag	mag	km/s	km/s	K	mag	mag	solRad	solLum	---	---
-------	-------	-------	---------	---------	---------	-----	--	----	---------------	------	---------------	------	-------------------	---------	------	-------	-----	-------	-----	-	------------	-------------	-------	------	-------------	---------------	-------	------	-------------	--------------	-------	------	-------	-------	-----	-------	------	------	------	---------	-------	--------------------
-0.1425	 0.301 	 0.2123	 1015.153	  384.269	  451.818	1.189	10	 ---	 91.2073894455 	0.0427	 24.05539079437	0.0376	3426200522758007040	  0.4967 	0.0453	  1.046	0.082	 -3.056	0.068	0	   797810.0 	    785.91   	10.9336	0.0011	   498410.0  	    1297.0     	11.1074	0.0028	    449940.0 	    995.85    	10.629 	0.0024	 0.4784	   --- 	 --- 	7707.0 	---   	---   	  6.38	  129.21 	  0.8  	IC_2157
-0.2151	 0.2842	 0.2248	 2365.588	  387.886	  579.682	1.205	11	 ---	 91.19419337402	0.0347	 24.06506712625	0.0314	3426200728916437888	  0.4213 	0.0374	  0.942	0.069	 -3.04 	0.058	0	   133510.0 	     56.437  	12.8746	0.0005	    83623.0  	     215.59    	13.0456	0.0028	     77249.0 	    133.26    	12.5422	0.0019	 0.5034	   --- 	 --- 	7391.5 	---   	---   	  3.31	   29.532	  1.0  	IC_2157
-0.1257	 0.2578	 0.2505	  609.492	  100.723	  274.639	1.332	11	 ---	 91.09996135245	0.0807	 23.9437731421 	0.0747	3426198083216668544	  0.4782 	0.0923	  0.925	0.157	 -2.755	0.128	0	     2671.3 	      4.3828 	17.1216	0.0018	      999.65 	       9.9247  	17.8518	0.0108	      2557.2 	      9.3111  	16.2425	0.004 	 1.6093	   --- 	 --- 	   --- 	---   	---   	  --- 	    ---  	  0.5  	IC_2157
-0.3457	 0.3255	 0.0901	 3410.41 	  315.308	  310.101	1.206	10	 ---	 91.17008080494	0.0277	 24.13329868732	0.0249	3426213235860637824	  0.4674 	0.0263	  0.92 	0.054	 -2.867	0.044	0	    59584.0 	     17.471  	13.7505	0.0003	    36194.0  	     114.79    	13.9548	0.0034	     35646.0 	    114.95    	13.3819	0.0035	 0.5729	   --- 	 --- 	6766.75	---   	---   	  2.36	   10.555	  0.7  	IC_2157
-0.1419	 0.3275	 0.2693	 2181.048	  435.984	  425.546	1.211	11	 ---	 91.20882280286	0.0304	 24.04921444423	0.0278	3426200419678793472	  0.4711 	0.0352	  1.095	0.056	 -3.062	0.046	0	   111430.0 	     51.09   	13.0709	0.0005	    69306.0  	     158.96    	13.2495	0.0025	     65673.0 	    154.33    	12.7185	0.0026	 0.531 	   --- 	 --- 	7005.98	---   	---   	  3.0 	   19.491	  0.9  	IC_2157
-0.3678	 0.3189	 0.1643	 1391.612	  323.285	  387.567	1.249	10	 ---	 91.1878357142 	0.0644	 24.17085990856	0.0594	3426213442019045120	  0.5021 	0.0669	  0.974	0.118	 -3.187	0.097	0	     7387.3 	      5.3084 	16.0172	0.0008	     3411.3  	      10.552   	16.5191	0.0034	      5818.1 	     15.012   	15.35  	0.0028	 1.1691	   --- 	 --- 	4896.55	0.922 	0.4482	  1.59	    1.309	  0.5  	IC_2157
-0.3246	 0.3648	 0.0835	 1425.355	  309.486	  436.932	1.207	10	 ---	 91.2185347971 	0.0449	 24.05869442404	0.04  	3426200454038524928	  0.4562 	0.0435	  0.843	0.088	 -3.144	0.069	0	   474690.0 	    333.03   	11.4973	0.0008	   299420.0  	     967.48    	11.6607	0.0035	    273360.0 	    625.64    	11.1701	0.0025	 0.4906	   --- 	 --- 	7626.0 	1.208 	0.6102	  5.45	   90.637	  0.6  	IC_2157
-0.3862	 0.2882	 0.1418	  929.864	  100.344	  146.158	1.305	11	 ---	 91.15337629858	0.0758	 24.02032558883	0.0679	3426198834834323968	  0.422  	0.076 	  0.864	0.153	 -2.645	0.127	0	     3878.5 	      4.171  	16.7167	0.0012	     1594.6  	      15.891   	17.3448	0.0108	      3466.4 	     23.716   	15.9122	0.0074	 1.4325	   --- 	 --- 	4438.25	---   	---   	  --- 	    ---  	  0.5  	IC_2157
-0.251 	 0.486 	 0.1738	 2958.354	  582.581	  589.007	1.202	 9	 ---	 91.19142927321	0.0302	 24.07691023611	0.0267	3426200797635910912	  0.5104 	0.0326	  1.177	0.06 	 -2.762	0.044	0	    75127.0 	     25.395  	13.4989	0.0004	    46137.0  	      79.193   	13.6913	0.0019	     44172.0 	     74.994   	13.149 	0.0018	 0.5422	   --- 	 --- 	7146.5 	---   	---   	  2.19	   11.229	  0.5  	IC_2157
-0.3938	 0.3727	 0.0639	 1375.24 	  288.282	  412.047	1.2  	10	 ---	 91.20586092141	0.0468	 24.08058918674	0.0417	3426201106873549056	  0.4226 	0.0435	  0.509	0.09 	 -2.4  	0.071	0	   364500.0 	    265.04   	11.7841	0.0008	   232940.0  	     808.04    	11.9333	0.0038	    204370.0 	    495.99    	11.4859	0.0026	 0.4474	   --- 	 --- 	7605.0 	1.0747	0.5197	  5.18	   80.999	  0.2  	IC_2157
-0.4994	 0.471 	-0.0382	 2687.032	  474.32 	  621.768	1.205	 9	 ---	 91.20733390397	0.0323	 24.07626145272	0.029 	3426201106873550080	  0.474  	0.0286	  0.918	0.064	 -3.025	0.048	0	    88613.0 	     32.978  	13.3196	0.0004	    53737.0  	     113.29    	13.5257	0.0023	     53020.0 	     85.272   	12.9508	0.0017	 0.5749	   --- 	 --- 	6965.0 	---   	---   	  2.69	   15.304	  0.9  	IC_2157
-0.0843	 0.3175	 0.1673	 3264.137	  312.981	  537.812	1.207	 9	 ---	 91.21660239227	0.0495	 24.13995879872	0.0461	3426213098421664128	  0.4004 	0.0489	  1.103	0.094	 -2.571	0.077	0	   218240.0 	     66.861  	12.341 	0.0003	   134860.0  	     430.89    	12.5267	0.0035	    128640.0 	    239.19    	11.9885	0.002 	 0.5382	   --- 	 --- 	6987.0 	1.2705	0.6295	  4.96	   52.838	  0.3  	IC_2157
-0.2142	 0.2531	 0.0258	 1057.178	  160.905	  334.43 	1.261	10	 ---	 91.1896364873 	0.0627	 24.09069940812	0.057 	3426201175593027584	  0.453  	0.0602	  1.043	0.126	 -2.891	0.1  	0	     7123.1 	      6.7378 	16.0567	0.001 	     3327.1  	      20.677   	16.5462	0.0067	      5652.6 	     16.902   	15.3813	0.0032	 1.1649	   --- 	 --- 	4978.0 	1.4075	0.6593	  1.66	    1.521	  0.7  	IC_2157
-0.2651	 0.2318	 0.2076	 1359.134	  182.195	  398.219	1.271	11	 ---	 91.0729954607 	0.0517	 24.10139113022	0.0475	3426212063331612672	  0.4782 	0.056 	  1.857	0.102	 -2.933	0.084	0	     6985.5 	      5.1396 	16.0779	0.0008	     3306.2  	      18.146   	16.5531	0.006 	      5574.8 	     13.999   	15.3963	0.0027	 1.1567	   --- 	 --- 	4899.19	---   	---   	  1.62	    1.363	  0.2  	IC_2157
-0.19  	 0.2795	 0.1949	 1181.049	  389.791	  379.863	1.263	11	 ---	 91.17836872351	0.0493	 23.96905730772	0.0454	3426197838401767296	  0.4047 	0.0539	  0.928	0.096	 -3.03 	0.077	0	     8098.1 	      6.8567 	15.9174	0.0009	     3557.7  	       9.1271  	16.4735	0.0028	      6666.5 	     17.55    	15.2022	0.0029	 1.2713	   --- 	 --- 	4961.17	---   	---   	  2.0 	    2.175	  0.8  	IC_2157
-0.2367	 0.3247	 0.0298	  628.298	   29.153	  129.766	1.393	10	 ---	 91.21403997502	0.1503	 23.88952687589	0.1327	3426193856965422080	  0.5098 	0.1457	  0.665	0.288	 -3.342	0.225	0	     1479.0 	      2.354  	17.7635	0.0017	      473.96 	      16.258   	18.662 	0.0372	      1585.6 	     12.219   	16.7614	0.0084	 1.9006	   --- 	 --- 	   --- 	---   	---   	  --- 	    ---  	  0.2  	IC_2157
-0.1976	 0.2742	 0.254 	 2547.129	  375.714	  516.078	1.223	11	 ---	 91.17960511741	0.0338	 24.03235188404	0.03  	3426200350959337216	  0.4028 	0.0374	  0.993	0.065	 -2.936	0.053	0	    22181.0 	      8.7084 	14.8234	0.0004	    11974.0  	      31.869   	15.1558	0.0029	     15147.0 	     29.35    	14.3111	0.0021	 0.8447	   --- 	 --- 	5639.27	---   	---   	  2.45	    5.451	  0.9  	IC_2157
-0.1271	 0.2762	 0.1564	  832.381	   30.402	  134.67 	1.363	11	 ---	 91.11603964815	0.1081	 23.93326577714	0.0983	3426197357367686656	  0.3678 	0.1113	  0.615	0.213	 -3.257	0.17 	0	     1960.0 	      2.3547 	17.4577	0.0013	      842.5  	      27.712   	18.0375	0.0357	      1828.9 	     13.581   	16.6065	0.0081	 1.431 	   --- 	 --- 	   --- 	---   	---   	  --- 	    ---  	  0.2  	IC_2157
-0.2392	 0.2946	 0.1771	  954.239	   79.217	  186.992	1.293	11	 ---	 91.17502646944	0.0832	 24.05089012875	0.0755	3426200591477499520	  0.3782 	0.0884	  0.779	0.162	 -2.267	0.13 	0	     3150.2 	      3.3013 	16.9425	0.0011	     1392.4  	      17.576   	17.492 	0.0137	      2682.1 	     14.344   	16.1907	0.0058	 1.3013	   --- 	 --- 	4892.35	---   	---   	  --- 	    ---  	  0.1  	IC_2157
-0.3294	 0.2748	 0.1732	 1488.931	  184.27 	  307.005	1.273	11	 ---	 91.17564008138	0.0542	 23.99916788891	0.0485	3426198014497140736	  0.5203 	0.0555	  0.788	0.107	 -2.775	0.086	0	     7632.2 	      5.126  	15.9817	0.0007	     3372.9  	      18.304   	16.5314	0.0059	      6340.5 	     20.653   	15.2566	0.0035	 1.2748	   --- 	 --- 	4794.46	1.527 	0.7713	  1.65	    1.294	  0.2  	IC_2157
-0.3003	 0.2435	 0.2043	 1355.549	  159.992	  412.084	1.271	11	 ---	 91.13999142781	0.0559	 24.04985192501	0.0515	3426210899398472576	  0.507  	0.0598	  0.398	0.113	 -2.866	0.097	0	     6012.6 	      4.4355 	16.2407	0.0008	     2605.9  	      16.288   	16.8115	0.0068	      5038.7 	     12.227   	15.5061	0.0026	 1.3054	   --- 	 --- 	4913.4 	---   	---   	  1.41	    1.041	  0.1  	IC_2157
-0.4235	 0.077 	 0.3525	 2642.606	  545.887	  381.354	1.211	11	 ---	 91.18222517449	0.03  	 24.06046933666	0.0271	3426200694556706688	  0.4707 	0.034 	  1.054	0.066	 -3.004	0.059	0	    31268.0 	     11.832  	14.4506	0.0004	    17947.0  	      32.877   	14.7164	0.002 	     19933.0 	     52.27    	14.013 	0.0028	 0.7034	   --- 	 --- 	6134.5 	---   	---   	  2.07	    5.488	  0.9  	IC_2157
-0.1557	 0.2339	 0.1508	  996.112	  104.268	  134.422	1.299	11	 ---	 91.03234421309	0.0932	 24.044831394  	0.0852	3426211410498627840	  0.5277 	0.0972	  0.571	0.184	 -3.088	0.15 	0	     2345.6 	      2.3547 	17.2627	0.0011	      901.25 	       8.6435  	17.9643	0.0104	      2146.4 	     15.968   	16.4326	0.0081	 1.5316	   --- 	 --- 	   --- 	---   	---   	  --- 	    ---  	  0.2  	IC_2157
-0.1796	 0.2942	 0.2229	 1693.275	  211.745	  803.689	1.232	11	 ---	 91.18033624916	0.0292	 24.00109738086	0.0266	3426198048856876928	  0.4718 	0.0319	  0.953	0.057	 -2.933	0.046	0	    30272.0 	     17.878  	14.4858	0.0006	    15861.0  	      74.906   	14.8506	0.0051	     21424.0 	     26.657   	13.9347	0.0014	 0.9159	   --- 	 --- 	5537.68	---   	---   	  2.54	    5.472	  1.0  	IC_2157
-0.2339	 0.2525	 0.0372	  771.475	   50.437	  165.892	1.398	11	 ---	 91.23066729588	0.1287	 23.93875259446	0.1151	3426194642946007808	  0.4    	0.1254	  1.22 	0.253	 -2.812	0.203	0	     1640.5 	      2.1265 	17.6509	0.0014	      472.06 	       9.3593  	18.6664	0.0215	      1822.0 	     10.983   	16.6106	0.0065	 2.0558	   --- 	 --- 	   --- 	---   	---   	  --- 	    ---  	  0.2  	IC_2157
-0.1348	 0.3088	 0.2159	 3421.702	  626.912	  850.44 	1.213	11	 ---	 91.15108243703	0.0259	 24.06335800725	0.0238	3426212376867212544	  0.4695 	0.0279	  0.955	0.05 	 -3.01 	0.041	0	    50405.0 	     14.731  	13.9322	0.0003	    28127.0  	      44.866   	14.2286	0.0017	     33029.0 	     38.838   	13.4647	0.0013	 0.7639	   --- 	 --- 	5692.15	0.928 	0.4465	  3.1 	    9.082	  1.0  	IC_2157
-0.3731	 0.3334	 0.0896	 1670.08 	  257.782	  460.828	1.239	10	 ---	 91.18546931263	0.0458	 24.12549776803	0.0415	3426213029702204672	  0.4163 	0.0445	  0.895	0.09 	 -2.951	0.073	0	    11950.0 	      7.1556 	15.4949	0.0007	     6048.8  	      23.465   	15.8972	0.0042	      8756.9 	     19.003   	14.906 	0.0024	 0.9912	   --- 	 --- 	5234.12	---   	---   	  2.06	    2.88 	  0.6  	IC_2157
-0.3784	 0.2993	 0.0665	  731.713	   48.325	  200.775	1.288	11	 ---	 91.10411678804	0.1173	 24.12419092977	0.1058	3426213575160152448	  0.4086 	0.1126	  1.829	0.224	 -3.283	0.184	0	     1939.6 	      2.6507 	17.4691	0.0015	      764.77 	      15.826   	18.1426	0.0225	      1734.2 	      8.6374  	16.6642	0.0054	 1.4784	   --- 	 --- 	   --- 	---   	---   	  --- 	    ---  	  0.1  	IC_2157
-0.2785	 0.3096	 0.1319	  665.939	   71.908	  203.375	1.293	11	 ---	 91.11108352867	0.1205	 23.97925136835	0.1084	3426198319438125312	  0.5193 	0.1227	  0.684	0.237	 -2.592	0.187	0	     1667.1 	      2.5034 	17.6334	0.0016	      710.18 	       9.8763  	18.223 	0.0151	      1445.8 	      7.1089  	16.8617	0.0053	 1.3613	   --- 	 --- 	   --- 	---   	---   	  --- 	    ---  	  0.1  	IC_2157
-0.2112	 0.2574	 0.0816	 4214.15 	  294.736	  515.506	1.207	10	 ---	 91.20737704707	0.0491	 24.13857633272	0.046 	3426213167141144192	  0.4439 	0.05  	  0.767	0.093	 -2.466	0.076	0	   196730.0 	     46.683  	12.4537	0.0003	   120630.0  	     409.29    	12.6477	0.0037	    116910.0 	    226.78    	12.0923	0.0021	 0.5554	   --- 	 --- 	6973.0 	---   	---   	  4.26	   38.743	  0.4  	IC_2157
-0.367 	 0.279 	 0.1323	  388.234	   60.467	  115.011	1.291	10	 ---	 91.25928885912	0.1401	 24.04255750954	0.1301	3426200003065492608	  0.3891 	0.1426	  1.443	0.262	 -3.5  	0.21 	0	     1707.6 	      4.3983 	17.6074	0.0028	      666.48 	      11.022   	18.2919	0.018 	      1537.4 	     13.368   	16.7949	0.0094	 1.497 	   --- 	 --- 	   --- 	---   	---   	  --- 	    ---  	  0.1  	IC_2157
-0.0839	 0.2645	 0.157 	 1374.737	  214.163	  261.863	1.262	10	 ---	 91.13927866164	0.0563	 24.06535679302	0.0522	3426212376867216128	  0.4697 	0.0579	  1.114	0.111	 -2.898	0.091	0	     6404.0 	      4.6584 	16.1722	0.0008	     2931.2  	      13.687   	16.6838	0.0051	      5153.9 	     19.682   	15.4816	0.0041	 1.2022	   --- 	 --- 	4924.09	0.8905	0.4365	  1.56	    1.288	  0.8  	IC_2157
-0.0613	 0.25  	 0.2541	 3353.831	  638.438	  855.745	1.22 	11	 ---	 91.05321896727	0.0268	 23.99351922393	0.0253	3426210280923225344	  0.471  	0.0307	  1.346	0.052	 -2.678	0.044	0	    29341.0 	      8.7484 	14.5197	0.0003	    16462.0  	      25.784   	14.8102	0.0017	     19348.0 	     22.61    	14.0453	0.0013	 0.7649	   --- 	 --- 	5929.56	1.442 	0.719 	  2.16	    5.182	  0.2  	IC_2157
-0.1392	 0.1984	 0.1149	  714.111	   38.422	  190.249	1.319	11	 ---	 91.24974833901	0.1437	 23.97953450657	0.1321	3426196257853830400	  0.3793 	0.1509	  0.196	0.287	 -2.471	0.232	0	     1715.4 	      2.4021 	17.6025	0.0015	      662.73 	      17.249   	18.298 	0.0283	      1599.3 	      8.4061  	16.7521	0.0057	 1.5459	   --- 	 --- 	   --- 	---   	---   	  --- 	    ---  	  0.1  	IC_2157
-0.358 	 0.3139	 0.1417	 2003.187	  320.482	  621.676	1.232	10	 ---	 91.1764084825 	0.04  	 24.03296092548	0.0355	3426200350959338368	  0.3853 	0.0398	  0.826	0.079	 -2.985	0.062	0	    17688.0 	      8.8302 	15.0691	0.0005	     9209.7  	      28.737   	15.4408	0.0034	     12586.0 	     20.246   	14.5122	0.0017	 0.9286	   --- 	 --- 	5240.83	---   	---   	  2.7 	    4.972	  0.8  	IC_2157
-0.2991	 0.2242	 0.0517	 1029.701	  114.151	   66.811	1.465	10	 ---	 91.27769872406	0.0848	 24.0546304981 	0.076 	3426200144800856832	  0.3809 	0.0811	  1.412	0.176	 -2.755	0.147	0	     3784.1 	      3.6749 	16.7435	0.0011	     1845.6  	      16.168   	17.1861	0.0095	      3699.1 	     55.367   	15.8417	0.0163	 1.3444	   --- 	 --- 	4548.0 	---   	---   	  --- 	    ---  	  0.5  	IC_2157
-0.3909	 0.3025	 0.1113	 1603.145	  222.978	  436.419	1.241	10	 ---	 91.20952968813	0.0441	 24.12830269208	0.04  	3426213064061932672	  0.4346 	0.0431	  0.878	0.089	 -2.802	0.075	0	    13222.0 	      8.2476 	15.3851	0.0007	     6655.5  	      29.848   	15.7934	0.0049	      9754.8 	     22.352   	14.7889	0.0025	 1.0046	   --- 	 --- 	5172.5 	---   	---   	  2.14	    2.954	  0.7  	IC_2157
-0.344 	 0.3343	 0.0908	 1942.199	  440.845	  568.96 	1.221	10	 ---	 91.21127120368	0.039 	 24.13006419002	0.0353	3426213064061931776	  0.3696 	0.0378	  0.84 	0.077	 -2.428	0.062	0	    18432.0 	      9.4902 	15.0244	0.0006	    10547.0  	      23.925   	15.2935	0.0025	     11962.0 	     21.024   	14.5674	0.0019	 0.7261	   --- 	 --- 	6084.33	---   	---   	  2.06	    5.257	  0.4  	IC_2157
-0.081 	 0.4232	 0.4464	 2648.365	  262.323	  478.011	1.222	10	 ---	 91.17960772365	0.0384	 24.03098063164	0.0347	3426200346669100032	  0.4    	0.0491	  1.069	0.057	 -2.804	0.048	0	   108080.0 	     40.81   	13.104 	0.0004	    62847.0  	     239.58    	13.3557	0.0041	     69219.0 	    144.81    	12.6614	0.0023	 0.6943	   --- 	 --- 	6544.65	---   	---   	  3.98	   26.125	  0.9  	IC_2157
-0.2341	 0.1648	 0.054 	  541.631	   66.161	   79.332	1.304	11	 ---	 91.04082861791	0.1406	 24.0964328843 	0.1289	3426212136349068672	  0.4393 	0.146 	  0.918	0.272	 -3.314	0.219	0	     1260.2 	      2.3266 	17.9373	0.002 	      488.66 	       7.3859  	18.6289	0.0164	      1154.0 	     14.547   	17.1064	0.0137	 1.5225	   --- 	 --- 	   --- 	---   	---   	  --- 	    ---  	  0.5  	IC_2157
-0.5943	 0.388 	-0.0487	 1146.84 	   91.17 	  207.571	1.267	10	 ---	 91.19380977292	0.1013	 24.13625035162	0.0903	3426213132781411840	  0.4255 	0.0859	  1.405	0.205	 -2.947	0.168	0	     3418.2 	      2.9805 	16.8539	0.0009	     1583.0  	      17.363   	17.3527	0.0119	      2746.5 	     13.232   	16.165 	0.0052	 1.1878	   --- 	 --- 	4873.0 	0.8997	0.4507	  --- 	    ---  	  0.3  	IC_2157
 0.0137	 0.2365	 0.1638	 1702.13 	  283.504	  281.357	1.264	11	 ---	 91.26820266281	0.0517	 23.91330634044	0.0467	3426193612153787776	  0.4336 	0.0547	  1.103	0.1  	 -3.124	0.079	0	    10557.0 	      6.2024 	15.6295	0.0006	     4814.8  	      16.983   	16.1449	0.0038	      8533.5 	     30.33    	14.9341	0.0039	 1.2108	   --- 	 --- 	4882.15	---   	---   	  2.22	    2.518	  0.5  	IC_2157
-0.3555	 0.3805	 0.0936	 2664.628	  470.459	  497.538	1.216	10	 ---	 91.21748635639	0.035 	 24.05283937489	0.031 	3426200454038527872	  0.4566 	0.0345	  0.897	0.068	 -2.977	0.053	0	    30008.0 	     11.262  	14.4953	0.0004	    16928.0  	      35.982   	14.7799	0.0023	     19564.0 	     39.322   	14.0333	0.0022	 0.7466	   --- 	 --- 	5973.0 	---   	---   	  2.22	    5.629	  1.0  	IC_2157
-0.204 	 0.2875	 0.2095	 3218.307	  630.606	  815.918	1.207	11	 ---	 91.1876745354 	0.0235	 24.07972760012	0.0214	3426200797635911296	  0.4586 	0.0253	  1.06 	0.046	 -3.092	0.038	0	    75367.0 	     23.418  	13.4954	0.0003	    45660.0  	      72.407   	13.7025	0.0017	     45340.0 	     55.57    	13.1207	0.0013	 0.5818	   --- 	 --- 	6778.5 	0.5175	0.2947	  2.7 	   13.868	  0.9  	IC_2157
-0.6243	 0.4214	-0.0815	  902.953	   49.983	  203.365	1.3  	10	 ---	 91.2378437135 	0.1067	 24.03806501406	0.093 	3426199693830484480	  0.5133 	0.0872	  1.131	0.214	 -2.405	0.169	0	     3574.1 	      3.9582 	16.8055	0.0012	     1648.1  	      32.974   	17.3089	0.0217	      2996.6 	     14.735   	16.0703	0.0053	 1.2386	   --- 	 --- 	4882.0 	0.8907	0.433 	  --- 	    ---  	  0.2  	IC_2157
-0.2227	 0.149 	 0.0973	 1708.496	  405.673	  554.139	1.366	11	 ---	 91.05372933861	0.0354	 24.11496101833	0.0321	3426212342507488000	  0.3818 	0.0357	  0.664	0.07 	 -2.54 	0.059	0	   432130.0 	    252.93   	11.5993	0.0006	   113200.0  	     279.05    	12.7167	0.0027	    477160.0 	    861.08    	10.5653	0.002 	 2.1515	   --- 	 --- 	4002.0 	---   	---   	 29.09	  195.562	  0.2  	IC_2157
-0.3219	 0.2181	 0.1478	 1375.932	  393.613	  446.714	1.227	10	 ---	 91.29188142528	0.0563	 24.07382444761	0.0525	3426200179160579840	  0.3879 	0.0596	  0.791	0.108	 -2.492	0.086	0	     9521.4 	      6.92   	15.7416	0.0008	     4962.4  	      12.607   	16.1121	0.0028	      6716.3 	     15.035   	15.1941	0.0024	 0.918 	   --- 	 --- 	5353.1 	1.259 	0.6298	  --- 	    ---  	  0.3  	IC_2157
-0.3215	 0.3435	 0.1113	 1306.218	  243.633	  379.38 	1.208	10	 ---	 91.23571225053	0.0434	 24.07242375443	0.0389	3426200862057456896	  0.4552 	0.0425	  0.721	0.085	 -2.698	0.068	0	   307390.0 	    235.32   	11.9692	0.0008	   191900.0  	     787.64    	12.1437	0.0045	    179440.0 	    472.99    	11.6271	0.0029	 0.5166	   --- 	 --- 	7114.0 	---   	---   	  5.0 	   57.715	  0.2  	IC_2157
-0.341 	 0.3785	 0.1245	 2870.425	  462.081	  564.684	1.215	10	 ---	 91.22214532439	0.0317	 24.07443095634	0.028 	3426200900715114624	  0.5047 	0.032 	  1.508	0.061	 -2.762	0.048	0	    48283.0 	     16.821  	13.9789	0.0004	    28406.0  	      61.475   	14.2178	0.0023	     30245.0 	     53.56    	13.5603	0.0019	 0.6576	   --- 	 --- 	6532.0 	---   	---   	  2.11	    7.333	  0.3  	IC_2157
-0.1971	 0.2657	 0.033 	 2622.335	  670.691	  468.548	1.213	10	 ---	 91.19469151593	0.0298	 24.09730908856	0.0268	3426201175593022720	  0.4683 	0.0284	  0.79 	0.059	 -3.003	0.047	0	    54985.0 	     20.968  	13.8378	0.0004	    31825.0  	      47.451   	14.0945	0.0016	     34886.0 	     74.456   	13.4053	0.0023	 0.6892	   --- 	 --- 	6061.5 	---   	---   	  2.83	    9.772	  0.7  	IC_2157
-0.1378	 0.2707	 0.2004	 3735.793	  449.019	  736.14 	1.209	11	 ---	 91.06868710447	0.0229	 24.02169839536	0.0212	3426210418362167424	  0.4848 	0.0246	  1.134	0.044	 -3.499	0.037	0	    84187.0 	     22.535  	13.3752	0.0003	    49162.0  	     109.49    	13.6223	0.0024	     52589.0 	     71.439   	12.9597	0.0015	 0.6626	   --- 	 --- 	6346.0 	1.044 	0.514 	  3.08	   13.874	  0.2  	IC_2157
-0.3952	 0.3694	 0.064 	 2730.563	  461.655	  420.039	1.208	10	 ---	 91.1974664251 	0.028 	 24.09122830801	0.0249	3426201175593023744	  0.4286 	0.0262	  0.943	0.055	 -3.038	0.043	0	    83515.0 	     30.585  	13.384 	0.0004	    50944.0  	     110.35    	13.5836	0.0024	     49968.0 	    118.96    	13.0152	0.0026	 0.5685	   --- 	 --- 	7061.37	---   	---   	  2.81	   17.674	  1.0  	IC_2157
-0.2445	 0.2735	 0.2214	 2361.401	  412.448	  459.94 	1.238	11	 ---	 91.14022712784	0.0366	 23.96372292242	0.0336	3426197499101093120	  0.4408 	0.0399	  1.119	0.073	 -3.101	0.061	0	    16383.0 	      6.9376 	15.1524	0.0005	     8111.0  	      19.665   	15.5787	0.0026	     12163.0 	     26.446   	14.5493	0.0024	 1.0294	   --- 	 --- 	5187.58	---   	---   	  2.33	    3.547	  0.8  	IC_2157
-0.3154	 0.3685	 0.2118	 2501.815	  463.126	  380.945	1.242	10	 ---	 91.22758323563	0.046 	 24.07688415772	0.0414	3426200935074849152	  0.4521 	0.0496	  0.965	0.083	 -2.929	0.066	0	    17129.0 	      6.8467 	15.104 	0.0004	     8346.0  	      18.021   	15.5477	0.0023	     12928.0 	     33.937   	14.4831	0.0029	 1.0646	   --- 	 --- 	5053.52	---   	---   	  2.48	    3.614	  0.8  	IC_2157
-0.419 	 0.2318	 0.2524	 2600.944	  411.758	  290.516	1.21 	 9	 ---	 91.22882940681	0.0319	 24.07349319592	0.0291	3426200935074850304	  0.4508 	0.0331	  0.996	0.061	 -2.955	0.05 	0	    65882.0 	     25.33   	13.6414	0.0004	    39584.0  	      96.134   	13.8576	0.0026	     40123.0 	    138.11    	13.2534	0.0037	 0.6041	   --- 	 --- 	6677.32	---   	---   	  2.65	   12.541	  1.0  	IC_2157
-0.4596	 0.3321	 0.0154	  782.162	   85.04 	  215.621	1.282	10	 ---	 91.14190237347	0.1125	 24.13469363014	0.1004	3426214026134630400	  0.408  	0.103 	  1.003	0.217	 -3.14 	0.176	0	     2318.8 	      2.9646 	17.2752	0.0014	     1008.4  	      11.859   	17.8423	0.0128	      1965.3 	      9.1147  	16.5283	0.005 	 1.3139	   --- 	 --- 	   --- 	---   	---   	  --- 	    ---  	  0.6  	IC_2157
-0.3962	 0.3311	 0.1422	  895.02 	   72.267	  217.423	1.283	10	 ---	 91.27698347351	0.1119	 24.07484926851	0.1025	3426200243583734016	  0.4506 	0.1126	  1.256	0.211	 -2.853	0.168	0	     2425.6 	      2.7101 	17.2263	0.0012	     1067.3  	      14.77    	17.7806	0.015 	      2043.8 	      9.4002  	16.4858	0.005 	 1.2948	   --- 	 --- 	   --- 	---   	---   	  --- 	    ---  	  0.4  	IC_2157
-0.3946	 0.3202	 0.1415	  697.171	   51.361	  115.956	1.293	10	 ---	 91.23613545704	0.1184	 24.11229315874	0.1083	3426201274373795072	  0.5362 	0.1182	  0.953	0.223	 -2.973	0.178	0	     2160.1 	      3.0984 	17.3522	0.0016	      897.45 	      17.473   	17.9689	0.0211	      1895.2 	     16.344   	16.5678	0.0094	 1.4011	   --- 	 --- 	   --- 	---   	---   	  --- 	    ---  	  0.4  	IC_2157
-0.3405	 0.3268	 0.1872	 3042.368	  421.423	  332.235	1.21 	10	 ---	 91.20529117906	0.033 	 24.09911637752	0.0305	3426201209952755328	  0.4588 	0.0339	  1.003	0.061	 -2.971	0.049	0	    46237.0 	     15.198  	14.0259	0.0004	    27195.0  	      64.532   	14.2652	0.0026	     28763.0 	     86.574   	13.6148	0.0033	 0.6503	   --- 	 --- 	6493.5 	---   	---   	  2.3 	    8.498	  1.0  	IC_2157
-0.3956	 0.2194	 0.0162	 2434.62 	  611.368	  607.165	1.209	10	 ---	 91.10939832126	0.0322	 24.18290475762	0.0291	3426214369732005376	  0.4553 	0.0297	  0.91 	0.063	 -2.999	0.051	0	    28006.0 	     11.503  	14.5702	0.0004	    16145.0  	      26.408   	14.8313	0.0018	     17717.0 	     29.18    	14.141 	0.0018	 0.6903	   --- 	 --- 	6332.0 	---   	---   	  1.9 	    5.233	  1.0  	IC_2157
-0.3522	 0.3454	 0.0878	 2131.033	  652.7  	  435.412	1.228	10	 ---	 91.18141918935	0.0403	 24.12323473811	0.0365	3426213029702207488	  0.4258 	0.0391	  0.965	0.079	 -2.882	0.063	0	    16547.0 	      7.7648 	15.1416	0.0005	     8928.5  	      13.679   	15.4744	0.0017	     11393.0 	     26.167   	14.6203	0.0025	 0.8542	   --- 	 --- 	5583.2 	---   	---   	  2.04	    3.656	  1.0  	IC_2157
-0.4997	 0.2967	 0.0801	  461.735	   48.742	  104.144	1.366	10	 ---	 91.21071491987	0.1445	 24.10938865915	0.1282	3426201209952749056	  0.5001 	0.1353	  0.62 	0.3  	 -3.056	0.248	0	     1510.7 	      3.2717 	17.7404	0.0024	      570.3  	      11.7     	18.4611	0.0223	      1493.2 	     14.338   	16.8266	0.0104	 1.6345	   --- 	 --- 	   --- 	---   	---   	  --- 	    ---  	  0.3  	IC_2157
-0.4678	 0.5483	-0.0314	 1230.9  	  186.449	  187.28 	1.258	 9	 ---	 91.22052876903	0.0775	 24.10043399413	0.0629	3426201141233272448	  0.529  	0.0731	  1.223	0.151	 -3.277	0.106	0	     7072.9 	      5.7461 	16.0644	0.0009	     3247.6  	      17.418   	16.5725	0.0058	      5648.4 	     30.16    	15.3821	0.0058	 1.1904	   --- 	 --- 	4912.0 	1.2137	0.6125	  1.46	    1.125	  0.3  	IC_2157
-0.4405	 0.3872	 0.0184	 1796.35 	  275.216	  456.792	1.234	10	 ---	 91.18260961243	0.0436	 24.10836588668	0.0393	3426212926622998016	  0.4989 	0.0394	  1.029	0.084	 -2.72 	0.067	0	    17961.0 	      9.9986 	15.0525	0.0006	     9219.7  	      33.5     	15.4396	0.0039	     12946.0 	     28.341   	14.4816	0.0024	 0.958 	   --- 	 --- 	5230.0 	1.788 	0.9033	  2.12	    3.016	  0.4  	IC_2157
-0.0426	 0.1769	 0.1481	 2404.467	  235.582	  702.426	1.236	11	 ---	 91.16132442443	0.0355	 23.92898990508	0.0329	3426197189863453312	  0.3941 	0.0378	  0.985	0.073	 -3.101	0.061	0	    19855.0 	      8.2578 	14.9437	0.0005	    10244.0  	      43.485   	15.3252	0.0046	     14290.0 	     20.343   	14.3744	0.0015	 0.9508	   --- 	 --- 	5298.88	---   	---   	  2.73	    5.289	  0.7  	IC_2157
-0.2262	 0.272 	 0.1751	 1686.807	  186.875	  403.257	1.24 	11	 ---	 91.14252922099	0.0395	 24.1111816539 	0.0365	3426212784886144256	  0.4873 	0.042 	  1.178	0.077	 -2.527	0.063	0	    12232.0 	      7.2519 	15.4696	0.0006	     6042.5  	      32.335   	15.8983	0.0058	      9122.7 	     22.623   	14.8616	0.0027	 1.0367	   --- 	 --- 	5163.0 	1.6867	0.8247	  1.84	    2.177	  0.3  	IC_2157
-0.2263	 0.3203	 0.1829	  846.171	   90.002	  173.742	1.276	10	 ---	 91.19830210304	0.0903	 24.06119585066	0.0819	3426200518461603712	  0.4836 	0.0951	  1.193	0.178	 -3.121	0.14 	0	     2658.3 	      3.1416 	17.1268	0.0013	     1145.0  	      12.722   	17.7043	0.0121	      2247.1 	     12.934   	16.3829	0.0062	 1.3215	   --- 	 --- 	   --- 	---   	---   	  --- 	    ---  	  0.4  	IC_2157
-0.3694	 0.3493	 0.1703	  702.033	  117.366	  125.988	1.373	10	 ---	 91.2605646922 	0.1028	 24.09743969333	0.0926	3426201003790808576	  0.4795 	0.1065	  1.657	0.192	 -2.31 	0.153	0	     3090.6 	      4.4023 	16.9633	0.0015	     1333.7  	      11.363   	17.5388	0.0093	      2908.7 	     23.087   	16.1027	0.0086	 1.4361	   --- 	 --- 	4483.0 	1.4363	0.6837	  --- 	    ---  	  0.2  	IC_2157
-0.6176	 0.4012	-0.0625	 1148.455	  140.849	  194.819	1.265	10	 ---	 91.17182940229	0.0835	 24.11512092633	0.0745	3426212991044582784	  0.5215 	0.0691	  1.37 	0.166	 -2.993	0.137	0	     5397.7 	      4.7    	16.3578	0.0009	     2463.6  	      17.491   	16.8725	0.0077	      4365.1 	     22.406   	15.6619	0.0056	 1.2105	   --- 	 --- 	4882.1 	---   	---   	  1.32	    0.89 	  0.7  	IC_2157
-0.3777	 0.3557	 0.081 	 1761.066	  288.825	  482.189	1.241	10	 ---	 91.18349650054	0.0469	 24.12189203329	0.0423	3426213029702206848	  0.414  	0.0453	  0.93 	0.092	 -3.016	0.073	0	    11922.0 	      6.7697 	15.4975	0.0006	     5967.3  	      20.661   	15.9119	0.0038	      8828.5 	     18.309   	14.8972	0.0023	 1.0147	   --- 	 --- 	5224.29	---   	---   	  2.08	    2.91 	  0.8  	IC_2157
-0.2298	 0.2785	 0.1893	 1352.28 	  180.429	  378.899	1.264	11	 ---	 91.11783502742	0.0577	 24.11027609793	0.0538	3426213510738571776	  0.373  	0.0631	  0.763	0.111	 -2.995	0.092	0	     8034.3 	      5.9413 	15.926 	0.0008	     3561.4  	      19.738   	16.4723	0.006 	      6596.4 	     17.409   	15.2137	0.0029	 1.2587	   --- 	 --- 	4793.05	---   	---   	  --- 	    ---  	  0.7  	IC_2157
-0.5132	 0.2675	 0.168 	  846.024	   85.394	  534.705	1.307	 9	 ---	 91.10052459854	0.0699	 23.98733816242	0.0622	3426198495533509760	  0.4857 	0.071 	  1.761	0.15 	 -2.976	0.132	0	     6548.3 	      7.7401 	16.148 	0.0013	     2773.5  	      32.479   	16.7438	0.0127	      5784.1 	     10.817   	15.3563	0.002 	 1.3875	   --- 	 --- 	4512.05	---   	---   	  --- 	    ---  	  0.1  	IC_2157
-0.2626	 0.2557	 0.2143	 2354.001	  752.721	  473.786	1.213	11	 ---	 91.13554501089	0.0341	 24.1356505252 	0.0309	3426213648177510144	  0.4419 	0.0369	  0.993	0.067	 -3.074	0.057	0	    20039.0 	      8.5128 	14.9337	0.0005	    11092.0  	      14.736   	15.2388	0.0014	     13210.0 	     27.881   	14.4597	0.0023	 0.7791	   --- 	 --- 	6124.62	1.2867	0.623 	  1.77	    3.993	  0.7  	IC_2157
-0.1938	 0.2851	 0.1979	 1474.59 	  247.462	  554.899	1.26 	11	 ---	 91.12459389201	0.0486	 23.98064215884	0.0446	3426198323734812928	  0.4647 	0.0529	  0.716	0.095	 -2.338	0.076	0	     7922.3 	      5.3726 	15.9412	0.0007	     3651.5  	      14.756   	16.4452	0.0044	      6334.2 	     11.415   	15.2577	0.002 	 1.1875	   --- 	 --- 	4881.28	---   	---   	  1.79	    1.645	  0.2  	IC_2157
-0.4418	 0.2858	 0.142 	 1092.282	  165.931	  414.768	1.285	10	 ---	 91.14078241106	0.0646	 23.97788430571	0.0579	3426198632972453120	  0.5208 	0.0643	  0.902	0.132	 -3.047	0.109	0	     5923.2 	      5.4228 	16.257 	0.001 	     2486.3  	      14.984   	16.8625	0.0065	      5123.8 	     12.353   	15.4879	0.0026	 1.3746	   --- 	 --- 	5025.0 	1.4538	0.7195	  1.28	    0.947	  0.4  	IC_2157
-0.3554	 0.344 	 0.0877	 1304.584	  247.491	  378.436	1.243	10	 ---	 91.16794703533	0.0536	 24.11008244641	0.0487	3426212995342479872	  0.4608 	0.0522	  1.053	0.104	 -3.12 	0.084	0	     9348.2 	      7.1656 	15.7616	0.0008	     4490.4  	      18.144   	16.2207	0.0044	      7126.9 	     18.833   	15.1297	0.0029	 1.091 	   --- 	 --- 	5009.84	---   	---   	  1.84	    1.916	  0.7  	IC_2157
-0.2717	 0.2347	 0.2792	  806.996	   71.719	  144.567	1.27 	11	 ---	 91.28089426918	0.101 	 24.16144146743	0.0941	3426224982593405824	  0.5076 	0.1154	  0.998	0.192	 -2.351	0.16 	0	     2329.2 	      2.8863 	17.2703	0.0013	     1030.9  	      14.374   	17.8183	0.0151	      1926.2 	     13.324   	16.5502	0.0075	 1.2682	   --- 	 --- 	   --- 	---   	---   	  --- 	    ---  	  0.1  	IC_2157
-0.3273	 0.2931	 0.2099	 1528.883	  455.317	  290.442	1.216	10	 ---	 91.21083046355	0.0286	 24.15957730022	0.0264	3426236841000870400	  0.4444 	0.0296	  0.874	0.054	 -2.949	0.045	0	    89810.0 	     58.742  	13.3051	0.0007	    53280.0  	     117.02    	13.535 	0.0024	     55957.0 	    192.66    	12.8923	0.0037	 0.6427	   --- 	 --- 	6541.0 	---   	---   	  3.27	   17.589	  0.8  	IC_2157
-0.0649	 0.1611	 0.3   	 2210.92 	  936.33 	  351.448	1.218	 9	 ---	 91.37379676441	0.0424	 24.09493801336	0.0463	3426220966802239872	  0.4151 	0.0591	  0.483	0.082	 -2.429	0.065	0	    22873.0 	     10.346  	14.79  	0.0005	    12655.0  	      13.516   	15.0957	0.0012	     15198.0 	     43.243   	14.3075	0.0031	 0.7882	   --- 	 --- 	5882.33	---   	---   	  --- 	    ---  	  0.3  	IC_2157
-0.6212	 0.2909	-0.1084	 1239.142	  178.088	  249.226	1.238	10	 ---	 91.10895517897	0.081 	 24.1941819349 	0.0715	3426217354731557888	  0.3945 	0.0631	  0.803	0.157	 -2.576	0.132	0	     5450.3 	      4.3985 	16.3473	0.0009	     2610.3  	      14.657   	16.8097	0.0061	      4135.0 	     16.591   	15.7207	0.0044	 1.0889	   --- 	 --- 	5022.88	0.8763	0.4523	  --- 	    ---  	  0.1  	IC_2157
-0.215 	 0.2486	 0.2948	 1994.194	  374.213	  384.222	1.238	11	 ---	 91.29914578098	0.04  	 24.14304272816	0.0375	3426224712013732736	  0.4265 	0.0474	  0.746	0.077	 -2.226	0.064	0	    14383.0 	      7.2122 	15.2938	0.0005	     7515.9  	      20.085   	15.6614	0.0029	     10290.0 	     26.782   	14.7308	0.0028	 0.9306	   --- 	 --- 	5340.33	---   	---   	  2.11	    3.253	  0.3  	IC_2157
-0.357 	 0.2881	 0.1993	 1757.576	  389.33 	  591.888	1.232	10	 ---	 91.22301764063	0.0448	 24.14166251017	0.0418	3426236566122966016	  0.3708 	0.0462	  0.728	0.084	 -2.37 	0.07 	0	    16094.0 	      9.1567 	15.1717	0.0006	     8307.1  	      21.337   	15.5528	0.0028	     11519.0 	     19.461   	14.6084	0.0018	 0.9444	   --- 	 --- 	5317.83	---   	---   	  2.59	    4.83 	  0.4  	IC_2157
-0.4133	 0.1405	 0.1324	  958.175	  206.259	  228.996	1.286	10	 ---	 91.32171951298	0.0859	 24.07196396412	0.0793	3426223406343703680	  0.4893 	0.086 	  0.883	0.18 	 -2.717	0.155	0	     4266.0 	      4.4522 	16.6133	0.0011	     1841.0  	       8.9255  	17.1888	0.0053	      3643.9 	     15.913   	15.858 	0.0047	 1.3308	   --- 	 --- 	4739.9 	1.394 	0.683 	  --- 	    ---  	  0.4  	IC_2157
-0.1831	 0.1846	 0.2491	 2350.05 	  611.685	  569.72 	1.207	11	 ---	 91.27842751611	0.0327	 24.17720066947	0.0317	3426225364848228352	  0.5124 	0.0396	  1.007	0.063	 -2.981	0.052	0	    26965.0 	     11.474  	14.6114	0.0005	    15712.0  	      25.686   	14.8608	0.0018	     16845.0 	     29.567   	14.1958	0.0019	 0.6651	   --- 	 --- 	6447.5 	1.0815	0.5287	  1.6 	    3.974	  0.6  	IC_2157
 0.0686	-0.1527	 0.0102	  612.203	  115.143	  106.469	1.296	10	 ---	 91.36971637153	0.1041	 24.12508504424	0.1056	3426224024818940032	  0.5386 	0.1307	  1.281	0.229	 -3.04 	0.173	0	     2688.3 	      4.3912 	17.1147	0.0018	     1153.0  	      10.014   	17.6968	0.0094	      2331.9 	     21.902   	16.3426	0.0102	 1.3542	   --- 	 --- 	   --- 	---   	---   	  --- 	    ---  	  0.4  	IC_2157
-0.1913	 0.2617	 0.3038	 1965.386	  291.586	  576.444	1.22 	11	 ---	 91.26241816047	0.041 	 24.15779362245	0.0386	3426224952531911040	  0.3694 	0.049 	  0.779	0.08 	 -2.981	0.067	0	   440950.0 	    224.36   	11.5774	0.0006	   272750.0  	     935.41    	11.762 	0.0037	    265070.0 	    459.84    	11.2035	0.0019	 0.5584	   --- 	 --- 	6937.0 	---   	---   	  7.75	  125.298	  0.7  	IC_2157
-0.4194	 0.1742	 0.0198	 1389.469	  177.426	  519.084	1.259	10	 ---	 91.10025142767	0.057 	 24.18637551228	0.051 	3426217324669506816	  0.3674 	0.0524	  0.936	0.112	 -2.0  	0.09 	0	     7478.9 	      5.3826 	16.0038	0.0008	     3298.8  	      18.593   	16.5555	0.0061	      6120.6 	     11.791   	15.2949	0.0021	 1.2606	   --- 	 --- 	4813.94	---   	---   	  --- 	    ---  	  0.1  	IC_2157
-0.5759	 0.2014	 0.194 	  535.826	   36.225	  159.71 	1.319	10	 ---	 91.29561970797	0.1791	 24.11242698868	0.1626	3426224501556934400	  0.503  	0.176 	  0.947	0.375	 -2.973	0.324	0	     1266.5 	      2.3637 	17.9318	0.002 	      458.29 	      12.651   	18.6985	0.03  	      1212.0 	      7.5888  	17.0532	0.0068	 1.6454	   --- 	 --- 	   --- 	---   	---   	  --- 	    ---  	  0.5  	IC_2157
-0.2084	 0.0009	 0.2117	  494.987	   48.273	   72.704	1.34 	10	 ---	 91.25795700543	0.1438	 24.16101689664	0.1371	3426236699264182784	  0.4125 	0.1644	  0.954	0.309	 -3.118	0.269	0	     1348.0 	      2.7233 	17.8641	0.0022	      580.83 	      12.032   	18.4413	0.0225	      1224.9 	     16.848   	17.0417	0.0149	 1.3996	   --- 	 --- 	   --- 	---   	---   	  --- 	    ---  	  0.5  	IC_2157
-0.1804	 0.1853	 0.2436	 1237.397	  205.061	  360.705	1.24 	11	 ---	 91.31461691641	0.0549	 24.10109060435	0.0525	3426223784300811648	  0.3737 	0.0651	  0.937	0.107	 -3.04 	0.087	0	     7490.1 	      6.0531 	16.0021	0.0009	     3815.5  	      18.607   	16.3975	0.0053	      5468.9 	     15.162   	15.4172	0.003 	 0.9803	   --- 	 --- 	5254.5 	1.523 	0.756 	  --- 	    ---  	  0.7  	IC_2157
-0.2822	 0.1223	 0.1277	 1008.304	  102.291	  276.248	1.29 	 9	 ---	 91.23616630547	0.0842	 24.16894116118	0.0767	3426236772281916416	  0.4051 	0.0845	  0.533	0.177	 -2.44 	0.146	0	     4941.9 	      4.9012 	16.4536	0.0011	     2139.5  	      20.916   	17.0256	0.0106	      4236.9 	     15.337   	15.6943	0.0039	 1.3313	   --- 	 --- 	4813.88	---   	---   	  --- 	    ---  	  0.1  	IC_2157
-0.1746	 0.2344	 0.2819	 1553.153	  579.045	  357.928	1.242	11	 ---	 91.22000622618	0.0506	 24.21986011851	0.0461	3426237837433258240	  0.4443 	0.0587	  1.327	0.095	 -3.304	0.08 	0	     9020.7 	      5.808  	15.8003	0.0007	     4296.9  	       7.4207  	16.2685	0.0019	      6907.6 	     19.299   	15.1636	0.003 	 1.1049	   --- 	 --- 	4945.0 	---   	---   	  1.94	    2.017	  0.2  	IC_2157
-0.2261	 0.1633	 0.0938	 3366.67 	  513.932	  458.37 	1.208	11	 ---	 91.08109524561	0.0234	 24.16601385904	0.0213	3426216912352661376	  0.4552 	0.0237	  0.878	0.045	 -2.831	0.037	0	    58024.0 	     17.235  	13.7793	0.0003	    34670.0  	      67.46    	14.0015	0.0021	     35442.0 	     77.321   	13.3881	0.0024	 0.6134	   --- 	 --- 	6335.67	1.237 	0.602 	  2.73	   10.849	  0.7  	IC_2157
-0.388 	 0.2923	 0.2043	  988.582	  164.783	  227.27 	1.257	10	 ---	 91.26624684893	0.0687	 24.10462998584	0.0628	3426224467197178624	  0.4348 	0.072 	  0.765	0.131	 -2.232	0.106	0	     6672.8 	      6.7499 	16.1276	0.0011	     3218.5  	      19.531   	16.5823	0.0066	      5168.7 	     22.743   	15.4785	0.0048	 1.1038	   --- 	 --- 	5005.4 	0.946 	0.4785	  --- 	    ---  	  0.3  	IC_2157
-0.116 	 0.3538	 0.3867	 2123.881	  411.776	  845.974	1.214	11	 ---	 91.28371524312	0.0375	 24.16109908034	0.0382	3426224918172159744	  0.3771 	0.0513	  0.374	0.072	 -2.349	0.059	0	    21539.0 	     10.141  	14.8553	0.0005	    12447.0  	      30.228   	15.1137	0.0026	     13704.0 	     16.199   	14.4198	0.0013	 0.6939	   --- 	 --- 	6150.33	---   	---   	  2.14	    5.888	  0.2  	IC_2157
