pmRApmDEcor	PlxpmRAcor	PlxpmDEcor	RFG	RFBP	RFRP	E(BR/RP)	Nper	[Fe/H]temp	RAdeg	e_RAdeg	DEdeg	e_DEdeg	Source	Plx	e_Plx	pmRA	e_pmRA	pmDE	e_pmDE	Dup	FG	e_FG	Gmag	e_Gmag	FBP	e_FBP	BPmag	e_BPmag	FRP	e_FRP	RPmag	e_RPmag	BP-RP	RV	e_RV	Teff	AG	E(BR-RP)	Rad	Lum	Pmemb	Cluster
---	---	---	---	---	---	---	---	---	deg	mas	deg	mas	---	mas	mas	mas/yr	mas/yr	mas/yr	mas/yr	---	e-/s	e-/s	mag	mag	e-/s	e-/s	mag	mag	e-/s	e-/s	mag	mag	mag	km/s	km/s	K	mag	mag	solRad	solLum	---	---
-------	-------	-------	---------	---------	---------	-----	--	----	---------------	------	---------------	------	-------------------	---------	------	-------	-----	-------	-----	-	------------	-------------	-------	------	-------------	---------------	-------	------	-------------	--------------	-------	------	-------	-------	-----	-------	------	------	------	---------	-------	--------------------
-0.0517	 0.0307	 0.0571	 1164.925	  145.696	  351.997	1.253	15	 ---	131.38854093569	0.0343	-46.43855905318	0.039 	5329794933906625280	  0.6905 	0.0452	 -5.001	0.073	  4.463	0.073	0	     6959.3 	      5.9741 	16.0819	0.0009	     3195.8  	      21.935   	16.5899	0.0075	      5525.2 	     15.697   	15.406 	0.0031	 1.1839	   --- 	 --- 	4890.0 	0.6723	0.332 	  1.13	    0.653	  0.7  	LP_2219
 0.0741	 0.2852	-0.1243	 2525.514	  348.708	  693.938	1.247	16	 ---	130.85128570012	0.023 	-46.72056558522	0.0231	5329803077166455296	  0.5637 	0.028 	 -5.08 	0.048	  4.546	0.044	0	    13803.0 	      5.4656 	15.3384	0.0004	     6751.6  	      19.362   	15.7779	0.0031	     10460.0 	     15.074   	14.713 	0.0016	 1.0648	   --- 	 --- 	5046.6 	1.124 	0.561 	  1.79	    1.876	  0.8  	LP_2219
 0.0144	 0.2373	-0.0866	 3442.636	  492.412	  963.71 	1.227	16	 ---	131.05264754512	0.0173	-46.55313216734	0.0184	5329810979905769600	  0.69   	0.0211	 -4.985	0.037	  4.529	0.033	0	    29832.0 	      8.6654 	14.5017	0.0003	    15623.0  	      31.728   	14.867 	0.0022	     20991.0 	     21.782   	13.9568	0.0011	 0.9101	   --- 	 --- 	5474.0 	---   	---   	  1.77	    2.537	  0.9  	LP_2219
 0.1583	 0.014 	-0.126 	 3259.681	  639.566	  987.177	1.189	16	 ---	130.9160188111 	0.0155	-46.40407346952	0.0158	5329816477463839872	  0.6706 	0.0177	 -5.202	0.034	  4.568	0.031	0	    70584.0 	     21.654  	13.5666	0.0003	    44368.0  	      69.372   	13.7337	0.0017	     39574.0 	     40.088   	13.2684	0.0011	 0.4653	   --- 	 --- 	7759.0 	0.7025	0.3477	  1.39	    6.297	  1.0  	LP_2219
-0.0256	 0.2596	-0.1438	 1303.205	  150.672	  229.107	1.264	14	 ---	130.84263465671	0.051 	-46.32385283833	0.0658	5329829598576009088	  0.5959 	0.0721	 -5.044	0.103	  4.414	0.107	0	     3446.4 	      2.6446 	16.8449	0.0008	     1577.5  	      10.47    	17.3565	0.0072	      2778.6 	     12.128   	16.1523	0.0047	 1.2041	   --- 	 --- 	4919.31	0.5107	0.2645	  0.9 	    0.431	  0.8  	LP_2219
 0.0172	 0.1094	-0.0536	 4980.517	  629.812	 1200.23 	1.194	15	 ---	130.691062488  	0.0232	-46.25810085182	0.0275	5329833519893909888	  0.7262 	0.0301	 -4.988	0.049	  4.583	0.048	0	   145200.0 	     29.154  	12.7834	0.0002	    92813.0  	     147.37    	12.9324	0.0017	     80489.0 	     67.061   	12.4976	0.0009	 0.4348	   --- 	 --- 	7684.81	---   	---   	  1.87	   10.984	  1.0  	LP_2219
 0.0558	 0.1048	-0.1013	 2009.225	  260.984	  474.222	1.256	16	 ---	131.07496924621	0.0267	-46.36187857277	0.0301	5329839562898662400	  0.5856 	0.0348	 -5.098	0.057	  4.512	0.053	0	    10594.0 	      5.2725 	15.6258	0.0005	     5171.5  	      19.815   	16.0674	0.0042	      8138.9 	     17.163   	14.9855	0.0023	 1.0819	   --- 	 --- 	5014.27	1.0753	0.5387	  1.54	    1.343	  0.7  	LP_2219
 0.1211	 0.104 	-0.2138	 1110.115	  371.096	  526.754	1.242	15	 ---	131.03081282213	0.0291	-46.35573869336	0.0333	5329840353172669184	  0.6484 	0.0385	 -4.949	0.059	  4.593	0.056	0	    12888.0 	     11.61   	15.4129	0.001 	     6198.7  	      16.704   	15.8706	0.0029	      9804.5 	     18.613   	14.7834	0.0021	 1.0873	   --- 	 --- 	5049.09	0.9465	0.4713	  1.5 	    1.323	  0.7  	LP_2219
-0.0605	 0.1853	-0.0403	 2355.834	  450.767	  626.705	1.236	16	 ---	131.33417955737	0.0176	-46.33538802191	0.0196	5329843140622581632	  0.6265 	0.0216	 -4.946	0.037	  4.393	0.038	0	    27298.0 	     11.587  	14.598 	0.0005	    13408.0  	      29.745   	15.033 	0.0024	     20338.0 	     32.452   	13.9912	0.0017	 1.0418	   --- 	 --- 	5288.87	---   	---   	  2.02	    2.881	  0.7  	LP_2219
-0.0631	 0.0598	 0.1069	  478.332	   54.951	   77.371	1.329	15	 ---	131.39875743541	0.0853	-46.2129400845 	0.1043	5329846331767775616	  0.6974 	0.1043	 -5.136	0.188	  4.841	0.215	0	     1281.3 	      2.6788 	17.9192	0.0023	      527.83 	       9.6054  	18.5452	0.0198	      1175.5 	     15.194   	17.0863	0.014 	 1.4588	   --- 	 --- 	   --- 	---   	---   	  --- 	    ---  	  0.7  	LP_2219
 0.2048	 0.2288	 0.0416	 2946.27 	  844.273	 1741.147	1.216	14	 ---	131.22335868394	0.0235	-46.18388427416	0.0216	5329848672540194944	  0.5979 	0.0244	 -5.076	0.048	  4.515	0.042	0	    62392.0 	     21.177  	13.7005	0.0004	    33850.0  	      40.093   	14.0275	0.0013	     42036.0 	     24.143   	13.2029	0.0006	 0.8246	   --- 	 --- 	5795.0 	0.5533	0.2553	  2.6 	    6.886	  0.8  	LP_2219
 0.0735	 0.0228	 0.0139	 3569.439	  557.564	  923.33 	1.205	16	 ---	131.19773357296	0.0181	-46.14621429297	0.0201	5329849050497247872	  0.6545 	0.0224	 -5.117	0.041	  4.576	0.037	0	    37420.0 	     10.483  	14.2556	0.0003	    21384.0  	      38.352   	14.5262	0.0019	     23715.0 	     25.684   	13.8244	0.0012	 0.7018	   --- 	 --- 	6261.67	0.7498	0.428 	  1.56	    3.388	  1.0  	LP_2219
 0.1253	 0.0446	-0.041 	  664.525	  101.741	  203.359	1.267	15	 ---	131.42251152994	0.0343	-46.0839932064 	0.0371	5329850321807826688	  0.716  	0.0388	 -5.123	0.073	  4.508	0.072	0	     7617.9 	     11.464  	15.9838	0.0016	     3511.6  	      34.516   	16.4876	0.0107	      6139.7 	     30.192   	15.2915	0.0053	 1.1961	   --- 	 --- 	4876.25	0.782 	0.386 	  1.14	    0.667	  0.9  	LP_2219
 0.0399	 0.1424	-0.1058	 3031.874	  717.845	  649.725	1.226	15	 ---	131.33887344476	0.0228	-46.08438874928	0.0262	5329850905923263488	  0.6645 	0.0261	 -5.005	0.048	  4.513	0.05 	0	    23410.0 	      7.7214 	14.7648	0.0004	    12218.0  	      17.02    	15.1339	0.0015	     16479.0 	     25.363   	14.2196	0.0017	 0.9143	   --- 	 --- 	5380.12	---   	---   	  1.7 	    2.17 	  1.0  	LP_2219
-0.0206	 0.2677	-0.1418	  464.261	  129.776	  130.27 	1.277	14	 ---	130.88048201385	0.033 	-46.30088834127	0.0388	5329853001866877440	  0.6795 	0.0444	 -5.007	0.068	  4.542	0.071	0	     7331.1 	     15.791  	16.0254	0.0023	     3385.9  	      26.091   	16.5272	0.0084	      5975.3 	     45.868   	15.321 	0.0083	 1.2062	   --- 	 --- 	4869.71	---   	---   	  1.19	    0.714	  0.9  	LP_2219
 0.0197	 0.177 	-0.1027	 2815.705	  431.594	  525.398	1.24 	16	 ---	130.89935157222	0.0227	-46.26487654546	0.0247	5329853345464256512	  0.705  	0.028 	 -4.965	0.047	  4.519	0.046	0	    16906.0 	      6.0041 	15.1183	0.0004	     8571.2  	      19.859   	15.5188	0.0025	     12396.0 	     23.594   	14.5287	0.0021	 0.9901	   --- 	 --- 	5294.05	0.6923	0.339 	  1.41	    1.408	  0.9  	LP_2219
-0.0007	 0.1471	-0.2502	 6962.216	  684.634	  852.361	1.2  	15	 ---	130.82856093227	0.0272	-46.12757248414	0.0264	5329858220237947904	  0.6915 	0.0332	 -5.122	0.062	  4.636	0.057	0	   263020.0 	     37.778  	12.1384	0.0002	   169610.0  	     247.75    	12.2777	0.0016	    146130.0 	    171.44    	11.8501	0.0013	 0.4277	   --- 	 --- 	7945.0 	1.1447	0.5547	  2.5 	   22.437	  0.9  	LP_2219
-0.0532	 0.0171	 0.0111	 1734.325	  442.418	 1071.053	1.185	15	 ---	130.91627674963	0.0253	-46.06858505685	0.0249	5329859942533914880	  0.6107 	0.0301	 -4.943	0.057	  4.566	0.051	0	   705510.0 	    406.79   	11.0671	0.0006	   483960.0  	    1093.9     	11.1394	0.0025	    352020.0 	    328.67    	10.8955	0.001 	 0.2439	   --- 	 --- 	9021.75	---   	---   	  --- 	    ---  	  0.9  	LP_2219
 0.0316	-0.017 	-0.0427	 3060.022	  455.669	  344.528	1.233	15	 ---	130.93412709899	0.0215	-46.03222120805	0.0219	5329860423570248960	  0.6589 	0.0262	 -5.035	0.048	  4.576	0.048	0	    21872.0 	      7.1478 	14.8386	0.0004	    11070.0  	      24.293   	15.2411	0.0024	     15898.0 	     46.145   	14.2585	0.0032	 0.9825	   --- 	 --- 	5144.0 	1.37  	0.6855	  1.84	    2.136	  0.9  	LP_2219
 0.1175	 0.0846	 0.0413	 1119.877	  123.663	  225.841	1.273	15	 ---	131.18965466656	0.059 	-46.13049384482	0.0647	5329860801527743232	  0.6634 	0.0731	 -4.887	0.136	  4.42 	0.116	0	     3001.8 	      2.6804 	16.9949	0.001 	     1325.1  	      10.715   	17.5458	0.0088	      2495.2 	     11.048   	16.2692	0.0048	 1.2766	   --- 	 --- 	4776.95	0.525 	0.2662	  0.82	    0.315	  0.9  	LP_2219
-0.0412	-0.0309	 0.1389	  772.919	  105.726	  117.221	1.381	15	 ---	131.1453076059 	0.0494	-46.13111599656	0.0576	5329860938959576960	  0.5735 	0.0657	 -5.132	0.112	  4.257	0.112	0	     3601.4 	      4.6594 	16.7972	0.0014	     1769.5  	      16.737   	17.2318	0.0103	      3204.3 	     27.336   	15.9976	0.0093	 1.2342	   --- 	 --- 	4848.5 	0.831 	0.421 	  1.0 	    0.495	  0.7  	LP_2219
 0.0022	 0.0894	 0.0019	 2842.2  	  590.538	 1232.503	1.187	15	 ---	131.22653765018	0.0246	-46.06008711885	0.0282	5329861626161454080	  0.6668 	0.0298	 -5.038	0.049	  4.616	0.054	0	   130830.0 	     46.031  	12.8966	0.0004	    86159.0  	     145.9     	13.0131	0.0018	     69127.0 	     56.087   	12.6628	0.0009	 0.3503	   --- 	 --- 	7950.0 	0.6385	0.313 	  1.83	   12.008	  0.9  	LP_2219
 0.0007	 0.1121	 0.04  	 2152.461	  241.517	 1033.871	1.18 	16	 ---	131.19783020596	0.031 	-46.06064212262	0.0343	5329861660521149440	  0.5746 	0.0361	 -5.02 	0.063	  4.343	0.063	0	   711540.0 	    330.57   	11.0579	0.0005	   498600.0  	    2064.4     	11.107 	0.0045	    341110.0 	    329.93    	10.9297	0.001 	 0.1773	   --- 	 --- 	9241.5 	0.7   	0.3237	  --- 	    ---  	  0.9  	LP_2219
 0.0577	 0.0795	-0.0056	  767.191	  214.814	  238.057	1.244	16	 ---	131.16586078044	0.0344	-46.02656769456	0.0371	5329862691313234560	  0.6987 	0.0416	 -5.043	0.074	  4.387	0.071	0	     7440.6 	      9.6984 	16.0094	0.0014	     3489.3  	      16.243   	16.4945	0.0051	      5767.1 	     24.226   	15.3595	0.0046	 1.135 	   --- 	 --- 	4981.49	0.739 	0.365 	  1.1 	    0.667	  0.8  	LP_2219
 0.0915	 0.1439	 0.0076	 1506.497	  182.321	  328.701	1.286	16	 ---	131.17414140818	0.0379	-46.00158760083	0.0431	5329862725672962432	  0.6543 	0.0478	 -5.071	0.081	  4.677	0.082	0	     5501.1 	      3.6516 	16.3372	0.0007	     2275.4  	      12.48    	16.9587	0.006 	      4801.7 	     14.608   	15.5584	0.0033	 1.4003	   --- 	 --- 	4572.92	1.3985	0.6883	  1.27	    0.634	  0.7  	LP_2219
 0.0788	 0.2736	 0.0211	 1739.094	  422.507	  571.369	1.219	12	 ---	131.32618539653	0.0207	-46.01159854419	0.0267	5329863412867948160	  0.5997 	0.0271	 -5.163	0.041	  4.617	0.046	0	    28145.0 	     16.184  	14.5649	0.0006	    15186.0  	      35.942   	14.8978	0.0026	     19127.0 	     33.475   	14.0578	0.0019	 0.84  	   --- 	 --- 	5740.55	1.4858	0.746 	  1.78	    3.098	  1.0  	LP_2219
 0.124 	 0.1945	-0.1343	 4258.771	  860.133	 1480.452	1.299	16	 0.0	131.21879217592	0.0222	-46.0035563267 	0.0257	5329863958314238208	  0.5734 	0.0279	 -5.201	0.046	  4.669	0.051	0	   349770.0 	     82.129  	11.8289	0.0003	   119270.0  	     138.66    	12.6601	0.0013	    335170.0 	    226.4     	10.9488	0.0007	 1.7113	  17.45	 0.38	4143.77	1.029 	0.4925	 15.55	   64.189	  1.0  	LP_2219
 0.0571	 0.1915	 0.0579	  664.516	   75.134	  139.77 	1.327	15	 ---	131.29298940267	0.0483	-45.94062685823	0.0585	5329864615451768320	  0.6545 	0.0611	 -5.025	0.106	  4.656	0.115	0	     3942.9 	      5.9335 	16.6988	0.0016	     1615.3  	      21.5     	17.3307	0.0145	      3617.5 	     25.882   	15.8659	0.0078	 1.4648	   --- 	 --- 	4450.0 	1.4223	0.7037	  1.16	    0.476	  0.8  	LP_2219
 0.1361	 0.1893	-0.0924	 2341.594	  246.512	  628.545	1.243	16	 ---	131.13556326258	0.0238	-45.96318919105	0.0269	5329866024208440704	  0.6468 	0.0295	 -5.134	0.051	  4.528	0.05 	0	    13690.0 	      5.8465 	15.3473	0.0005	     6696.3  	      27.164   	15.7868	0.0044	     10314.0 	     16.41    	14.7283	0.0017	 1.0585	   --- 	 --- 	5149.17	0.846 	0.4177	  1.48	    1.386	  1.0  	LP_2219
 0.0615	 0.1438	-0.02  	  759.677	   84.332	  194.052	1.298	16	 ---	131.18064453553	0.0546	-45.90971795876	0.0576	5329867669161688960	  0.6341 	0.0657	 -5.17 	0.121	  4.513	0.11 	0	     3367.5 	      4.4328 	16.8701	0.0014	     1308.5  	      15.517   	17.5594	0.0129	      3063.1 	     15.785   	16.0465	0.0056	 1.5129	   --- 	 --- 	4291.0 	---   	---   	  1.24	    0.467	  0.7  	LP_2219
 0.032 	 0.1356	-0.0834	  772.373	  155.728	  240.943	1.282	16	 ---	131.12060611378	0.0387	-45.92066015261	0.0467	5329868326310192384	  0.6272 	0.0514	 -4.825	0.082	  4.792	0.084	0	     5289.2 	      6.848  	16.3799	0.0014	     2227.5  	      14.304   	16.9818	0.007 	      4553.2 	     18.897   	15.6161	0.0045	 1.3657	   --- 	 --- 	4840.0 	---   	---   	  1.11	    0.609	  0.7  	LP_2219
-0.0669	 0.2333	-0.0333	 1247.665	  131.662	  280.081	1.272	15	 ---	131.14602889845	0.0466	-45.86071097371	0.0575	5329868768673374080	  0.5644 	0.0596	 -5.112	0.096	  4.588	0.101	0	     4014.2 	      3.2174 	16.6794	0.0009	     1760.3  	      13.37    	17.2374	0.0082	      3345.8 	     11.946   	15.9507	0.0039	 1.2867	   --- 	 --- 	4774.12	---   	---   	  1.11	    0.582	  0.8  	LP_2219
 0.0064	 0.2534	 0.0279	 1440.251	  165.337	  362.92 	1.308	15	 ---	131.1539973135 	0.0425	-45.81783748133	0.0468	5329869249709739008	  0.6911 	0.0534	 -5.106	0.09 	  4.601	0.089	0	     4948.4 	      3.4358 	16.4522	0.0008	     1851.6  	      11.199   	17.1825	0.0066	      4621.7 	     12.735   	15.5999	0.003 	 1.5826	   --- 	 --- 	4412.67	---   	---   	  1.26	    0.545	  1.0  	LP_2219
 0.1562	 0.1314	-0.0794	 3560.711	  587.412	  486.271	1.224	14	 ---	131.50966468591	0.0153	-46.00975675929	0.0188	5329944776721641728	  0.6325 	0.0185	 -5.066	0.032	  4.38 	0.037	0	    57552.0 	     16.163  	13.7882	0.0003	    32713.0  	      55.69    	14.0646	0.0018	     37741.0 	     77.613   	13.3199	0.0022	 0.7447	   --- 	 --- 	6102.0 	---   	---   	  2.12	    5.6  	  0.9  	LP_2219
 0.1101	 0.2871	 0.0434	 3028.526	  720.305	 1019.333	1.215	13	 ---	131.42705909788	0.0173	-45.95650970103	0.0188	5329945738794291072	  0.6034 	0.0211	 -5.161	0.035	  4.302	0.035	0	    44969.0 	     14.848  	14.0561	0.0004	    25730.0  	      35.72    	14.3253	0.0015	     28887.0 	     28.339   	13.6102	0.0011	 0.7152	   --- 	 --- 	6142.0 	---   	---   	  1.94	    4.803	  0.8  	LP_2219
 0.034 	 0.3067	 0.0205	 4428.093	  713.369	 1366.783	1.192	14	 ---	131.47239737138	0.0236	-45.9091525246 	0.029 	5329946284245404032	  0.71   	0.0297	 -5.039	0.05 	  4.565	0.051	0	   142420.0 	     32.162  	12.8045	0.0002	    88219.0  	     123.67    	12.9875	0.0015	     81534.0 	     59.654   	12.4836	0.0008	 0.5039	   --- 	 --- 	7155.0 	1.1865	0.585 	  2.16	   11.006	  0.9  	LP_2219
 0.1001	 0.2507	-0.0361	 2591.787	  590.292	  747.567	1.25 	16	 ---	131.49862651232	0.0234	-45.89232671485	0.0248	5329947800378719616	  0.624  	0.028 	 -4.91 	0.05 	  4.452	0.047	0	    14964.0 	      5.7736 	15.2507	0.0004	     6767.4  	      11.464   	15.7753	0.0018	     11944.0 	     15.978   	14.569 	0.0015	 1.2063	   --- 	 --- 	4914.0 	2.0317	1.013 	  1.8 	    1.709	  0.7  	LP_2219
 0.0727	 0.1238	-0.0371	 2076.287	  103.187	  465.867	1.269	16	 ---	131.60847396366	0.0279	-45.76475518896	0.0291	5329954569246766592	  0.6445 	0.0319	 -4.972	0.059	  4.378	0.058	0	    10764.0 	      5.1841 	15.6085	0.0005	     4669.8  	      45.256   	16.1781	0.0105	      8985.0 	     19.287   	14.8781	0.0023	 1.3   	   --- 	 --- 	4851.92	1.7747	0.9002	  1.53	    1.17 	  0.9  	LP_2219
 0.1147	 0.247 	-0.031 	 1118.174	  165.491	  329.651	1.261	14	 ---	131.3352486001 	0.0295	-45.90415680242	0.0345	5329958516312465024	  0.6865 	0.0369	 -5.059	0.062	  4.526	0.066	0	     9338.4 	      8.3515 	15.7627	0.001 	     4357.7  	      26.332   	16.2532	0.0066	      7413.4 	     22.489   	15.0869	0.0033	 1.1664	   --- 	 --- 	4961.0 	0.903 	0.4677	  1.26	    0.872	  0.8  	LP_2219
 0.0182	 0.1344	-0.1038	 2001.786	  290.272	  739.847	1.249	14	 ---	131.35444795772	0.0266	-45.83738702678	0.0281	5329959345250536704	  0.7606 	0.0315	 -5.193	0.056	  4.4  	0.06 	0	    13267.0 	      6.6277 	15.3814	0.0005	     6250.3  	      21.533   	15.8616	0.0037	     10326.0 	     13.958   	14.727 	0.0015	 1.1346	   --- 	 --- 	4911.05	0.821 	0.3877	  1.4 	    1.021	  0.9  	LP_2219
 0.0482	 0.1809	-0.0672	 1482.829	  143.142	  303.052	1.274	16	 ---	131.51275607396	0.0468	-45.79765726118	0.0489	5329960238603773312	  0.7052 	0.0564	 -5.238	0.102	  4.595	0.098	0	     4733.7 	      3.1923 	16.5004	0.0007	     1927.7  	      13.467   	17.1388	0.0076	      4104.0 	     13.542   	15.7289	0.0036	 1.4099	   --- 	 --- 	4488.62	1.286 	0.6355	  1.15	    0.485	  0.7  	LP_2219
-0.0633	 0.2374	 0.0214	 2051.519	  190.109	  430.808	1.258	14	 ---	131.24465225028	0.027 	-45.80795055998	0.0353	5329962918663286016	  0.6423 	0.0331	 -4.931	0.056	  4.427	0.064	0	    10690.0 	      5.2108 	15.6159	0.0005	     4820.5  	      25.356   	16.1437	0.0057	      8623.9 	     20.018   	14.9227	0.0025	 1.221 	   --- 	 --- 	4870.32	1.377 	0.7005	  1.52	    1.165	  0.7  	LP_2219
 0.0042	 0.5837	-0.1352	 2725.282	  652.368	  812.235	1.276	 9	 0.0	131.30865326791	0.0381	-45.75395105338	0.0374	5329963571498324096	  0.6072 	0.0563	 -5.118	0.08 	  4.858	0.072	1	  1898800.0 	    696.72   	 9.9922	0.0004	   674810.0  	    1034.4     	10.7784	0.0017	   1747700.0 	   2151.7     	 9.1558	0.0013	 1.6227	  23.46	 0.29	4193.16	0.3993	0.1995	 32.93	  302.062	  0.8  	LP_2219
-0.0153	 0.1318	-0.0122	  778.125	   96.962	  205.664	1.281	15	 ---	131.2693354615 	0.0479	-45.72730431058	0.0578	5329963812016476416	  0.6891 	0.0605	 -4.989	0.106	  4.498	0.115	0	     3441.3 	      4.4226 	16.8466	0.0014	     1394.7  	      14.384   	17.4902	0.0112	      3015.1 	     14.66    	16.0637	0.0053	 1.4265	   --- 	 --- 	4447.6 	1.0967	0.538 	  1.03	    0.375	  0.9  	LP_2219
 0.0576	 0.399 	 0.1122	 3440.81 	  606.874	  732.611	1.234	14	 ---	131.42952567366	0.0246	-45.68992020049	0.0234	5329964636650005504	  0.6233 	0.0287	 -5.012	0.049	  4.538	0.043	0	    18962.0 	      5.511  	14.9936	0.0003	     9334.5  	      15.381   	15.4262	0.0018	     14064.0 	     19.198   	14.3916	0.0015	 1.0345	   --- 	 --- 	5186.79	1.5353	0.7743	  1.78	    2.054	  0.9  	LP_2219
 0.0271	 0.1422	-0.0394	 3816.353	  923.322	  621.245	1.212	16	 ---	131.41684172094	0.0126	-45.63210464807	0.0145	5329965804881084800	  0.6359 	0.0147	 -5.155	0.026	  4.501	0.027	0	    72344.0 	     18.956  	13.5399	0.0003	    40229.0  	      43.57    	13.84  	0.0012	     47424.0 	     76.337   	13.0719	0.0017	 0.7681	   --- 	 --- 	5560.0 	1.023 	0.504 	  2.89	    7.183	  1.0  	LP_2219
-0.1882	 0.1601	-0.0274	 1403.721	  175.777	  447.302	1.27 	16	 ---	131.58603463259	0.0324	-45.62627137251	0.0395	5329968244422593536	  0.5978 	0.0399	 -5.024	0.067	  4.613	0.078	0	     6511.3 	      4.6386 	16.1542	0.0008	     2884.7  	      16.411   	16.7011	0.0062	      5382.0 	     12.032   	15.4346	0.0024	 1.2666	   --- 	 --- 	4843.0 	---   	---   	  1.29	    0.825	  0.8  	LP_2219
-0.0224	 0.2091	-0.1053	 5291.641	  584.485	 1484.587	1.195	16	 ---	131.57258652099	0.0209	-45.58681487768	0.0238	5329971298129211904	  0.6051 	0.0246	 -5.038	0.043	  4.628	0.045	0	   233620.0 	     44.15   	12.2671	0.0002	   150520.0  	     257.52    	12.4074	0.0019	    128640.0 	     86.651   	11.9885	0.0007	 0.419 	   --- 	 --- 	8139.0 	---   	---   	  --- 	    ---  	  1.0  	LP_2219
 0.1375	 0.2895	-0.0695	 3473.491	  925.557	  795.31 	1.237	15	 ---	131.59417829646	0.0203	-45.54525697593	0.0244	5329972981757215104	  0.6549 	0.0269	 -5.022	0.044	  4.462	0.042	0	    23106.0 	      6.6521 	14.7791	0.0003	    11332.0  	      12.244   	15.2156	0.0012	     17255.0 	     21.696   	14.1696	0.0014	 1.0459	   --- 	 --- 	5090.5 	---   	---   	  1.95	    2.307	  1.0  	LP_2219
 0.1004	 0.0984	-0.0659	 3003.835	  679.1  	  897.71 	1.21 	16	 ---	131.8142849317 	0.0178	-45.19732121857	0.0193	5330007208366739840	  0.6672 	0.0222	 -4.953	0.038	  4.657	0.035	0	    40027.0 	     13.325  	14.1825	0.0004	    21933.0  	      32.298   	14.4986	0.0016	     26496.0 	     29.515   	13.704 	0.0012	 0.7946	   --- 	 --- 	5863.0 	1.3455	0.652 	  1.82	    3.534	  0.7  	LP_2219
 0.0489	 0.0799	 0.0078	 1364.586	  403.924	  487.563	1.252	15	 ---	129.9808271332 	0.025 	-46.50207958908	0.0324	5521615904286798592	  0.7011 	0.0325	 -5.03 	0.054	  4.811	0.07 	1	    12847.0 	      9.4146 	15.4164	0.0008	     5950.5  	      14.732   	15.915 	0.0027	     10130.0 	     20.778   	14.7478	0.0022	 1.1672	   --- 	 --- 	4896.9 	1.139 	0.554 	  1.5 	    1.167	  0.9  	LP_2219
-0.0285	 0.165 	 0.0865	 2883.368	  432.657	  512.984	1.228	14	 ---	129.95719838042	0.0188	-46.41029885904	0.0228	5521617484834626688	  0.6442 	0.023 	 -5.0  	0.038	  4.732	0.047	0	    29860.0 	     10.356  	14.5006	0.0004	    15578.0  	      36.006   	14.8701	0.0025	     21088.0 	     41.109   	13.9518	0.0021	 0.9183	   --- 	 --- 	5339.0 	---   	---   	  2.01	    2.961	  0.8  	LP_2219
 0.1112	 0.0484	-0.1212	 3313.72 	  587.04 	  740.355	1.216	15	 ---	129.8093173883 	0.0173	-46.19487855413	0.0217	5521670398833669504	  0.6958 	0.0204	 -4.996	0.038	  4.447	0.042	0	    34564.0 	     10.431  	14.3418	0.0003	    18558.0  	      31.613   	14.68  	0.0019	     23478.0 	     31.712   	13.8353	0.0015	 0.8448	   --- 	 --- 	5777.33	1.3255	0.686 	  1.68	    2.819	  0.8  	LP_2219
 0.023 	 0.0614	 0.0156	 2429.927	  585.85 	  698.6  	1.199	15	 ---	129.74708759676	0.0174	-45.88546781232	0.0226	5521690190042831488	  0.6394 	0.0204	 -5.167	0.038	  4.664	0.041	0	    49886.0 	     20.53   	13.9434	0.0004	    29687.0  	      50.673   	14.17  	0.0019	     30120.0 	     43.115   	13.5648	0.0016	 0.6052	   --- 	 --- 	6911.0 	---   	---   	  1.52	    4.729	  1.0  	LP_2219
 0.0319	 0.2439	-0.0739	 1640.055	  342.729	  402.461	1.24 	16	 ---	129.69293581161	0.0307	-45.9044567851 	0.0336	5521693076260830720	  0.6282 	0.0368	 -5.263	0.063	  4.459	0.061	0	     8809.0 	      5.3712 	15.8261	0.0007	     4332.6  	      12.641   	16.2595	0.0032	      6593.1 	     16.382   	15.2142	0.0027	 1.0453	   --- 	 --- 	5079.31	---   	---   	  1.26	    0.958	  0.9  	LP_2219
 0.0567	 0.0197	-0.0941	 2243.78 	  454.415	  723.248	1.22 	15	 ---	129.47027161377	0.0207	-45.81820261845	0.0226	5521881401979537280	  0.5774 	0.0237	 -5.05 	0.042	  4.636	0.044	0	    22167.0 	      9.8792 	14.8241	0.0005	    11940.0  	      26.275   	15.1589	0.0024	     15112.0 	     20.895   	14.3136	0.0015	 0.8453	   --- 	 --- 	5747.75	0.9143	0.4835	  1.64	    2.63 	  0.7  	LP_2219
 0.092 	 0.0006	-0.2119	  587.399	  126.694	  206.588	1.269	15	 ---	129.46088916217	0.041 	-45.69793347189	0.0491	5521887174415519104	  0.6348 	0.0526	 -5.02 	0.093	  4.734	0.102	0	     4797.5 	      8.1673 	16.4858	0.0018	     2090.4  	      16.499   	17.0508	0.0086	      3997.2 	     19.349   	15.7575	0.0053	 1.2933	   --- 	 --- 	4976.0 	0.855 	0.4373	  0.97	    0.522	  1.0  	LP_2219
 0.0479	 0.2365	-0.0951	 3351.982	  469.552	  842.088	1.238	16	 ---	130.31467035223	0.0209	-46.33341923408	0.0216	5521981560617874816	  0.6769 	0.0246	 -5.08 	0.042	  4.562	0.041	0	    23790.0 	      7.0972 	14.7474	0.0003	    11525.0  	      24.545   	15.1973	0.0023	     17923.0 	     21.284   	14.1284	0.0013	 1.0689	   --- 	 --- 	5545.81	---   	---   	  1.56	    2.087	  0.9  	LP_2219
 0.1296	 0.1936	-0.2272	 3047.433	  351.209	  716.52 	1.252	15	 ---	130.70672402422	0.0225	-46.18683434625	0.0248	5521987951529389184	  0.6965 	0.029 	 -4.99 	0.047	  4.76 	0.045	0	    19169.0 	      6.2902 	14.9819	0.0004	     8835.1  	      25.156   	15.4859	0.0031	     15167.0 	     21.167   	14.3097	0.0015	 1.1762	   --- 	 --- 	4894.0 	---   	---   	  1.85	    1.766	  0.9  	LP_2219
 0.034 	 0.1799	-0.194 	 4250.013	 1074.903	 1073.377	1.199	15	 ---	130.56564337277	0.0156	-46.0370893767 	0.0172	5521993414727657600	  0.5841 	0.0204	 -5.021	0.034	  4.603	0.029	0	    62064.0 	     14.603  	13.7063	0.0003	    37291.0  	      34.693   	13.9224	0.001 	     37125.0 	     34.587   	13.3378	0.001 	 0.5846	   --- 	 --- 	7071.0 	1.0425	0.5468	  1.77	    7.071	  0.9  	LP_2219
-0.0188	 0.125 	 0.0192	  869.487	  131.513	  306.464	1.279	16	 ---	130.2197585721 	0.0388	-46.18461999074	0.0462	5521997263018139264	  0.5535 	0.0481	 -5.077	0.082	  4.585	0.091	0	     4987.3 	      5.7359 	16.4437	0.0012	     2029.9  	      15.435   	17.0827	0.0083	      4348.2 	     14.188   	15.6661	0.0035	 1.4166	   --- 	 --- 	4443.0 	---   	---   	  1.55	    0.845	  0.8  	LP_2219
-0.0111	 0.1771	-0.1817	  326.009	   37.752	   87.772	1.397	16	 ---	130.41103773429	0.0878	-46.05656694383	0.0941	5522004169325658112	  0.5746 	0.1089	 -5.173	0.19 	  4.468	0.178	0	     1659.1 	      5.0893 	17.6387	0.0033	      474.91 	      12.58    	18.6599	0.0288	      1842.2 	     20.988   	16.5986	0.0124	 2.0613	   --- 	 --- 	   --- 	---   	---   	  --- 	    ---  	  0.7  	LP_2219
 0.0196	 0.065 	-0.1141	  555.494	  120.031	  196.683	1.306	16	 ---	130.50281023334	0.0506	-46.0600195174 	0.056 	5522004714775230848	  0.7457 	0.0669	 -5.104	0.114	  4.7  	0.101	0	     3844.0 	      6.9199 	16.7264	0.002 	     1563.7  	      13.027   	17.366 	0.009 	      3457.2 	     17.578   	15.9151	0.0055	 1.4509	   --- 	 --- 	4376.3 	0.882 	0.4728	  1.06	    0.37 	  0.8  	LP_2219
 0.0374	 0.1916	-0.2029	 5064.855	  725.773	 1014.179	1.196	15	 ---	130.54621710549	0.0243	-46.02207290125	0.0268	5522005234477633536	  0.6759 	0.0315	 -4.996	0.053	  4.719	0.045	0	   176390.0 	     34.826  	12.5722	0.0002	   115440.0  	     159.06    	12.6955	0.0015	     95576.0 	     94.24    	12.311 	0.0011	 0.3845	   --- 	 --- 	7892.0 	0.9352	0.465 	  2.12	   15.666	  0.9  	LP_2219
 0.1046	-0.0291	-0.1495	  635.51 	   91.771	  239.469	1.283	16	 ---	130.41511392822	0.0408	-45.8942125095 	0.043 	5522009598164223872	  0.7051 	0.0508	 -5.118	0.093	  4.642	0.084	0	     5149.3 	      8.1026 	16.409 	0.0017	     2189.9  	      23.863   	17.0003	0.0118	      4416.0 	     18.441   	15.6494	0.0045	 1.351 	   --- 	 --- 	4670.9 	1.0057	0.4825	  1.07	    0.493	  0.9  	LP_2219
 0.1096	 0.1681	-0.1544	 3841.632	  829.138	  979.238	1.204	14	 ---	130.40495605546	0.0157	-45.84691206967	0.0168	5522010800755025536	  0.6115 	0.0201	 -5.237	0.032	  4.654	0.032	0	   104590.0 	     27.226  	13.1396	0.0003	    63349.0  	      76.403   	13.347 	0.0013	     62613.0 	     63.94    	12.7703	0.0011	 0.5768	   --- 	 --- 	6909.69	1.0998	0.557 	  2.3 	   10.842	  0.9  	LP_2219
 0.0301	 0.1765	-0.2039	 2830.665	  706.232	  513.472	1.279	16	 ---	130.78176592315	0.0222	-46.11153964183	0.0225	5522011689805001344	  0.6594 	0.0272	 -5.192	0.048	  4.839	0.047	0	    23200.0 	      8.1958 	14.7747	0.0004	     9979.3  	      14.13    	15.3536	0.0015	     19694.0 	     38.355   	14.0261	0.0021	 1.3276	   --- 	 --- 	4752.49	---   	---   	  2.32	    2.478	  0.7  	LP_2219
-0.0622	 0.2924	-0.0605	 1187.868	  126.804	  413.672	1.325	15	 ---	130.77193831517	0.0488	-46.09261409637	0.0468	5522011797188616320	  0.5645 	0.0599	 -4.975	0.1  	  4.636	0.09 	0	     4433.0 	      3.7319 	16.5716	0.0009	     1626.5  	      12.827   	17.3232	0.0086	      4245.4 	     10.263   	15.6921	0.0026	 1.6311	   --- 	 --- 	4290.33	---   	---   	  1.59	    0.775	  0.7  	LP_2219
-0.0908	 0.2008	-0.116 	 1090.945	   71.972	  231.834	1.311	15	 ---	130.76381560927	0.0424	-46.04813252645	0.0414	5522013205937866496	  0.7129 	0.0498	 -5.135	0.091	  4.505	0.085	0	     5794.6 	      5.3116 	16.2808	0.001 	     2275.2  	      31.612   	16.9588	0.0151	      5320.5 	     22.95    	15.447 	0.0047	 1.5118	   --- 	 --- 	4432.0 	---   	---   	  1.31	    0.595	  1.0  	LP_2219
-0.0842	 0.0601	-0.0414	  819.847	   91.401	  204.767	1.355	15	 ---	130.79238430621	0.0521	-46.01516307919	0.0588	5522013343376825472	  0.6198 	0.0667	 -5.169	0.113	  4.562	0.125	0	     3207.6 	      3.9124 	16.9229	0.0013	     1061.8  	      11.617   	17.7863	0.0119	      3284.2 	     16.038   	15.9709	0.0053	 1.8155	   --- 	 --- 	3961.41	2.0667	1.0115	  1.59	    0.564	  0.9  	LP_2219
-0.1206	 0.0214	 0.1356	 2989.983	  453.758	  633.062	1.249	15	 ---	130.85961001697	0.0226	-46.01992811966	0.0241	5522013858772949888	  0.6631 	0.0283	 -4.973	0.049	  4.588	0.051	0	    17287.0 	      5.7815 	15.0941	0.0004	     8082.6  	      17.813   	15.5825	0.0024	     13506.0 	     21.335   	14.4356	0.0017	 1.1469	   --- 	 --- 	4925.5 	1.5168	0.7427	  1.81	    1.744	  1.0  	LP_2219
-0.1096	-0.0044	 0.059 	 4096.174	  979.782	 1303.399	1.211	15	 ---	130.88971462251	0.0135	-45.97566048865	0.0148	5522014374169027584	  0.6145 	0.0171	 -5.037	0.029	  4.636	0.029	0	   102180.0 	     24.946  	13.1649	0.0003	    58125.0  	      59.325   	13.4405	0.0011	     65651.0 	     50.369   	12.7188	0.0008	 0.7217	   --- 	 --- 	6277.0 	---   	---   	  2.74	   10.491	  1.0  	LP_2219
 0.0384	 0.1915	-0.0931	 3584.429	  536.005	  534.346	1.227	16	 ---	130.94413775594	0.0176	-45.95289188091	0.0183	5522014477248275456	  0.6619 	0.022 	 -5.051	0.036	  4.705	0.036	1	    27354.0 	      7.6315 	14.5958	0.0003	    14246.0  	      26.579   	14.9671	0.002 	     19310.0 	     36.138   	14.0475	0.002 	 0.9197	   --- 	 --- 	5361.84	---   	---   	  1.85	    2.561	  1.0  	LP_2219
-0.0761	 0.025 	 0.0581	 2840.358	  289.051	  363.223	1.237	15	 ---	130.8756966229 	0.0209	-45.97974379674	0.0213	5522014747820995328	  0.6236 	0.0256	 -4.971	0.045	  4.541	0.043	0	    21232.0 	      7.4751 	14.8709	0.0004	    10375.0  	      35.893   	15.3114	0.0038	     15896.0 	     43.764   	14.2587	0.003 	 1.0527	   --- 	 --- 	5099.48	---   	---   	  1.96	    2.334	  0.8  	LP_2219
-0.0242	 0.2222	-0.1319	 4774.213	  713.152	 1225.144	1.208	16	 ---	130.92235295907	0.0142	-45.9398994334 	0.0149	5522015301881972352	  0.6522 	0.0183	 -5.003	0.03 	  4.4  	0.028	0	    68653.0 	     14.38   	13.5967	0.0002	    39492.0  	      55.377   	13.8601	0.0015	     43464.0 	     35.477   	13.1666	0.0009	 0.6935	   --- 	 --- 	6419.38	---   	---   	  2.02	    6.248	  0.9  	LP_2219
 0.0889	 0.088 	-0.1248	 4856.518	  950.566	  840.727	1.213	16	 ---	130.88743431098	0.015 	-45.92573521777	0.0164	5522015542400106496	  0.6511 	0.0192	 -5.057	0.032	  4.588	0.032	0	    46737.0 	      9.6235 	14.0142	0.0002	    25920.0  	      27.268   	14.3173	0.0011	     30790.0 	     36.623   	13.5409	0.0013	 0.7764	   --- 	 --- 	6362.67	---   	---   	  1.7 	    4.27 	  1.0  	LP_2219
 0.1738	-0.0046	-0.1726	 4031.692	  793.746	  556.748	1.207	15	 ---	130.90209319142	0.015 	-45.90731106432	0.0177	5522015576759847424	  0.6733 	0.0203	 -5.113	0.033	  4.532	0.033	0	    52994.0 	     13.144  	13.8778	0.0003	    30360.0  	      38.249   	14.1456	0.0014	     33582.0 	     60.318   	13.4467	0.0019	 0.699 	   --- 	 --- 	6306.5 	---   	---   	  1.78	    4.531	  1.0  	LP_2219
 0.0845	 0.1341	-0.1103	  437.656	   77.716	  123.581	1.329	16	 ---	130.89953175255	0.0536	-45.9164666367 	0.0556	5522015576759849344	  0.563  	0.067 	 -5.061	0.115	  4.614	0.11 	0	     2825.0 	      6.4549 	17.0608	0.0025	      976.75 	      12.568   	17.8769	0.014 	      2777.2 	     22.473   	16.1529	0.0088	 1.724 	   --- 	 --- 	4158.67	---   	---   	  1.41	    0.533	  0.8  	LP_2219
 0.1357	 0.0991	-0.0849	 1691.979	  788.485	  645.493	1.182	16	 ---	130.88463339883	0.0244	-45.8934286253 	0.0264	5522015645479305088	  0.7023 	0.03  	 -4.963	0.053	  4.87 	0.053	0	  1969400.0 	   1163.9    	 9.9526	0.0006	  1216400.0  	    1542.8     	10.1387	0.0014	   1111500.0 	   1721.9     	 9.6471	0.0017	 0.4915	   --- 	 --- 	7164.5 	1.3087	0.6645	  8.1 	  155.571	  0.7  	LP_2219
 0.0351	 0.0727	 0.0569	  650.756	  142.803	  209.246	1.273	15	 ---	130.75956674198	0.0342	-45.87820097807	0.0371	5522019184532279040	  0.6027 	0.0431	 -5.094	0.071	  4.631	0.071	0	     7523.6 	     11.561  	15.9973	0.0017	     3177.8  	      22.253   	16.5961	0.0076	      6399.3 	     30.583   	15.2466	0.0052	 1.3495	   --- 	 --- 	4856.69	---   	---   	  1.37	    0.935	  0.8  	LP_2219
 0.0824	 0.0719	-0.145 	 4384.421	  664.749	 1283.547	1.237	16	 ---	130.81491405456	0.0127	-45.84300413006	0.0144	5522019665568635776	  0.6219 	0.0159	 -5.052	0.027	  4.689	0.028	0	    82029.0 	     18.709  	13.4035	0.0002	    39899.0  	      60.022   	13.849 	0.0016	     61571.0 	     47.969   	12.7885	0.0008	 1.0605	   --- 	 --- 	5070.04	---   	---   	  3.91	    9.115	  1.0  	LP_2219
 0.0861	 0.0442	-0.1154	 2363.661	  249.684	  155.839	1.339	16	 ---	130.83335860343	0.0209	-45.84414241798	0.0238	5522019665568646016	  0.6395 	0.0258	 -5.073	0.046	  4.591	0.047	0	    15349.0 	      6.4939 	15.2231	0.0005	     6773.0  	      27.126   	15.7744	0.0043	     13778.0 	     88.409   	14.414 	0.007 	 1.3604	   --- 	 --- 	4425.0 	---   	---   	  2.38	    1.963	  1.0  	LP_2219
 0.072 	 0.0726	-0.1266	 3440.697	  496.442	  577.615	1.246	15	 ---	130.83883237743	0.0175	-45.83449934413	0.0194	5522019699928384256	  0.6151 	0.0216	 -5.034	0.038	  4.634	0.038	0	    24451.0 	      7.1063 	14.7176	0.0003	    11544.0  	      23.254   	15.1955	0.0022	     18914.0 	     32.745   	14.07  	0.0019	 1.1255	   --- 	 --- 	4959.82	---   	---   	  2.28	    2.843	  0.9  	LP_2219
-0.0265	 0.1693	 0.0897	 3144.401	  651.978	  810.867	1.234	16	 ---	131.00386942381	0.02  	-45.93493579732	0.023 	5522020215324612480	  0.7017 	0.0248	 -4.902	0.042	  4.639	0.044	0	    18976.0 	      6.035  	14.9928	0.0003	     9487.6  	      14.552   	15.4085	0.0017	     13931.0 	     17.18    	14.402 	0.0013	 1.0065	   --- 	 --- 	5266.12	0.903 	0.449 	  1.52	    1.602	  0.9  	LP_2219
-0.1036	 0.1818	-0.0812	 3232.554	  465.474	  578.178	1.215	15	 ---	131.05734432175	0.0187	-45.89181599882	0.0201	5522020765080435328	  0.6634 	0.0213	 -5.014	0.038	  4.604	0.036	0	    33378.0 	     10.325  	14.3797	0.0003	    18112.0  	      38.91    	14.7065	0.0023	     22458.0 	     38.843   	13.8835	0.0019	 0.823 	   --- 	 --- 	5800.5 	---   	---   	  1.71	    2.991	  0.9  	LP_2219
 0.071 	 0.0834	-0.1215	 1920.243	  222.282	  401.591	1.298	16	 ---	130.94602928812	0.0308	-45.88106199271	0.0339	5522021383555651968	  0.6134 	0.0389	 -4.906	0.067	  4.793	0.068	0	     7716.7 	      4.0186 	15.9698	0.0006	     2966.7  	      13.346   	16.6707	0.0049	      7050.2 	     17.556   	15.1414	0.0027	 1.5293	   --- 	 --- 	4415.25	---   	---   	  1.77	    1.078	  0.8  	LP_2219
 0.1567	 0.0337	-0.1371	 4776.32 	 1107.197	  794.317	1.21 	16	 ---	130.91937575088	0.0151	-45.88292435437	0.0153	5522021486634848000	  0.6611 	0.0184	 -5.07 	0.034	  4.662	0.03 	0	    54713.0 	     11.455  	13.8431	0.0002	    30417.0  	      27.472   	14.1436	0.001 	     35763.0 	     45.024   	13.3783	0.0014	 0.7653	   --- 	 --- 	5568.29	---   	---   	  2.41	    5.022	  1.0  	LP_2219
 0.309 	-0.2264	-0.3089	 3806.318	  959.221	 1465.566	1.217	15	 ---	130.91776004426	0.0208	-45.86634505744	0.0203	5522021555354315648	  0.6809 	0.0252	 -5.081	0.052	  4.687	0.046	0	   125610.0 	     33.0    	12.9408	0.0003	    68552.0  	      71.466   	13.2613	0.0011	     84336.0 	     57.545   	12.4469	0.0007	 0.8145	   --- 	 --- 	5787.0 	---   	---   	  3.25	   10.692	  0.9  	LP_2219
 0.0067	 0.0405	-0.0814	 3819.092	  701.541	  831.324	1.226	15	 ---	130.98797450917	0.0145	-45.84778156608	0.018 	5522021830232269568	  0.6195 	0.0184	 -5.196	0.031	  4.671	0.035	0	    44587.0 	     11.675  	14.0653	0.0003	    22957.0  	      32.724   	14.4491	0.0015	     31694.0 	     38.125   	13.5095	0.0013	 0.9396	   --- 	 --- 	5245.0 	---   	---   	  2.67	    4.844	  0.9  	LP_2219
 0.0312	 0.0783	-0.0258	  672.877	  110.886	  257.766	1.332	16	 ---	130.99941536509	0.0501	-45.82307359151	0.0558	5522022139469911808	  0.6495 	0.0612	 -5.065	0.111	  4.73 	0.108	0	     2914.0 	      4.3307 	17.0271	0.0016	      923.18 	       8.3255  	17.9382	0.0098	      2959.2 	     11.48    	16.084 	0.0042	 1.8542	   --- 	 --- 	3946.5 	---   	---   	  1.47	    0.471	  0.9  	LP_2219
 0.0854	 0.2985	-0.0413	 3026.627	  696.798	 1171.129	1.237	15	 ---	131.06515081971	0.0185	-45.85757852498	0.0223	5522022345628397056	  0.6418 	0.0244	 -5.145	0.039	  4.778	0.041	0	    24336.0 	      8.0405 	14.7228	0.0004	    11845.0  	      17.0     	15.1675	0.0016	     18255.0 	     15.588   	14.1085	0.0009	 1.0591	   --- 	 --- 	5086.47	1.7943	0.9082	  2.05	    2.531	  1.0  	LP_2219
 0.0994	 0.1817	-0.1271	 3312.582	  555.572	  851.698	1.258	15	 ---	131.12027784675	0.0145	-45.78125192333	0.0168	5522023135902403072	  0.6091 	0.0178	 -5.052	0.031	  4.827	0.031	0	    51603.0 	     15.578  	13.9067	0.0003	    23744.0  	      42.737   	14.4125	0.002 	     41191.0 	     48.363   	13.2249	0.0013	 1.1876	   --- 	 --- 	4905.67	---   	---   	  3.45	    6.198	  0.8  	LP_2219
 0.0936	 0.1604	-0.0806	 4776.473	  788.782	 1319.023	1.231	15	 ---	131.05878451518	0.0155	-45.7723181854 	0.0187	5522023616938747136	  0.6535 	0.0195	 -5.11 	0.033	  4.569	0.032	0	    39800.0 	      8.3324 	14.1887	0.0002	    20567.0  	      26.074   	14.5685	0.0014	     28425.0 	     21.55    	13.6277	0.0008	 0.9408	   --- 	 --- 	5250.0 	---   	---   	  2.38	    3.883	  1.0  	LP_2219
 0.0002	 0.1072	-0.0319	  650.573	   61.305	  141.371	1.379	15	 ---	131.04903326168	0.0742	-45.76572043786	0.0844	5522023788737439360	  0.6615 	0.0915	 -4.902	0.164	  4.744	0.155	0	     1621.3 	      2.4922 	17.6637	0.0017	      437.42 	       7.1351  	18.7491	0.0177	      1799.1 	     12.726   	16.6243	0.0077	 2.1249	   --- 	 --- 	   --- 	---   	---   	  --- 	    ---  	  0.7  	LP_2219
 0.0865	 0.1015	-0.1423	 3040.217	  530.68 	  564.318	1.262	16	 ---	130.87144556612	0.0212	-45.84423907484	0.022 	5522024750809944320	  0.6542 	0.0261	 -4.965	0.044	  4.564	0.044	0	    17177.0 	      5.6499 	15.101 	0.0004	     7466.6  	      14.07    	15.6686	0.002 	     14217.0 	     25.193   	14.3799	0.0019	 1.2887	   --- 	 --- 	4902.79	1.718 	0.9573	  1.85	    1.79 	  0.9  	LP_2219
-0.0378	-0.0331	-0.0459	  573.829	   61.557	  142.93 	1.378	15	 ---	130.90313723456	0.0588	-45.82393645648	0.065 	5522024888248910720	  0.6523 	0.0741	 -5.25 	0.136	  4.307	0.139	0	     2231.4 	      3.8885 	17.3169	0.0019	      624.22 	      10.14    	18.3631	0.0176	      2451.0 	     17.148   	16.2886	0.0076	 2.0745	   --- 	 --- 	   --- 	---   	---   	  --- 	    ---  	  0.7  	LP_2219
-0.0594	-0.0254	 0.039 	  814.767	  170.968	  247.382	1.335	15	 ---	130.91012402566	0.0373	-45.81060335233	0.0447	5522024922608647168	  0.6139 	0.0494	 -5.117	0.084	  4.519	0.091	0	     5230.7 	      6.4199 	16.392 	0.0013	     1749.4  	      10.232   	17.2442	0.0064	      5236.1 	     21.166   	15.4644	0.0044	 1.7798	   --- 	 --- 	4034.64	---   	---   	  1.94	    0.896	  0.8  	LP_2219
 0.0636	 0.1121	-0.0806	 2314.448	  247.837	  659.082	1.27 	15	 ---	130.97015292002	0.0263	-45.77410013007	0.028 	5522025266206210816	  0.6489 	0.0308	 -4.988	0.056	  4.546	0.052	0	    11536.0 	      4.9841 	15.5333	0.0005	     4860.1  	      19.61    	16.1348	0.0044	      9791.0 	     14.855   	14.7849	0.0016	 1.3499	   --- 	 --- 	4776.51	---   	---   	  1.64	    1.263	  0.9  	LP_2219
 0.0877	 0.1019	-0.1103	 1401.938	  375.048	  456.595	1.266	16	 ---	130.83483931466	0.0196	-45.78275590683	0.0211	5522025884681269248	  0.6362 	0.0248	 -5.126	0.043	  4.598	0.042	0	    19507.0 	     13.914  	14.9629	0.0008	     8404.6  	      22.409   	15.5401	0.0029	     16292.0 	     35.682   	14.232 	0.0024	 1.3081	   --- 	 --- 	4749.92	---   	---   	  2.21	    2.24 	  1.0  	LP_2219
 0.0457	 0.1115	-0.1168	  928.826	  183.503	  314.283	1.25 	16	 ---	130.84126994516	0.0283	-45.75219602666	0.0292	5522026056480219264	  0.6398 	0.0345	 -5.152	0.061	  4.698	0.058	0	     9230.2 	      9.9375 	15.7753	0.0012	     4199.9  	      22.887   	16.2933	0.0059	      7337.7 	     23.347   	15.098 	0.0035	 1.1953	   --- 	 --- 	4894.0 	0.9855	0.4845	  1.4 	    1.008	  0.9  	LP_2219
 0.0699	 0.184 	-0.0891	 4854.546	  753.623	 1228.854	1.204	16	 ---	130.88475367959	0.0203	-45.75741000489	0.0226	5522026189614534016	  0.5947 	0.0262	 -5.24 	0.043	  4.778	0.043	0	   249690.0 	     51.434  	12.1949	0.0002	   147290.0  	     195.44    	12.431 	0.0014	    153430.0 	    124.86    	11.7972	0.0009	 0.6338	   --- 	 --- 	6534.0 	1.55  	0.7823	  4.08	   27.307	  0.7  	LP_2219
 0.0541	 0.2516	-0.056 	 1661.159	  296.963	  527.689	1.281	16	 ---	131.04699786222	0.035 	-45.64648794036	0.0378	5522027740106936448	  0.6834 	0.0418	 -5.288	0.073	  4.449	0.067	0	     7000.8 	      4.2144 	16.0755	0.0007	     3058.3  	      10.299   	16.6377	0.0037	      5908.8 	     11.197   	15.3332	0.0021	 1.3045	   --- 	 --- 	4854.34	---   	---   	  1.16	    0.677	  0.7  	LP_2219
 0.1039	 0.3952	-0.0779	 3709.849	  486.925	  963.887	1.195	15	 ---	130.95613890714	0.0228	-45.70147496525	0.0259	5522027877545875712	  0.6334 	0.0298	 -5.014	0.047	  4.615	0.05 	0	   335770.0 	     90.507  	11.8733	0.0003	   209700.0  	     430.67    	12.0474	0.0022	    191520.0 	    198.7     	11.5564	0.0011	 0.491 	   --- 	 --- 	7732.75	0.7195	0.391 	  3.22	   33.501	  1.0  	LP_2219
 0.0314	 0.3502	-0.1426	 4130.596	 1058.87 	 1092.947	1.191	15	 ---	130.94339969968	0.0139	-45.68500303802	0.016 	5522028083704297984	  0.659  	0.0184	 -5.112	0.028	  4.606	0.03 	0	    85052.0 	     20.591  	13.3641	0.0003	    53574.0  	      50.595   	13.529 	0.001 	     47718.0 	     43.66    	13.0652	0.001 	 0.4638	   --- 	 --- 	7847.0 	0.7493	0.3648	  1.52	    7.915	  1.0  	LP_2219
 0.0449	 0.0207	-0.1532	 3090.226	  717.892	  791.127	1.205	15	 ---	130.62980269213	0.0171	-45.94562786929	0.0196	5522029011417392000	  0.6421 	0.0216	 -4.997	0.038	  4.572	0.036	0	    38228.0 	     12.37   	14.2324	0.0004	    21935.0  	      30.555   	14.4985	0.0015	     24147.0 	     30.522   	13.8048	0.0014	 0.6937	   --- 	 --- 	6624.0 	0.713 	0.342 	  1.44	    3.587	  0.9  	LP_2219
 0.0655	 0.1152	-0.0946	  964.041	  408.386	  515.953	1.187	15	 ---	130.56120852052	0.0326	-45.90555496171	0.0408	5522030007849756416	  0.6702 	0.0436	 -4.998	0.072	  4.768	0.067	0	   534730.0 	    554.68   	11.368 	0.0011	   361440.0  	     885.04    	11.4563	0.0027	    273410.0 	    529.91    	11.1699	0.0021	 0.2864	   --- 	 --- 	8828.25	---   	---   	  --- 	    ---  	  0.7  	LP_2219
 0.0084	 0.066 	-0.0283	 2758.943	  340.875	  603.429	1.25 	14	 ---	130.5828833587 	0.0193	-45.87974678106	0.0246	5522030214008188800	  0.7166 	0.0278	 -5.021	0.042	  4.65 	0.041	0	    27893.0 	     10.11   	14.5746	0.0004	    13031.0  	      38.227   	15.064 	0.0032	     21838.0 	     36.19    	13.9139	0.0018	 1.1501	   --- 	 --- 	4997.39	---   	---   	  2.05	    2.37 	  0.9  	LP_2219
 0.0659	 0.1543	-0.1026	 4737.282	  698.702	 1523.072	1.197	15	 ---	130.60580366233	0.0147	-45.82342681178	0.0184	5522030935562690048	  0.6632 	0.0205	 -5.099	0.031	  4.634	0.03 	0	    69856.0 	     14.746  	13.5778	0.0002	    42338.0  	      60.596   	13.7846	0.0016	     41284.0 	     27.106   	13.2225	0.0007	 0.5621	   --- 	 --- 	7098.14	0.8013	0.4365	  1.64	    6.179	  1.0  	LP_2219
 0.0277	 0.013 	 0.0059	 3208.841	  581.011	  758.179	1.235	14	 ---	130.6911124189 	0.0194	-45.86309988915	0.0244	5522031141721176192	  0.6157 	0.0268	 -5.032	0.043	  4.691	0.046	0	    21781.0 	      6.7878 	14.8432	0.0003	    11090.0  	      19.087   	15.2391	0.0019	     15802.0 	     20.842   	14.2652	0.0014	 0.9739	   --- 	 --- 	5247.15	---   	---   	  1.87	    2.395	  0.9  	LP_2219
 0.0053	-0.0098	 0.0184	 1315.213	  198.87 	  372.751	1.262	14	 ---	130.67011386751	0.0285	-45.82237193995	0.035 	5522031416599447168	  0.6205 	0.0384	 -4.942	0.065	  4.555	0.068	0	     8940.5 	      6.7978 	15.81  	0.0008	     4033.4  	      20.282   	16.3372	0.0055	      7247.1 	     19.442   	15.1115	0.0029	 1.2257	   --- 	 --- 	4877.0 	---   	---   	  1.43	    1.042	  0.7  	LP_2219
 0.0883	 0.1074	-0.0893	 1223.34 	  219.574	  334.669	1.249	16	 ---	130.75144648613	0.0276	-45.79492957798	0.032 	5522031725836738176	  0.5994 	0.0355	 -5.142	0.061	  4.617	0.06 	0	     9065.4 	      7.4104 	15.7949	0.0009	     4164.6  	      18.967   	16.3024	0.0049	      7160.2 	     21.395   	15.1246	0.0032	 1.1778	   --- 	 --- 	4891.0 	1.142 	0.57  	  1.48	    1.129	  1.0  	LP_2219
-0.0004	 0.0218	 0.0082	 1743.161	  182.178	  336.494	1.264	14	 ---	130.68030823937	0.0316	-45.79833526371	0.0403	5522032309952251776	  0.6132 	0.0425	 -5.119	0.07 	  4.805	0.076	0	     7752.9 	      4.4476 	15.9647	0.0006	     3631.1  	      19.931   	16.4513	0.006 	      6166.3 	     18.325   	15.2869	0.0032	 1.1644	   --- 	 --- 	4962.48	0.742 	0.3433	  1.29	    0.907	  0.8  	LP_2219
 0.1202	-0.0565	-0.0886	 2361.593	  496.276	 1780.983	1.181	13	 ---	130.63812790644	0.0282	-45.79923976022	0.0379	5522032447391185152	  0.6271 	0.0393	 -5.257	0.064	  4.639	0.076	0	   860580.0 	    364.41   	10.8514	0.0005	   575500.0  	    1159.6     	10.9513	0.0022	    440940.0 	    247.58    	10.651 	0.0006	 0.3003	   --- 	 --- 	8706.0 	0.7685	0.383 	  --- 	    ---  	  0.9  	LP_2219
 0.0102	 0.1147	-0.0234	  500.031	   88.658	  176.533	1.286	16	 ---	130.51967344334	0.0444	-45.86685687252	0.0524	5522033272024877696	  0.6911 	0.0585	 -4.951	0.097	  4.473	0.096	0	     4346.4 	      8.6922 	16.5931	0.0022	     1785.3  	      20.137   	17.2221	0.0122	      3802.6 	     21.54    	15.8117	0.0062	 1.4104	   --- 	 --- 	4455.76	1.181 	0.586 	  1.15	    0.47 	  0.8  	LP_2219
 0.0822	 0.1907	 0.0547	 4743.762	  954.444	 1388.302	1.197	13	 ---	130.59762317569	0.024 	-45.76792867   	0.0299	5522034057994621056	  0.6971 	0.035 	 -4.954	0.05 	  4.702	0.048	0	   149770.0 	     31.571  	12.7498	0.0002	    88672.0  	      92.904   	12.9819	0.0011	     90625.0 	     65.278   	12.3688	0.0008	 0.6131	   --- 	 --- 	6892.0 	---   	---   	  2.42	   11.944	  0.9  	LP_2219
-0.0389	 0.1984	 0.04  	  613.869	   67.955	  196.882	1.327	15	 ---	130.52187866589	0.063 	-45.71562325584	0.074 	5522035333609151616	  0.738  	0.0837	 -5.175	0.136	  4.486	0.146	0	     2223.8 	      3.6226 	17.3206	0.0018	      817.63 	      12.032   	18.07  	0.016 	      2132.6 	     10.832   	16.4397	0.0055	 1.6303	   --- 	 --- 	   --- 	---   	---   	  --- 	    ---  	  0.9  	LP_2219
 0.0498	 0.124 	 0.0365	 2880.244	  346.776	  794.651	1.227	14	 ---	130.62418195865	0.0207	-45.73990428304	0.0271	5522035677206571520	  0.5594 	0.0285	 -5.256	0.044	  4.473	0.054	0	    20399.0 	      7.0824 	14.9143	0.0004	    10569.0  	      30.477   	15.2913	0.0031	     14460.0 	     18.197   	14.3615	0.0014	 0.9299	   --- 	 --- 	5269.0 	---   	---   	  1.98	    2.709	  0.8  	LP_2219
 0.1259	 0.1511	 0.0153	  960.323	  179.122	  305.246	1.29 	14	 ---	130.604252375  	0.0349	-45.71065067979	0.0394	5522035952084465024	  0.659  	0.0442	 -5.048	0.074	  4.582	0.073	0	     7478.7 	      7.7877 	16.0038	0.0011	     3125.4  	      17.448   	16.6141	0.0061	      6524.2 	     21.374   	15.2256	0.0036	 1.3885	   --- 	 --- 	4746.01	---   	---   	  1.32	    0.801	  0.9  	LP_2219
 0.1225	 0.1526	-0.1   	 1571.027	  279.18 	  500.748	1.249	15	 ---	130.62179456627	0.0303	-45.69260750044	0.0357	5522035986444645376	  0.6307 	0.0397	 -5.194	0.065	  4.606	0.064	0	     8514.6 	      5.4198 	15.863 	0.0007	     3986.6  	      14.28    	16.3499	0.0039	      6645.0 	     13.27    	15.2057	0.0022	 1.1442	   --- 	 --- 	4893.42	0.9835	0.4933	  1.36	    0.957	  1.0  	LP_2219
 0.1606	 0.1139	-0.1497	 3512.661	  467.613	  844.139	1.226	15	 ---	130.65177429275	0.0202	-45.6845132005 	0.024 	5522036330042021376	  0.6391 	0.0265	 -5.148	0.042	  4.671	0.044	0	    24713.0 	      7.0354 	14.706 	0.0003	    12887.0  	      27.559   	15.076 	0.0023	     17405.0 	     20.619   	14.1602	0.0013	 0.9158	   --- 	 --- 	5377.0 	---   	---   	  1.81	    2.477	  1.0  	LP_2219
 0.0622	 0.1948	-0.0652	  703.807	   85.991	  132.122	1.316	15	 ---	130.58239821026	0.0563	-45.68461146272	0.0645	5522036776718630272	  0.6628 	0.0735	 -5.074	0.116	  4.546	0.114	0	     2858.0 	      4.0608 	17.0482	0.0015	     1070.5  	      12.449   	17.7774	0.0126	      2689.7 	     20.358   	16.1877	0.0082	 1.5897	   --- 	 --- 	4403.0 	---   	---   	  1.01	    0.344	  1.0  	LP_2219
 0.0649	 0.1412	-0.0441	 4588.194	  664.721	  925.135	1.197	15	 ---	130.58113956438	0.0156	-45.6561457833 	0.0171	5522037081649995392	  0.6265 	0.0195	 -5.04 	0.032	  4.63 	0.029	0	    64805.0 	     14.124  	13.6593	0.0002	    39018.0  	      58.698   	13.8732	0.0016	     38564.0 	     41.684   	13.2965	0.0012	 0.5768	   --- 	 --- 	7057.25	1.0163	0.505 	  1.69	    6.417	  0.9  	LP_2219
 0.0754	 0.1885	-0.0287	 3561.41 	  799.129	  574.541	1.203	15	 ---	130.62795846719	0.0152	-45.67127461324	0.02  	5522037120316006144	  0.6519 	0.0202	 -4.966	0.032	  4.653	0.037	0	    55026.0 	     15.451  	13.8369	0.0003	    32068.0  	      40.129   	14.0862	0.0014	     34108.0 	     59.366   	13.4298	0.0019	 0.6564	   --- 	 --- 	6589.76	---   	---   	  1.72	    5.007	  0.9  	LP_2219
 0.0728	 0.1928	-0.1058	  805.197	  167.78 	  159.871	1.28 	15	 ---	130.64507839217	0.0253	-45.6554328015 	0.0296	5522037154675736576	  0.6711 	0.0332	 -5.282	0.053	  4.545	0.056	0	    12116.0 	     15.047  	15.48  	0.0013	     5134.5  	      30.602   	16.0752	0.0065	     10375.0 	     64.895   	14.722 	0.0068	 1.3532	   --- 	 --- 	4614.97	1.8097	0.917 	  1.79	    1.306	  0.7  	LP_2219
-0.0434	 0.1539	-0.0892	  978.376	  107.884	  131.923	1.278	15	 ---	130.78296366097	0.0512	-45.73795943238	0.0577	5522037944949704704	  0.6288 	0.0666	 -5.03 	0.107	  4.629	0.121	0	     3417.1 	      3.4926 	16.8542	0.0011	     1412.5  	      13.093   	17.4764	0.0101	      2954.2 	     22.393   	16.0858	0.0082	 1.3906	   --- 	 --- 	4662.16	1.124 	0.544 	  0.99	    0.413	  1.0  	LP_2219
 0.1347	 0.2528	-0.2165	 4318.168	  759.583	 1048.395	1.198	15	 ---	130.87095537375	0.0157	-45.6618954828 	0.0158	5522038666503689344	  0.69   	0.0196	 -5.044	0.033	  4.609	0.031	0	    56758.0 	     13.144  	13.8033	0.0003	    33533.0  	      44.147   	14.0377	0.0014	     34437.0 	     32.847   	13.4194	0.001 	 0.6183	   --- 	 --- 	6847.0 	---   	---   	  1.53	    4.618	  1.0  	LP_2219
 0.1551	 0.1388	-0.2082	 1980.016	  208.71 	  343.455	1.25 	15	 ---	130.7867017965 	0.0281	-45.70195055387	0.0312	5522038907022369280	  0.6486 	0.0354	 -5.062	0.059	  4.303	0.066	0	     9980.9 	      5.0408 	15.6904	0.0005	     4713.5  	      22.584   	16.168 	0.0052	      7767.3 	     22.615   	15.0363	0.0032	 1.1318	   --- 	 --- 	4916.46	0.697 	0.344 	  1.42	    1.054	  0.9  	LP_2219
 0.1273	 0.2474	-0.2759	 3572.264	  398.961	  874.493	1.201	15	 ---	130.79098646165	0.0162	-45.66186352429	0.0165	5522039216259476992	  0.6519 	0.0208	 -5.108	0.034	  4.672	0.034	0	    47952.0 	     13.424  	13.9863	0.0003	    27978.0  	      70.126   	14.2344	0.0027	     29618.0 	     33.869   	13.583 	0.0012	 0.6513	   --- 	 --- 	6692.0 	0.9385	0.4637	  1.55	    4.365	  1.0  	LP_2219
 0.1675	 0.163 	-0.2267	 2978.019	  413.779	  611.288	1.237	15	 ---	130.84553283756	0.023 	-45.62142097819	0.0214	5522039559856871936	  0.6744 	0.0269	 -4.946	0.049	  4.599	0.042	0	    20667.0 	      6.9399 	14.9002	0.0004	    10484.0  	      25.336   	15.3001	0.0026	     15078.0 	     24.667   	14.316 	0.0018	 0.9841	   --- 	 --- 	5276.42	0.982 	0.4863	  1.64	    1.886	  0.8  	LP_2219
 0.189 	 0.1501	-0.2366	 1790.078	  398.874	 1137.199	1.188	15	 ---	130.82293239448	0.0267	-45.61389217485	0.0243	5522039766015291264	  0.6966 	0.0308	 -5.12 	0.057	  4.661	0.049	0	   571080.0 	    319.02   	11.2966	0.0006	   390800.0  	     979.75    	11.3715	0.0027	    287380.0 	    252.71    	11.1158	0.001 	 0.2557	   --- 	 --- 	9183.0 	0.7745	0.383 	  --- 	    ---  	  1.0  	LP_2219
 0.0988	 0.0591	-0.139 	  650.424	  151.444	  225.434	1.263	15	 ---	130.90916715287	0.0407	-45.61194839777	0.0411	5522040350130872832	  0.6839 	0.0484	 -5.173	0.09 	  4.708	0.085	0	     6479.8 	      9.9625 	16.1595	0.0017	     2849.9  	      18.818   	16.7143	0.0072	      5334.5 	     23.663   	15.4442	0.0048	 1.2701	   --- 	 --- 	4966.1 	0.96  	0.4965	  1.05	    0.609	  0.7  	LP_2219
 0.1528	 0.1805	-0.2095	 3715.455	  579.003	 1001.528	1.192	15	 ---	130.86242211869	0.0247	-45.62925236275	0.0233	5522040968606151424	  0.6594 	0.0292	 -5.056	0.053	  4.634	0.045	0	   419890.0 	    113.01   	11.6305	0.0003	   274560.0  	     474.2     	11.7548	0.0019	    226080.0 	    225.73    	11.3763	0.0011	 0.3785	   --- 	 --- 	7830.0 	---   	---   	  3.39	   38.957	  1.0  	LP_2219
 0.1427	 0.0292	-0.191 	 3450.209	  989.929	 1012.561	1.196	14	 ---	130.88067462683	0.0165	-45.55637796076	0.0154	5522041415282741376	  0.6648 	0.0182	 -5.026	0.035	  4.661	0.03 	0	    85664.0 	     24.828  	13.3564	0.0003	    52026.0  	      52.555   	13.5608	0.0011	     50448.0 	     49.823   	13.0048	0.0011	 0.556 	   --- 	 --- 	7170.5 	0.834 	0.4505	  1.78	    7.553	  1.0  	LP_2219
 0.1919	 0.1114	-0.261 	 2654.815	  432.994	  640.644	1.243	16	 ---	130.93887874841	0.0264	-45.55237370851	0.0274	5522041655800823936	  0.6488 	0.0314	 -5.065	0.056	  4.601	0.057	0	    15662.0 	      5.8995 	15.2012	0.0004	     7555.7  	      17.45    	15.6557	0.0025	     11911.0 	     18.592   	14.5721	0.0017	 1.0836	   --- 	 --- 	5020.56	---   	---   	  1.68	    1.615	  0.9  	LP_2219
 0.1648	 0.24  	-0.2828	 2725.238	  494.011	  604.595	1.237	14	 ---	130.7880086994 	0.0247	-45.60359651341	0.0222	5522042652233301888	  0.6968 	0.0292	 -4.976	0.051	  4.579	0.044	0	    25732.0 	      9.442  	14.6622	0.0004	    12883.0  	      26.078   	15.0764	0.0022	     18942.0 	     31.331   	14.0683	0.0018	 1.008 	   --- 	 --- 	5183.3 	1.5418	0.7595	  1.85	    2.232	  0.8  	LP_2219
 0.1528	 0.2376	-0.1587	 2342.3  	  362.434	  626.053	1.243	14	 ---	130.73743768645	0.0247	-45.50076106635	0.0261	5522044232781156096	  0.7279 	0.0313	 -5.124	0.051	  4.619	0.046	0	    16492.0 	      7.0409 	15.1452	0.0005	     8128.0  	      22.426   	15.5764	0.003 	     12375.0 	     19.766   	14.5306	0.0017	 1.0458	   --- 	 --- 	5181.32	0.874 	0.438 	  1.42	    1.311	  0.8  	LP_2219
 0.1505	 0.1637	-0.1763	 2916.772	  437.128	  343.631	1.235	16	 ---	130.84067917973	0.0204	-45.54098425512	0.0198	5522044473299439104	  0.628  	0.0239	 -5.043	0.043	  4.653	0.038	0	    22028.0 	      7.5522 	14.8309	0.0004	    11400.0  	      26.08    	15.2091	0.0025	     15800.0 	     45.98    	14.2653	0.0032	 0.9438	   --- 	 --- 	5223.5 	1.5495	0.77  	  1.87	    2.337	  1.0  	LP_2219
 0.124 	 0.2175	-0.1875	  505.948	  113.6  	  166.854	1.262	16	 ---	130.79207535109	0.033 	-45.54793614582	0.0312	5522044610738377344	  0.6785 	0.0394	 -4.917	0.071	  4.478	0.06 	0	     8708.2 	     17.212  	15.8385	0.0021	     3951.8  	      34.787   	16.3594	0.0096	      7035.2 	     42.164   	15.1437	0.0065	 1.2157	   --- 	 --- 	4860.5 	0.935 	0.462 	  1.3 	    0.853	  0.8  	LP_2219
-0.0078	 0.2779	-0.0255	  552.93 	   73.52 	  153.029	1.323	16	 ---	130.86598706162	0.0556	-45.46267451321	0.0544	5522045293628344960	  0.7029 	0.0657	 -5.024	0.112	  4.527	0.105	0	     3516.3 	      6.3594 	16.8231	0.002 	     1452.2  	      19.753   	17.4463	0.0148	      3198.6 	     20.902   	15.9995	0.0071	 1.4468	   --- 	 --- 	4410.0 	1.178 	0.585 	  1.05	    0.375	  0.8  	LP_2219
 0.2586	 0.0421	-0.2565	 2897.254	  431.708	  749.825	1.237	15	 ---	130.79460085429	0.0231	-45.51947427295	0.0227	5522045401012275968	  0.6694 	0.0271	 -5.023	0.049	  4.751	0.043	0	    21030.0 	      7.2584 	14.8813	0.0004	    10405.0  	      24.103   	15.3082	0.0025	     15612.0 	     20.82    	14.2783	0.0014	 1.0299	   --- 	 --- 	5191.58	---   	---   	  1.74	    1.974	  1.0  	LP_2219
 0.0835	 0.2237	-0.1125	 3193.008	  425.153	  116.798	1.255	16	 ---	130.78950715258	0.0173	-45.45802286568	0.0183	5522045882048601216	  0.6289 	0.0212	 -5.167	0.036	  4.728	0.033	0	    30399.0 	      9.5204 	14.4812	0.0003	    16594.0  	      39.032   	14.8015	0.0026	     21558.0 	    184.57    	13.9279	0.0093	 0.8736	   --- 	 --- 	5600.0 	1.5828	0.7663	  1.86	    3.075	  1.0  	LP_2219
 0.0403	 0.1487	-0.1025	 4026.272	  851.538	  934.872	1.203	15	 ---	130.0351587319 	0.0178	-45.86257758552	0.0167	5522054712502844928	  0.6169 	0.0196	 -5.089	0.039	  4.711	0.033	0	    45036.0 	     11.185  	14.0545	0.0003	    25902.0  	      30.418   	14.3181	0.0013	     28260.0 	     30.229   	13.634 	0.0012	 0.6841	   --- 	 --- 	6445.5 	1.2905	0.642 	  1.72	    4.58 	  0.9  	LP_2219
 0.117 	 0.2273	-0.1338	 4163.197	  398.455	  619.934	1.198	16	 ---	130.30373874945	0.0227	-45.82345379462	0.0248	5522057834929673216	  0.6386 	0.0282	 -4.958	0.048	  4.768	0.045	0	   152040.0 	     36.52   	12.7335	0.0003	   100170.0  	     251.39    	12.8496	0.0027	     82040.0 	    132.34    	12.4769	0.0018	 0.3727	   --- 	 --- 	7814.67	0.7877	0.394 	  2.11	   15.023	  0.7  	LP_2219
 0.0462	 0.2143	-0.0935	 2243.853	  292.126	  501.382	1.262	16	 ---	130.41476083014	0.03  	-45.77641314343	0.0321	5522058182836769152	  0.6518 	0.0383	 -5.124	0.064	  4.653	0.063	0	     8511.7 	      3.7934 	15.8633	0.0005	     3756.8  	      12.86    	16.4143	0.0037	      6981.7 	     13.925   	15.152 	0.0022	 1.2623	   --- 	 --- 	4775.0 	0.6135	0.2623	  1.4 	    0.925	  1.0  	LP_2219
 0.1294	 0.3076	-0.0933	 1365.852	  355.327	  396.583	1.266	16	 ---	130.28123633618	0.0343	-45.81236111379	0.0354	5522058560793837440	  0.7516 	0.0407	 -4.954	0.072	  4.434	0.066	0	    19563.0 	     14.323  	14.9598	0.0008	     9690.8  	      27.273   	15.3855	0.0031	     15071.0 	     38.003   	14.3166	0.0027	 1.0689	   --- 	 --- 	5045.1 	0.8655	0.443 	  1.6 	    1.496	  0.7  	LP_2219
 0.0471	 0.1154	 0.018 	  718.855	  152.38 	  209.842	1.286	16	 ---	130.23994644952	0.0444	-45.63562384138	0.0483	5522063817833603200	  0.6883 	0.0547	 -5.115	0.097	  4.518	0.094	0	     3751.8 	      5.2191 	16.7528	0.0015	     1478.4  	       9.7018  	17.4269	0.0071	      3347.3 	     15.952   	15.9502	0.0052	 1.4768	   --- 	 --- 	4526.77	---   	---   	  1.02	    0.397	  1.0  	LP_2219
-0.0414	 0.129 	 0.0885	  830.966	  141.456	  247.677	1.287	13	 ---	129.82416269599	0.036 	-45.87670113317	0.0402	5522065329661754496	  0.5676 	0.0393	 -5.152	0.077	  4.651	0.074	0	     9544.9 	     11.486  	15.7389	0.0013	     4013.7  	      28.374   	16.3425	0.0077	      8269.9 	     33.39    	14.9682	0.0044	 1.3743	   --- 	 --- 	4950.25	---   	---   	  1.55	    1.306	  0.8  	LP_2219
-0.0391	 0.2746	-0.0057	 4112.346	  859.913	 1027.357	1.214	15	 ---	129.80767935504	0.0147	-45.75417742595	0.0191	5522069517238278912	  0.6208 	0.0186	 -4.941	0.031	  4.454	0.036	0	    38643.0 	      9.3968 	14.2207	0.0003	    21220.0  	      24.677   	14.5345	0.0013	     25699.0 	     25.015   	13.7371	0.0011	 0.7974	   --- 	 --- 	5851.0 	---   	---   	  1.93	    3.943	  0.8  	LP_2219
-0.0281	 0.3364	-0.2035	 4415.663	  926.432	 1303.838	1.193	15	 ---	130.05793265298	0.0153	-45.68248009252	0.0178	5522073747797777664	  0.6836 	0.0196	 -5.081	0.032	  4.65 	0.034	0	    94410.0 	     21.381  	13.2508	0.0002	    58928.0  	      63.608   	13.4256	0.0012	     53726.0 	     41.206   	12.9365	0.0008	 0.4891	   --- 	 --- 	7550.0 	---   	---   	  1.65	    7.994	  1.0  	LP_2219
-0.026 	 0.2572	-0.0172	  945.255	  232.534	  250.629	1.285	16	 ---	130.00386021441	0.042 	-45.6867097684 	0.0478	5522074052736950400	  0.6616 	0.0534	 -5.035	0.086	  4.519	0.095	0	     4812.9 	      5.0916 	16.4824	0.0011	     1933.7  	       8.3155  	17.1354	0.0047	      4248.6 	     16.952   	15.6913	0.0043	 1.4441	   --- 	 --- 	4465.27	1.4605	0.711 	  1.26	    0.565	  1.0  	LP_2219
 0.0202	 0.2624	-0.0471	  880.992	  208.928	  347.037	1.255	16	 ---	130.14126741472	0.0273	-45.65348935821	0.03  	5522075122187391872	  0.6845 	0.034 	 -4.949	0.058	  4.744	0.053	0	     9217.0 	     10.462  	15.7769	0.0012	     4120.8  	      19.724   	16.3139	0.0052	      7445.8 	     21.455   	15.0821	0.0031	 1.2318	   --- 	 --- 	4888.74	---   	---   	  1.31	    0.88 	  0.9  	LP_2219
 0.016 	 0.125 	-0.0508	 2668.944	  495.957	  805.564	1.238	16	 ---	130.22394404507	0.0167	-45.61038413619	0.018 	5522075637583549440	  0.7058 	0.0202	 -5.153	0.035	  4.693	0.037	0	    26302.0 	      9.8548 	14.6384	0.0004	    12786.0  	      25.78    	15.0845	0.0022	     19785.0 	     24.561   	14.0211	0.0013	 1.0635	   --- 	 --- 	5174.47	---   	---   	  1.86	    2.227	  0.9  	LP_2219
-0.0166	 0.2238	-0.0645	 4483.599	  483.585	  861.002	1.227	15	 ---	130.10077560338	0.0167	-45.62533953319	0.0191	5522076152979470208	  0.7552 	0.0201	 -5.24 	0.034	  4.52 	0.034	1	    28447.0 	      6.3447 	14.5533	0.0002	    14508.0  	      30.0     	14.9474	0.0022	     20385.0 	     23.676   	13.9886	0.0013	 0.9588	   --- 	 --- 	5425.19	1.199 	0.597 	  1.61	    2.031	  0.8  	LP_2219
 0.1087	-0.0972	-0.2101	 1243.654	  226.052	  239.329	1.257	15	 ---	129.9977495036 	0.0391	-45.56006478326	0.0542	5522078283283085440	  0.6695 	0.0548	 -5.103	0.089	  4.456	0.111	1	     5042.1 	      4.0542 	16.4318	0.0009	     2258.1  	       9.9891  	16.9671	0.0048	      4082.1 	     17.056   	15.7347	0.0045	 1.2323	   --- 	 --- 	4897.78	0.739 	0.364 	  0.98	    0.502	  1.0  	LP_2219
-0.0108	 0.1222	-0.0715	 6588.491	 1004.999	 1630.476	1.299	16	 0.0	130.09473914795	0.021 	-45.55542983082	0.0262	5522079584643656320	  0.6485 	0.028 	 -5.226	0.045	  4.409	0.046	0	   235700.0 	     35.774  	12.2575	0.0002	    82000.0  	      81.593   	13.0668	0.0011	    224170.0 	    137.49    	11.3855	0.0007	 1.6814	  29.77	 0.47	4261.75	0.936 	0.4443	 10.33	   31.689	  0.8  	LP_2219
 0.059 	-0.1839	-0.0972	  904.194	  201.44 	  334.204	1.249	15	 ---	130.10899247418	0.0295	-45.50131437351	0.033 	5522080100039983872	  0.6746 	0.0371	 -4.951	0.068	  4.743	0.062	0	     8566.2 	      9.4738 	15.8564	0.0012	     3838.4  	      19.055   	16.391 	0.0054	      6864.0 	     20.538   	15.1705	0.0032	 1.2206	   --- 	 --- 	4887.23	0.801 	0.408 	  1.28	    0.843	  0.9  	LP_2219
 0.0444	-0.104 	-0.1108	 2763.509	  604.7  	  543.151	1.233	15	 ---	130.0099736751 	0.0234	-45.48450000477	0.0282	5522080860264156416	  0.6252 	0.0303	 -5.25 	0.051	  4.511	0.051	0	    16842.0 	      6.0946 	15.1224	0.0004	     8409.5  	      13.907   	15.5395	0.0018	     12364.0 	     22.764   	14.5315	0.002 	 1.008 	   --- 	 --- 	5313.11	1.0155	0.5   	  1.57	    1.779	  0.9  	LP_2219
 0.0602	 0.4199	 0.012 	 4344.655	  774.434	  946.421	1.217	13	 ---	130.40978019555	0.0183	-45.72116318797	0.0183	5522082028496199040	  0.6486 	0.0237	 -5.095	0.037	  4.54 	0.035	0	    35121.0 	      8.0836 	14.3245	0.0003	    19013.0  	      24.551   	14.6537	0.0014	     23718.0 	     25.061   	13.8242	0.0011	 0.8295	   --- 	 --- 	5801.67	1.1865	0.5695	  1.8 	    3.292	  0.9  	LP_2219
-0.0823	 0.1821	 0.121 	  947.584	  191.069	  409.403	1.308	15	 ---	130.43768303104	0.0355	-45.69617270023	0.0388	5522082165935154944	  0.6063 	0.0461	 -5.252	0.075	  4.574	0.084	0	     5643.6 	      5.9557 	16.3095	0.0011	     2030.2  	      10.625   	17.0826	0.0057	      5352.2 	     13.073   	15.4406	0.0027	 1.642 	   --- 	 --- 	4332.03	---   	---   	  1.63	    0.838	  0.7  	LP_2219
-0.0195	 0.1978	 0.0603	  848.76 	   51.755	  149.839	1.341	16	 ---	130.47192720555	0.0774	-45.71661831306	0.0909	5522082195988759808	  0.616  	0.1024	 -5.385	0.169	  4.389	0.186	0	     1526.5 	      1.7986 	17.7291	0.0013	      516.67 	       9.983   	18.5684	0.021 	      1530.9 	     10.217   	16.7995	0.0072	 1.7688	   --- 	 --- 	   --- 	---   	---   	  --- 	    ---  	  0.7  	LP_2219
 0.0235	 0.2159	-0.0508	  612.347	  131.949	  215.423	1.263	16	 ---	130.40213878073	0.0356	-45.69075222183	0.0365	5522082956209129984	  0.6582 	0.0443	 -5.044	0.077	  4.689	0.074	0	     5904.5 	      9.6425 	16.2604	0.0018	     2512.3  	      19.04    	16.8512	0.0082	      4946.6 	     22.962   	15.5261	0.005 	 1.3251	   --- 	 --- 	4806.77	1.016 	0.4943	  1.14	    0.623	  0.9  	LP_2219
-0.006 	 0.0789	 0.0561	 4162.58 	  548.018	 1447.446	1.196	15	 ---	130.45070578129	0.0237	-45.66390834999	0.0242	5522083334166258176	  0.6096 	0.0299	 -5.133	0.049	  4.671	0.047	0	   224560.0 	     53.948  	12.31  	0.0003	   145190.0  	     264.94    	12.4465	0.002 	    123440.0 	     85.28    	12.0333	0.0008	 0.4132	   --- 	 --- 	7741.0 	1.1085	0.5475	  2.74	   24.206	  1.0  	LP_2219
-0.0287	 0.2396	-0.025 	 1041.205	  245.579	  694.678	1.241	15	 ---	130.60412172004	0.0212	-45.60874642752	0.0226	5522084433677851904	  0.6586 	0.027 	 -5.115	0.046	  4.626	0.04 	0	    21412.0 	     20.565  	14.8617	0.001 	    10808.0  	      44.012   	15.267 	0.0044	     15769.0 	     22.7     	14.2674	0.0016	 0.9996	   --- 	 --- 	5209.99	1.404 	0.7018	  1.77	    2.07 	  1.0  	LP_2219
-0.0345	 0.264 	-0.0066	 4022.613	  881.587	 1288.632	1.206	15	 ---	130.576255811  	0.0156	-45.59573561459	0.0169	5522084502397318144	  0.7027 	0.0202	 -4.974	0.033	  4.71 	0.029	0	    74064.0 	     18.412  	13.5144	0.0003	    43014.0  	      48.791   	13.7674	0.0012	     46308.0 	     35.936   	13.0978	0.0008	 0.6696	   --- 	 --- 	6434.54	---   	---   	  1.94	    5.805	  1.0  	LP_2219
 0.0007	 0.1547	-0.0783	 2704.971	  508.547	 1025.108	1.228	14	 ---	130.60279605386	0.0227	-45.57371074358	0.0222	5522084639836274944	  0.6547 	0.0275	 -5.133	0.046	  4.587	0.038	0	    29259.0 	     10.817  	14.5227	0.0004	    15434.0  	      30.349   	14.8802	0.0021	     20506.0 	     20.004   	13.9822	0.0011	 0.898 	   --- 	 --- 	5399.0 	---   	---   	  1.91	    2.788	  1.0  	LP_2219
 0.0593	 0.1476	-0.0931	 2950.018	  346.906	  747.574	1.229	16	 ---	130.46859213535	0.0222	-45.58159357961	0.023 	5522085327031176064	  0.6616 	0.0274	 -4.983	0.048	  4.673	0.042	0	    22251.0 	      7.5427 	14.82  	0.0004	    11330.0  	      32.661   	15.2158	0.0031	     16025.0 	     21.436   	14.2499	0.0015	 0.9659	   --- 	 --- 	5255.75	1.31  	0.654 	  1.75	    2.117	  0.9  	LP_2219
-0.0228	 0.2374	-0.0355	 3193.795	  473.153	  857.402	1.211	15	 ---	130.47428119789	0.0179	-45.56673421703	0.0191	5522085430110215424	  0.6575 	0.0225	 -5.182	0.038	  4.608	0.034	0	    36469.0 	     11.419  	14.2836	0.0003	    20214.0  	      42.723   	14.5872	0.0023	     23968.0 	     27.954   	13.8129	0.0013	 0.7744	   --- 	 --- 	6409.71	0.6885	0.3673	  1.47	    3.266	  1.0  	LP_2219
-0.0728	 0.2348	-0.0132	  490.463	   48.288	  142.51 	1.318	14	 ---	130.48366774736	0.058 	-45.52125366556	0.0627	5522088861776044544	  0.7151 	0.072 	 -4.945	0.121	  4.613	0.112	0	     2983.9 	      6.0838 	17.0014	0.0022	     1196.4  	      24.776   	17.6567	0.0225	      2735.7 	     19.197   	16.1692	0.0076	 1.4875	   --- 	 --- 	4384.25	1.0565	0.5277	  0.97	    0.311	  0.8  	LP_2219
 0.1348	 0.3628	-0.1375	 3880.373	  749.214	  963.08 	1.195	14	 ---	130.70096599223	0.0173	-45.46695838777	0.0174	5522091438756079488	  0.6565 	0.0222	 -5.11 	0.037	  4.674	0.03 	0	    76683.0 	     19.762  	13.4766	0.0003	    47182.0  	      62.976   	13.6669	0.0014	     44436.0 	     46.14    	13.1426	0.0011	 0.5244	   --- 	 --- 	7146.0 	---   	---   	  1.72	    6.93 	  1.0  	LP_2219
-0.0578	 0.3021	-0.0478	  500.123	   69.769	  138.366	1.357	14	 ---	130.58629588117	0.0705	-45.50246413756	0.0779	5522091649222882176	  0.6374 	0.0895	 -5.029	0.149	  4.562	0.133	0	     2050.2 	      4.0994 	17.4089	0.0022	      755.81 	      10.833   	18.1554	0.0156	      2026.1 	     14.643   	16.4953	0.0078	 1.6601	   --- 	 --- 	   --- 	---   	---   	  --- 	    ---  	  0.7  	LP_2219
-0.1299	 0.0729	 0.0794	 1383.775	  143.383	  293.607	1.282	14	 ---	130.29116209702	0.0538	-45.50359946935	0.0522	5522100067358684416	  0.5705 	0.0643	 -5.204	0.119	  4.264	0.105	0	     3252.6 	      2.3505 	16.9078	0.0008	     1371.8  	       9.5672  	17.5082	0.0076	      2798.8 	      9.5324  	16.1445	0.0037	 1.3637	   --- 	 --- 	4865.76	0.9733	0.487 	  0.94	    0.45 	  0.7  	LP_2219
 0.1202	-0.0056	-0.2328	 3188.567	  588.661	 1060.355	1.239	16	 ---	130.42685522128	0.0189	-45.35714822182	0.0221	5522102438180323456	  0.645  	0.0248	 -5.029	0.041	  4.245	0.042	0	    21949.0 	      6.8836 	14.8348	0.0003	    10816.0  	      18.374   	15.2662	0.0018	     16380.0 	     15.447   	14.2261	0.001 	 1.0401	   --- 	 --- 	5130.5 	---   	---   	  1.9 	    2.242	  0.7  	LP_2219
 0.0344	 0.0282	-0.0701	 1730.141	  334.126	  633.564	1.248	16	 ---	130.15425199727	0.0283	-45.42350827327	0.0294	5522104018728527744	  0.6204 	0.0347	 -5.199	0.063	  4.569	0.054	0	    10529.0 	      6.0858 	15.6324	0.0006	     4886.0  	      14.623   	16.129 	0.0032	      8253.9 	     13.028   	14.9703	0.0017	 1.1587	   --- 	 --- 	4918.94	0.6713	0.348 	  1.52	    1.215	  1.0  	LP_2219
 0.0236	-0.0868	-0.0679	  468.281	  105.46 	  207.747	1.273	13	 ---	130.12156324871	0.0403	-45.43257954574	0.0354	5522104740283027840	  0.6385 	0.0436	 -5.077	0.085	  4.659	0.067	0	     7442.7 	     15.894  	16.009 	0.0023	     3394.4  	      32.187   	16.5245	0.0103	      6080.6 	     29.269   	15.3021	0.0052	 1.2224	   --- 	 --- 	4895.84	0.7352	0.367 	  1.26	    0.816	  1.0  	LP_2219
 0.1105	 0.0674	-0.1305	 3615.545	  726.929	 1242.878	1.228	16	 ---	130.51021347122	0.0165	-45.30797865505	0.0211	5522108657293005184	  0.6547 	0.0229	 -5.275	0.036	  4.75 	0.036	0	    37460.0 	     10.361  	14.2544	0.0003	    19560.0  	      26.907   	14.623 	0.0015	     26440.0 	     21.273   	13.7063	0.0009	 0.9167	   --- 	 --- 	5358.0 	---   	---   	  2.2 	    3.587	  0.7  	LP_2219
 0.1091	 0.2774	 0.0215	 1926.348	  344.878	  528.444	1.267	14	 ---	131.18796989925	0.0283	-45.7444567816 	0.0334	5522116937983580672	  0.6934 	0.0343	 -5.14 	0.06 	  4.728	0.064	0	    11138.0 	      5.7821 	15.5713	0.0006	     4843.9  	      14.045   	16.1384	0.0031	      9273.4 	     17.548   	14.8438	0.0021	 1.2946	   --- 	 --- 	4924.33	---   	---   	  1.39	    1.028	  0.8  	LP_2219
 0.0929	 0.1985	-0.1164	 4344.467	  752.366	 1151.1  	1.219	15	 ---	131.15103607665	0.0145	-45.7417201596 	0.0167	5522117178501738624	  0.5935 	0.0178	 -5.252	0.031	  4.711	0.031	0	    53486.0 	     12.311  	13.8678	0.0003	    28338.0  	      37.665   	14.2205	0.0014	     36858.0 	     32.02    	13.3456	0.0009	 0.8749	   --- 	 --- 	6040.77	---   	---   	  2.22	    5.924	  0.8  	LP_2219
 0.0997	 0.2745	-0.1065	 4347.616	  797.288	 1427.033	1.207	16	 ---	131.16660760947	0.0213	-45.72776358022	0.0249	5522117208560502656	  0.5949 	0.0266	 -5.161	0.045	  4.478	0.046	0	   144380.0 	     33.208  	12.7896	0.0003	    84030.0  	     105.39    	13.0403	0.0014	     90160.0 	     63.18    	12.3744	0.0008	 0.6659	   --- 	 --- 	6541.75	---   	---   	  3.09	   15.779	  0.9  	LP_2219
-0.003 	 0.1821	-0.0261	  772.24 	  125.476	  213.469	1.304	15	 ---	131.25203378082	0.0305	-45.66669134954	0.0365	5522117831336781696	  0.6313 	0.0377	 -5.093	0.062	  4.709	0.07 	0	     8111.3 	     10.504  	15.9156	0.0014	     3106.2  	      24.756   	16.6208	0.0087	      7470.9 	     34.997   	15.0785	0.0051	 1.5423	   --- 	 --- 	4348.0 	---   	---   	  1.85	    1.102	  0.8  	LP_2219
 0.015 	 0.2001	-0.0448	 2839.196	  651.135	  988.601	1.207	16	 ---	131.15341425458	0.0143	-45.72347588467	0.0176	5522117934415980544	  0.6586 	0.0187	 -5.045	0.031	  4.643	0.033	0	   119650.0 	     42.142  	12.9936	0.0004	    70493.0  	     108.26    	13.231 	0.0017	     73913.0 	     74.766   	12.5901	0.0011	 0.6409	   --- 	 --- 	6437.0 	---   	---   	  2.63	   10.676	  1.0  	LP_2219
 0.0015	 0.2664	-0.0681	 1971.464	  278.395	  734.451	1.271	15	 ---	131.13677564351	0.0242	-45.70256985237	0.027 	5522118003135450752	  0.6724 	0.0301	 -5.059	0.052	  4.648	0.05 	0	    14940.0 	      7.5779 	15.2525	0.0006	     6346.5  	      22.797   	15.845 	0.0039	     12644.0 	     17.216   	14.5072	0.0015	 1.3378	   --- 	 --- 	4661.47	---   	---   	  1.93	    1.579	  1.0  	LP_2219
 0.0106	 0.2597	-0.0484	 3067.243	  431.416	 1238.673	1.246	13	 ---	131.20392238933	0.0204	-45.6632205387 	0.0276	5522118518531535744	  0.6843 	0.0276	 -4.928	0.042	  4.616	0.056	1	    24378.0 	      7.9479 	14.7209	0.0004	    11392.0  	      26.405   	15.2099	0.0025	     18981.0 	     15.324   	14.0661	0.0009	 1.1438	   --- 	 --- 	4887.04	---   	---   	  2.13	    2.331	  0.8  	LP_2219
-0.007 	 0.1905	 0.0155	  721.253	  214.037	  235.433	1.282	14	 ---	131.21607073431	0.0305	-45.64073777342	0.0359	5522118690330090624	  0.6264 	0.0372	 -5.214	0.062	  4.361	0.068	0	     8285.1 	     11.487  	15.8926	0.0015	     3374.6  	      15.767   	16.5308	0.0051	      7243.5 	     30.767   	15.1121	0.0046	 1.4188	   --- 	 --- 	4446.0 	1.828 	0.913 	  1.76	    1.094	  0.8  	LP_2219
 0.0384	 0.157 	-0.0249	 1355.468	  326.494	  406.466	1.242	15	 ---	131.29057891538	0.0187	-45.61898963392	0.0226	5522119446244373632	  0.6931 	0.023 	 -5.153	0.039	  4.392	0.043	0	    23861.0 	     17.604  	14.7441	0.0008	    11660.0  	      35.713   	15.1846	0.0033	     17979.0 	     44.233   	14.125 	0.0027	 1.0596	   --- 	 --- 	5116.25	1.691 	0.8283	  1.85	    2.116	  1.0  	LP_2219
 0.0637	 0.1526	-0.0128	 2483.707	  461.982	  731.787	1.244	15	 ---	131.2242319553 	0.0232	-45.53002425948	0.0267	5522123672492110464	  0.6989 	0.0279	 -4.823	0.05 	  4.666	0.052	0	    15578.0 	      6.2722 	15.2071	0.0004	     7625.1  	      16.505   	15.6458	0.0024	     11753.0 	     16.061   	14.5866	0.0015	 1.0592	   --- 	 --- 	5123.44	0.836 	0.4045	  1.48	    1.357	  0.7  	LP_2219
 0.0843	 0.1349	-0.0176	 1837.489	  468.266	  547.076	1.218	15	 ---	131.22801949398	0.0156	-45.53088256501	0.018 	5522123672492113408	  0.6723 	0.0188	 -5.147	0.033	  4.598	0.035	0	    57735.0 	     31.421  	13.7848	0.0006	    30574.0  	      65.291   	14.138 	0.0023	     39719.0 	     72.603   	13.2644	0.002 	 0.8736	   --- 	 --- 	5901.5 	1.661 	0.8175	  2.14	    5.011	  1.0  	LP_2219
-0.0282	 0.1511	-0.0673	 2127.194	  354.51 	  634.129	1.249	15	 ---	131.41867969167	0.0294	-45.54246291922	0.0286	5522125768436277632	  0.7087 	0.031 	 -5.128	0.061	  4.355	0.052	0	    13448.0 	      6.3222 	15.3667	0.0005	     6442.0  	      18.172   	15.8288	0.0031	     10353.0 	     16.327   	14.7242	0.0017	 1.1046	   --- 	 --- 	5058.16	0.788 	0.413 	  1.4 	    1.154	  0.9  	LP_2219
 0.0936	 0.2706	-0.0789	 4594.094	  547.8  	  582.174	1.236	16	 ---	131.41744311318	0.0176	-45.41506402754	0.0197	5522127726941319552	  0.6493 	0.0217	 -5.091	0.038	  4.534	0.036	0	    34022.0 	      7.4055 	14.359 	0.0002	    17425.0  	      31.808   	14.7485	0.002 	     24617.0 	     42.285   	13.7838	0.0019	 0.9647	   --- 	 --- 	5332.0 	---   	---   	  2.14	    3.324	  0.9  	LP_2219
 0.083 	 0.3458	-0.0868	 1465.523	  637.701	  369.301	1.225	15	 ---	131.41800968274	0.0144	-45.39722902507	0.0159	5522129273129539456	  0.6941 	0.0181	 -5.134	0.032	  4.509	0.028	0	   110920.0 	     75.689  	13.0758	0.0007	    60282.0  	      94.53    	13.4009	0.0017	     75647.0 	    204.84    	12.5649	0.0029	 0.836 	   --- 	 --- 	5628.0 	---   	---   	  3.19	    9.19 	  1.0  	LP_2219
 0.0333	 0.2426	 0.006 	 2072.895	  367.135	  893.8  	1.315	15	 ---	131.50773004769	0.0271	-45.35843762327	0.0328	5522129582367225984	  0.6447 	0.0376	 -5.106	0.059	  4.267	0.055	0	    13451.0 	      6.4891 	15.3665	0.0005	     4838.3  	      13.179   	16.1396	0.003 	     12856.0 	     14.384   	14.4891	0.0012	 1.6505	   --- 	 --- 	4333.67	---   	---   	  2.36	    1.765	  0.7  	LP_2219
 0.0655	 0.1923	 0.018 	 4628.022	 1014.067	 1059.441	1.205	16	 ---	131.03752612907	0.0138	-45.45942921924	0.0155	5522136110717216000	  0.6366 	0.0174	 -5.038	0.03 	  4.642	0.03 	0	    80873.0 	     17.475  	13.4189	0.0002	    46617.0  	      45.97    	13.68  	0.0011	     50809.0 	     47.958   	12.9971	0.001 	 0.6829	   --- 	 --- 	6340.0 	---   	---   	  2.3 	    7.73 	  0.9  	LP_2219
 0.1373	 0.2108	-0.0264	 4088.2  	  917.356	 1217.61 	1.202	15	 ---	131.02324698142	0.0365	-45.44209460142	0.0387	5522136179436671872	  0.5825 	0.0433	 -5.079	0.075	  4.69 	0.072	0	    55528.0 	     13.582  	13.8271	0.0003	    32391.0  	      35.309   	14.0753	0.0012	     34377.0 	     28.233   	13.4213	0.0009	 0.6541	   --- 	 --- 	6539.0 	---   	---   	  1.96	    6.329	  0.8  	LP_2219
 0.1302	 0.2282	-0.1066	 4476.72 	  727.877	  536.379	1.199	15	 ---	131.16726139257	0.0155	-45.43672300677	0.0191	5522137175869206144	  0.588  	0.0199	 -5.103	0.033	  4.587	0.035	0	    69090.0 	     15.433  	13.5898	0.0002	    41673.0  	      57.253   	13.8017	0.0015	     41141.0 	     76.701   	13.2262	0.002 	 0.5755	   --- 	 --- 	6963.0 	---   	---   	  1.91	    7.753	  1.0  	LP_2219
 0.0657	 0.1128	-0.0087	 3398.758	  578.207	  855.423	1.218	15	 ---	131.15123955483	0.0195	-45.40281967596	0.0231	5522137450747083520	  0.5972 	0.0259	 -5.094	0.041	  4.615	0.043	0	    34021.0 	     10.01   	14.359 	0.0003	    18198.0  	      31.473   	14.7013	0.0019	     23244.0 	     27.173   	13.8461	0.0013	 0.8552	   --- 	 --- 	5782.0 	---   	---   	  1.93	    3.766	  0.9  	LP_2219
 0.0116	 0.1795	-0.0797	  743.054	  183.129	  236.087	1.297	16	 ---	130.97218917499	0.0443	-45.38512591749	0.0507	5522139684129911936	  0.6496 	0.0559	 -5.016	0.093	  4.399	0.107	0	     4029.9 	      5.4234 	16.6751	0.0015	     1559.1  	       8.5137  	17.3692	0.0059	      3667.9 	     15.536   	15.8509	0.0046	 1.5183	   --- 	 --- 	4351.73	---   	---   	  1.26	    0.516	  0.8  	LP_2219
 0.0119	 0.1647	-0.1252	 1808.213	  284.681	  306.894	1.284	15	 ---	130.82521340101	0.0252	-45.31956078874	0.0293	5522187577303954944	  0.6909 	0.0312	 -5.131	0.052	  4.627	0.056	0	     9652.4 	      5.3381 	15.7268	0.0006	     4363.3  	      15.327   	16.2518	0.0038	      8029.1 	     26.162   	15.0003	0.0035	 1.2516	   --- 	 --- 	4877.47	---   	---   	  1.33	    0.907	  1.0  	LP_2219
-0.3047	 0.0727	-0.1664	  905.102	    ---  	    ---  	---  	11	 ---	130.954281854  	0.0201	-45.25359305819	0.0373	5522189505752445312	  0.6322 	0.0235	 -5.039	0.042	  4.634	0.065	0	    40103.0 	     44.307  	14.1804	0.0012	        ---  	       ---     	 ---   	---   	         --- 	      ---     	 ---   	---   	 ---   	   --- 	 --- 	   --- 	---   	---   	  --- 	    ---  	  1.0  	LP_2219
 0.0087	 0.0686	-0.0873	 2797.295	  466.208	  651.085	1.245	16	 ---	130.74576896224	0.0218	-45.19894616342	0.0245	5522192838646856960	  0.6631 	0.0276	 -5.132	0.048	  4.708	0.047	0	    17771.0 	      6.3531 	15.0641	0.0004	     8540.3  	      18.319   	15.5227	0.0023	     13583.0 	     20.862   	14.4295	0.0017	 1.0932	   --- 	 --- 	5049.49	1.593 	0.8183	  1.73	    1.744	  0.9  	LP_2219
 0.1194	 0.2574	-0.2904	  673.844	   58.457	  104.61 	1.303	15	 ---	130.56913135194	0.0894	-44.9632685745 	0.1033	5522211113720469248	  0.6617 	0.1254	 -5.175	0.192	  4.819	0.19 	0	     1341.4 	      1.9906 	17.8695	0.0016	      487.52 	       8.3398  	18.6314	0.0186	      1260.0 	     12.044   	17.011 	0.0104	 1.6204	   --- 	 --- 	   --- 	---   	---   	  --- 	    ---  	  0.7  	LP_2219
 0.0455	 0.1826	-0.0949	 4105.996	  613.048	  966.237	1.199	16	 ---	129.87711946468	0.0219	-45.45172263948	0.0236	5522268120834384256	  0.6917 	0.0264	 -4.978	0.046	  4.753	0.043	0	   131480.0 	     32.022  	12.8912	0.0003	    81333.0  	     132.67    	13.0757	0.0018	     76352.0 	     79.02    	12.5549	0.0011	 0.5209	   --- 	 --- 	7239.75	---   	---   	  2.08	   10.732	  0.8  	LP_2219
-0.0094	-0.0943	-0.0352	  377.808	   68.994	  106.648	1.298	16	 ---	129.95394468877	0.0435	-45.45452842613	0.0477	5522268842388874496	  0.7849 	0.0536	 -5.059	0.102	  4.726	0.092	0	     4806.1 	     12.721  	16.4839	0.0029	     1927.4  	      27.936   	17.139 	0.0157	      4312.1 	     40.434   	15.6752	0.0102	 1.4638	   --- 	 --- 	4358.0 	---   	---   	  1.14	    0.421	  0.7  	LP_2219
 0.0743	 0.0651	 0.0091	 3229.242	  712.772	 1368.183	1.191	16	 ---	129.99740927809	0.0234	-45.30443945993	0.0264	5522270732174171392	  0.6548 	0.0295	 -5.044	0.05 	  4.519	0.05 	0	   457100.0 	    141.55   	11.5383	0.0003	   287320.0  	     403.1     	11.7055	0.0015	    257280.0 	    188.04    	11.2359	0.0008	 0.4696	   --- 	 --- 	7671.0 	1.1005	0.568 	  3.69	   42.497	  0.9  	LP_2219
-0.0591	 0.07  	 0.0357	 3930.302	  645.053	  956.272	1.206	14	 ---	130.08865183757	0.019 	-45.3474289583 	0.0184	5522292859847015168	  0.6051 	0.0226	 -5.09 	0.04 	  4.738	0.036	0	    38332.0 	      9.753  	14.2295	0.0003	    21639.0  	      33.546   	14.5133	0.0017	     24590.0 	     25.715   	13.785 	0.0011	 0.7283	   --- 	 --- 	6197.0 	---   	---   	  1.75	    4.066	  0.9  	LP_2219
-0.0574	 0.1271	 0.0652	  868.095	  114.153	  218.38 	1.266	13	 ---	130.08988535797	0.0543	-45.33796768542	0.051 	5522293164775926144	  0.6459 	0.0647	 -5.198	0.121	  4.566	0.105	0	     4181.9 	      4.8173 	16.6349	0.0013	     1820.5  	      15.948   	17.2009	0.0095	      3474.6 	     15.911   	15.9096	0.005 	 1.2913	   --- 	 --- 	5003.75	---   	---   	  0.88	    0.437	  0.9  	LP_2219
-0.0472	 0.1901	 0.138 	  833.933	  160.799	  229.427	1.305	15	 ---	129.9992326177 	0.036 	-45.13238809492	0.0424	5522299182038460032	  0.657  	0.0484	 -4.947	0.075	  4.557	0.081	0	     5790.2 	      6.9432 	16.2816	0.0013	     2127.6  	      13.232   	17.0317	0.0068	      5427.6 	     23.657   	15.4254	0.0047	 1.6063	   --- 	 --- 	4320.75	1.9925	0.9713	  1.53	    0.736	  0.7  	LP_2219
 0.1767	 0.1897	-0.0818	 3429.528	  564.38 	  822.089	1.244	14	 ---	130.12159023847	0.0204	-45.150237814  	0.0213	5522299559995734784	  0.6195 	0.0244	 -5.214	0.041	  4.504	0.041	0	    23956.0 	      6.9851 	14.7398	0.0003	    11512.0  	      20.398   	15.1985	0.0019	     18287.0 	     22.245   	14.1066	0.0013	 1.0919	   --- 	 --- 	5044.2 	1.979 	1.0127	  2.15	    2.697	  0.7  	LP_2219
 0.0918	 0.242 	-0.1158	 1726.944	  360.641	  305.667	1.269	16	 ---	130.28002419829	0.0284	-45.14759635238	0.0281	5522301862098361344	  0.7064 	0.0333	 -4.928	0.058	  4.31 	0.053	0	     9345.6 	      5.4116 	15.7618	0.0006	     4074.8  	      11.299   	16.3261	0.003 	      7786.3 	     25.473   	15.0336	0.0036	 1.2925	   --- 	 --- 	4948.84	---   	---   	  1.24	    0.826	  0.7  	LP_2219
 0.0705	 0.2132	-0.1445	 1920.224	  368.548	  318.697	1.25 	16	 ---	130.516626952  	0.0266	-44.91432991311	0.027 	5522398756555768448	  0.7014 	0.0323	 -5.199	0.054	  4.692	0.053	0	    12309.0 	      6.41   	15.4628	0.0006	     5994.9  	      16.266   	15.9069	0.0029	      9395.5 	     29.481   	14.8296	0.0034	 1.0773	   --- 	 --- 	4998.86	0.7943	0.3845	  1.39	    1.091	  0.8  	LP_2219
