pmRApmDEcor	PlxpmRAcor	PlxpmDEcor	RFG	RFBP	RFRP	E(BR/RP)	Nper	[Fe/H]temp	RAdeg	e_RAdeg	DEdeg	e_DEdeg	Source	Plx	e_Plx	pmRA	e_pmRA	pmDE	e_pmDE	Dup	FG	e_FG	Gmag	e_Gmag	FBP	e_FBP	BPmag	e_BPmag	FRP	e_FRP	RPmag	e_RPmag	BP-RP	RV	e_RV	Teff	AG	E(BR-RP)	Rad	Lum	Pmemb	Cluster
---	---	---	---	---	---	---	---	---	deg	mas	deg	mas	---	mas	mas	mas/yr	mas/yr	mas/yr	mas/yr	---	e-/s	e-/s	mag	mag	e-/s	e-/s	mag	mag	e-/s	e-/s	mag	mag	mag	km/s	km/s	K	mag	mag	solRad	solLum	---	---
-------	-------	-------	---------	---------	---------	-----	--	----	---------------	------	---------------	------	-------------------	---------	------	-------	-----	-------	-----	-	------------	-------------	-------	------	-------------	---------------	-------	------	-------------	--------------	-------	------	-------	-------	-----	-------	------	------	------	---------	-------	--------------------
-0.0248	 0.1173	-0.0736	 1408.328	   69.535	  282.769	1.263	12	 ---	129.88286871779	0.037 	-46.28740510955	0.0499	5521622020319346048	  0.5101 	0.0495	 -5.96 	0.08 	  4.971	0.112	0	     6788.0 	      4.8199 	16.109 	0.0008	     3116.8  	      44.824   	16.6171	0.0156	      5458.0 	     19.302   	15.4193	0.0038	 1.1978	   --- 	 --- 	4913.0 	1.332 	0.6563	  1.49	    1.161	  0.5  	NGC_2645
-0.1186	 0.096 	 0.1154	 2388.044	  313.647	  342.326	1.228	14	 ---	129.85903379682	0.0204	-46.30097022241	0.0275	5521668818286044928	  0.498  	0.0252	 -5.959	0.043	  5.166	0.053	0	    26279.0 	     11.005  	14.6393	0.0005	    14805.0  	      47.202   	14.9254	0.0035	     17458.0 	     50.999   	14.1569	0.0032	 0.7685	   --- 	 --- 	6019.01	---   	---   	  1.87	    4.137	  0.5  	NGC_2645
 0.1222	-0.0129	-0.1173	 1411.31 	  170.979	  436.69 	1.262	14	 ---	129.74195986837	0.029 	-46.24794883164	0.03  	5521669814718384000	  0.5075 	0.0341	 -6.009	0.065	  5.181	0.059	0	    11463.0 	      8.1221 	15.5401	0.0008	     5174.6  	      30.265   	16.0667	0.0064	      9292.0 	     21.278   	14.8416	0.0025	 1.225 	   --- 	 --- 	4870.0 	---   	---   	  1.99	    2.001	  0.4  	NGC_2645
-0.1992	 0.0059	 0.2111	  648.658	   74.525	  175.702	1.289	13	 ---	129.8621875355 	0.0447	-46.28982434525	0.0517	5521668921365259264	  0.4734 	0.0583	 -6.009	0.1  	  5.047	0.113	0	     4752.0 	      7.3259 	16.4962	0.0017	     2129.8  	      28.578   	17.0305	0.0146	      3997.8 	     22.753   	15.7574	0.0062	 1.2732	   --- 	 --- 	4917.87	---   	---   	  1.34	    0.942	  0.6  	NGC_2645
 0.0746	 0.0999	-0.0908	 3407.099	  746.21 	  587.034	1.203	15	 ---	129.65640163436	0.016 	-46.20244873251	0.0171	5521673800447988480	  0.5065 	0.0198	 -5.955	0.036	  5.003	0.032	0	    63314.0 	     18.583  	13.6846	0.0003	    37935.0  	      50.836   	13.9038	0.0015	     38240.0 	     65.14    	13.3056	0.0018	 0.5982	   --- 	 --- 	6797.0 	---   	---   	  2.23	    9.554	  0.5  	NGC_2645
-0.0663	 0.108 	 0.037 	 3335.753	  566.023	  575.572	1.203	14	 ---	129.8660061275 	0.0184	-46.29587576102	0.022 	5521668921365261568	  0.4925 	0.0229	 -5.841	0.039	  5.051	0.043	0	    34569.0 	     10.363  	14.3416	0.0003	    20248.0  	      35.773   	14.5854	0.0019	     21336.0 	     37.07    	13.9391	0.0019	 0.6463	   --- 	 --- 	6634.5 	1.247 	0.652 	  1.78	    5.512	  0.6  	NGC_2645
 0.0433	 0.273 	 0.0283	  380.163	   59.668	   83.701	1.309	15	 ---	129.88201330546	0.0619	-46.26754219301	0.0707	5521668955724999552	  0.4577 	0.0771	 -5.988	0.132	  5.03 	0.135	0	     2758.8 	      7.2568 	17.0866	0.0029	     1030.7  	      17.274   	17.8185	0.0182	      2581.8 	     30.846   	16.2321	0.013 	 1.5864	   --- 	 --- 	   --- 	---   	---   	  --- 	    ---  	  0.3  	NGC_2645
-0.0132	-0.2886	-0.1255	 1247.739	  217.312	  261.151	1.263	13	 ---	129.75788958183	0.0402	-46.24481696057	0.0446	5521669849078131200	  0.5615 	0.0541	 -5.823	0.1  	  5.052	0.087	0	     7553.1 	      6.0534 	15.9931	0.0009	     3526.1  	      16.226   	16.4831	0.005 	      6015.5 	     23.035   	15.3137	0.0042	 1.1694	   --- 	 --- 	4931.68	1.063 	0.5333	  1.41	    1.061	  0.8  	NGC_2645
 0.0411	 0.1492	-0.0242	 3301.666	  622.914	  763.6  	1.197	15	 ---	129.76992116224	0.014 	-46.15820382635	0.0194	5521673628649045760	  0.5499 	0.0181	 -5.896	0.031	  5.021	0.035	0	    86822.0 	     26.297  	13.3418	0.0003	    55632.0  	      89.31    	13.4881	0.0017	     48260.0 	     63.2     	13.053 	0.0014	 0.4351	   --- 	 --- 	7606.03	1.0393	0.492 	  1.94	   11.399	  1.0  	NGC_2645
-0.0082	-0.0105	 0.0244	 1087.807	  186.784	  208.411	1.257	13	 ---	129.65781831338	0.0392	-46.18770452273	0.0424	5521673834807723264	  0.5439 	0.0515	 -5.68 	0.092	  5.227	0.082	0	     7038.0 	      6.4699 	16.0697	0.001 	     3178.0  	      17.014   	16.596 	0.0058	      5669.4 	     27.203   	15.3781	0.0052	 1.2179	   --- 	 --- 	4853.5 	1.045 	0.515 	  1.47	    1.074	  0.5  	NGC_2645
-0.1044	-0.0174	 0.1526	 1086.993	  215.196	  214.256	1.282	14	 ---	129.80753318203	0.0248	-46.27963433966	0.0292	5521669127523662336	  0.5658 	0.0301	 -5.925	0.055	  5.203	0.057	0	    19945.0 	     18.349  	14.9388	0.001 	     8330.2  	      38.71    	15.5497	0.005 	     17242.0 	     80.473   	14.1705	0.0051	 1.3793	   --- 	 --- 	4865.34	---   	---   	  2.36	    2.805	  0.4  	NGC_2645
-0.0272	-0.1939	 0.0057	 2893.054	  534.514	  480.92 	1.205	14	 ---	129.74361343192	0.0173	-46.22336683282	0.0186	5521672799707549568	  0.4905 	0.0216	 -5.813	0.043	  5.207	0.036	0	    53714.0 	     18.566  	13.8632	0.0004	    31802.0  	      59.497   	14.0953	0.002 	     32907.0 	     68.426   	13.4687	0.0023	 0.6266	   --- 	 --- 	6776.67	1.452 	0.733 	  2.13	    8.64 	  0.7  	NGC_2645
-0.1324	 0.0927	 0.0408	  640.063	   98.079	  200.922	1.316	13	 ---	129.84513381139	0.0475	-46.21963826537	0.0549	5521671532705347712	  0.6055 	0.0572	 -5.819	0.105	  5.229	0.111	0	     4087.4 	      6.3859 	16.6597	0.0017	     1457.7  	      14.863   	17.4422	0.0111	      3922.8 	     19.524   	15.7779	0.0054	 1.6643	   --- 	 --- 	4278.25	1.9618	1.009 	  1.44	    0.625	  0.5  	NGC_2645
-0.0275	 0.1493	-0.0294	 3443.76 	  559.423	  938.75 	1.205	15	 ---	129.79419054607	0.0181	-46.29102518763	0.0199	5521668749566536576	  0.4862 	0.0227	 -5.725	0.037	  5.107	0.036	0	    41620.0 	     12.085  	14.1401	0.0003	    24381.0  	      43.583   	14.3837	0.0019	     25762.0 	     27.443   	13.7345	0.0012	 0.6493	   --- 	 --- 	6488.5 	1.0173	0.514 	  2.07	    6.811	  0.8  	NGC_2645
-0.0037	 0.1836	-0.0036	 1973.191	  110.89 	  111.737	1.297	14	 ---	129.87547285449	0.0249	-46.25784976036	0.0296	5521669024444471296	  0.5629 	0.0303	 -5.822	0.052	  5.563	0.056	0	    14575.0 	      7.3864 	15.2794	0.0006	     7533.6  	      67.938   	15.6589	0.0098	     11377.0 	    101.82    	14.6219	0.0097	 1.037 	   --- 	 --- 	5168.74	---   	---   	  1.74	    1.941	  0.3  	NGC_2645
-0.0444	 0.0872	-0.0471	  526.134	   37.955	   54.009	1.429	15	 ---	129.78865830494	0.0962	-46.23928239666	0.1058	5521670192669429632	  0.5799 	0.1159	 -5.866	0.209	  4.76 	0.206	0	     1249.0 	      2.3739 	17.9469	0.0021	      479.59 	      12.636   	18.6492	0.0286	      1305.0 	     24.162   	16.9729	0.0201	 1.6763	   --- 	 --- 	   --- 	---   	---   	  --- 	    ---  	  0.5  	NGC_2645
 0.0441	-0.0842	-0.0317	  515.176	   71.017	   98.81 	1.403	14	 ---	129.79593435765	0.0746	-46.21646840207	0.0897	5521670291446665856	  0.4939 	0.0899	 -6.068	0.173	  5.427	0.185	0	     2039.6 	      3.959  	17.4145	0.0021	      729.97 	      10.279   	18.1931	0.0153	      2132.4 	     21.581   	16.4397	0.011 	 1.7534	   --- 	 --- 	   --- 	---   	---   	  --- 	    ---  	  0.5  	NGC_2645
-0.1123	-0.0052	 0.0886	  913.251	  132.432	  253.924	1.273	14	 ---	129.81251078927	0.0423	-46.30385324005	0.0486	5521668680847071872	  0.5995 	0.0547	 -6.001	0.093	  5.26 	0.097	0	     4878.8 	      5.3423 	16.4676	0.0012	     2130.4  	      16.087   	17.0302	0.0082	      4081.4 	     16.073   	15.7349	0.0043	 1.2953	   --- 	 --- 	4863.31	0.9983	0.4998	  1.1 	    0.611	  0.5  	NGC_2645
 0.0876	 0.3427	 0.0238	 3263.789	  318.369	  909.789	1.207	13	 ---	129.77553415769	0.0228	-46.25866306608	0.0216	5521669574200239360	  0.5611 	0.0283	 -5.864	0.045	  5.212	0.037	0	    43476.0 	     13.321  	14.0928	0.0003	    25328.0  	      79.554   	14.3424	0.0034	     27155.0 	     29.847   	13.6773	0.0012	 0.6651	   --- 	 --- 	6475.77	1.0818	0.5093	  1.84	    5.343	  0.5  	NGC_2645
 0.0041	 0.236 	-0.0179	 4015.901	  392.704	  775.301	1.206	14	 ---	129.76685550332	0.0158	-46.28365127072	0.0168	5521669471121027456	  0.4918 	0.0205	 -6.014	0.034	  4.837	0.031	0	    87346.0 	     21.75   	13.3353	0.0003	    53728.0  	     136.81    	13.5259	0.0028	     51645.0 	     66.613   	12.9793	0.0014	 0.5466	   --- 	 --- 	6980.0 	0.517 	0.3253	  2.56	   14.011	  0.5  	NGC_2645
-0.1612	 0.035 	 0.2396	 1037.431	  133.73 	  187.088	1.268	13	 ---	129.8398539562 	0.0439	-46.28723818525	0.0494	5521668887005510784	  0.5206 	0.0566	 -5.882	0.098	  5.026	0.109	0	     5239.9 	      5.0508 	16.3901	0.001 	     2343.8  	      17.526   	16.9266	0.0081	      4300.8 	     22.988   	15.678 	0.0058	 1.2486	   --- 	 --- 	4895.06	1.168 	0.5842	  1.29	    0.864	  0.4  	NGC_2645
-0.0192	 0.1612	-0.0259	 4068.186	  530.673	  568.115	1.212	15	 ---	129.86824246112	0.017 	-46.24188775464	0.0207	5521670708071643392	  0.5575 	0.0209	 -5.949	0.036	  5.075	0.039	0	    38431.0 	      9.4466 	14.2267	0.0003	    22356.0  	      42.128   	14.4779	0.002 	     24221.0 	     42.633   	13.8015	0.0019	 0.6764	   --- 	 --- 	6641.0 	1.0405	0.4618	  1.65	    4.782	  0.7  	NGC_2645
-0.0165	 0.0425	 0.0265	 1872.559	  311.431	  101.077	1.237	13	 ---	129.83411966901	0.0183	-46.27502578345	0.0222	5521669093163934592	  0.6103 	0.0231	 -5.952	0.041	  5.081	0.041	0	    80230.0 	     42.845  	13.4275	0.0006	    51155.0  	     164.26    	13.5792	0.0035	     48122.0 	    476.09    	13.0561	0.0107	 0.5231	   --- 	 --- 	7079.81	---   	---   	  1.92	    8.374	  0.5  	NGC_2645
 0.0004	 0.1927	-0.0237	 2334.42 	  249.941	  463.922	1.247	15	 ---	129.87040117922	0.026 	-46.23205130189	0.0311	5521670708071640832	  0.5679 	0.0318	 -5.351	0.055	  4.283	0.059	0	    12614.0 	      5.4033 	15.4363	0.0005	     5931.9  	      23.733   	15.9184	0.0043	      9800.6 	     21.126   	14.7838	0.0023	 1.1346	   --- 	 --- 	5002.56	1.472 	0.737 	  1.74	    1.705	  0.2  	NGC_2645
 0.1057	 0.1239	-0.1102	 2183.233	  198.15 	  403.933	1.254	15	 ---	129.70028333858	0.0248	-46.15893959884	0.0308	5521674350203516672	  0.5055 	0.034 	 -5.756	0.056	  5.225	0.053	0	    14135.0 	      6.4743 	15.3126	0.0005	     6597.8  	      33.297   	15.8029	0.0055	     11123.0 	     27.536   	14.6464	0.0027	 1.1565	   --- 	 --- 	4983.92	---   	---   	  2.09	    2.42 	  0.6  	NGC_2645
-0.0798	 0.1987	 0.0592	  608.393	   65.094	   79.998	1.347	14	 ---	129.87601636071	0.0779	-46.2492902746 	0.0916	5521670501913219456	  0.5716 	0.0997	 -5.786	0.165	  5.031	0.188	0	     1955.7 	      3.2145 	17.4601	0.0018	      725.54 	      11.146   	18.1997	0.0167	      1908.1 	     23.852   	16.5604	0.0136	 1.6393	   --- 	 --- 	   --- 	---   	---   	  --- 	    ---  	  0.4  	NGC_2645
-0.1089	 0.0982	 0.1229	 2110.696	  296.495	  726.791	1.228	14	 ---	129.84086045119	0.0234	-46.30442000793	0.031 	5521668783926301568	  0.5392 	0.029 	 -5.914	0.049	  5.301	0.059	0	    17838.0 	      8.4514 	15.06  	0.0005	     9171.7  	      30.934   	15.4453	0.0037	     12738.0 	     17.527   	14.4992	0.0015	 0.9461	   --- 	 --- 	5252.0 	---   	---   	  1.93	    2.556	  0.2  	NGC_2645
 0.0682	 0.1473	-0.1715	 1409.963	  158.286	  412.291	1.252	13	 ---	129.88222673659	0.032 	-46.23960087373	0.0428	5521670708071649408	  0.4782 	0.0423	 -5.768	0.069	  4.96 	0.089	0	     8520.3 	      6.0429 	15.8622	0.0008	     3946.6  	      24.933   	16.3608	0.0069	      6717.5 	     16.293   	15.1939	0.0026	 1.1669	   --- 	 --- 	4896.9 	1.7635	0.8613	  1.79	    1.664	  0.5  	NGC_2645
 0.235 	 0.1799	 0.0026	 1620.084	  512.177	  583.856	1.173	13	 ---	129.76910949913	0.0361	-46.22945452687	0.0324	5521670227035254400	  0.4821 	0.0368	 -5.964	0.075	  5.025	0.06 	0	  5517700.0 	   3405.8    	 8.834 	0.0007	  3620200.0  	    7068.2     	 8.9546	0.0021	   2852500.0 	   4885.7     	 8.6238	0.0019	 0.3307	   --- 	 --- 	8048.0 	---   	---   	  --- 	    ---  	  0.8  	NGC_2645
 0.0144	-0.5136	-0.0493	  260.96 	   12.86 	   36.77 	1.576	12	 ---	129.76698057161	0.1327	-46.24119571797	0.1338	5521670158316088320	  0.458  	0.1745	 -5.725	0.449	  5.052	0.261	0	     1343.4 	      5.1478 	17.8679	0.0042	      532.73 	      41.426   	18.5351	0.0844	      1584.4 	     43.089   	16.7623	0.0295	 1.7728	   --- 	 --- 	   --- 	---   	---   	  --- 	    ---  	  0.2  	NGC_2645
 0.0065	-0.1103	-0.0556	  576.586	   92.761	  144.884	1.326	13	 ---	129.76756575892	0.0301	-46.24037221368	0.0328	5521670158316088192	  0.5481 	0.0378	 -6.047	0.071	  4.898	0.065	0	    11183.0 	     19.396  	15.5669	0.0019	     4545.8  	      49.005   	16.2074	0.0117	     10288.0 	     71.008   	14.7311	0.0075	 1.4763	   --- 	 --- 	4407.0 	---   	---   	  2.4 	    1.963	  0.6  	NGC_2645
 0.004 	-0.03  	-0.0343	 1628.742	  159.291	  253.575	1.24 	13	 ---	129.7672867582 	0.0256	-46.22969870851	0.0377	5521670222727468672	  0.5415 	0.0316	 -6.094	0.056	  5.304	0.067	0	   268510.0 	    164.86   	12.116 	0.0007	   177060.0  	    1111.5     	12.2311	0.0068	    155770.0 	    614.29    	11.7807	0.0043	 0.4504	   --- 	 --- 	7291.0 	---   	---   	  3.75	   35.818	  0.3  	NGC_2645
 0.0067	 0.1896	-0.0469	  658.448	   38.939	   80.644	1.295	15	 ---	129.86227789342	0.0858	-46.25891259111	0.1007	5521669230602895872	  0.4972 	0.1057	 -5.198	0.178	  4.627	0.203	0	     1470.3 	      2.233  	17.7698	0.0016	      662.09 	      17.003   	18.2991	0.0279	      1241.9 	     15.4     	17.0267	0.0135	 1.2724	   --- 	 --- 	   --- 	---   	---   	  --- 	    ---  	  0.3  	NGC_2645
-0.1019	 0.2421	 0.0182	  598.563	  152.941	  142.75 	1.288	14	 ---	129.87367959854	0.0373	-46.25000220222	0.0457	5521670708071648640	  0.5565 	0.0489	 -5.935	0.08 	  5.269	0.086	0	     7282.4 	     12.166  	16.0327	0.0018	     3229.3  	      21.114   	16.5786	0.0071	      6153.7 	     43.108   	15.2891	0.0076	 1.2896	   --- 	 --- 	4864.43	1.4445	0.742 	  1.45	    1.059	  0.4  	NGC_2645
-0.0028	 0.1918	-0.049 	  345.995	   32.264	   88.07 	1.338	15	 ---	129.88163137234	0.0859	-46.23731403115	0.1031	5521670708071648384	  0.5484 	0.108 	 -5.659	0.178	  4.886	0.196	0	     1467.3 	      4.2407 	17.7721	0.0031	      497.16 	      15.409   	18.6102	0.0337	      1466.3 	     16.649   	16.8464	0.0123	 1.7638	   --- 	 --- 	   --- 	---   	---   	  --- 	    ---  	  0.4  	NGC_2645
 0.0113	 0.3772	-0.0523	 3214.822	  545.723	  650.256	1.199	14	 ---	129.8633331063 	0.0204	-46.26640732955	0.0243	5521669024444468736	  0.4983 	0.0263	 -5.883	0.042	  5.203	0.042	0	    46751.0 	     14.542  	14.0139	0.0003	    28149.0  	      51.582   	14.2277	0.002 	     27894.0 	     42.897   	13.6482	0.0017	 0.5796	   --- 	 --- 	6958.75	---   	---   	  1.86	    7.304	  0.6  	NGC_2645
-0.0197	-0.107 	-0.0305	 1080.637	  182.537	  257.435	1.262	14	 ---	129.65605630682	0.0439	-46.1774969225 	0.0446	5521674040966150272	  0.514  	0.0527	 -5.832	0.107	  4.938	0.095	0	     5030.8 	      4.6554 	16.4343	0.001 	     2134.8  	      11.695   	17.028 	0.0059	      4216.3 	     16.378   	15.6996	0.0042	 1.3284	   --- 	 --- 	4874.23	1.337 	0.6933	  1.3 	    0.855	  0.3  	NGC_2645
-0.0683	 0.2145	-0.075 	 2383.012	  211.011	  326.84 	1.235	15	 ---	129.89476863592	0.0246	-46.2665952367 	0.031 	5521670433193752320	  0.5087 	0.0303	 -5.948	0.052	  5.091	0.056	0	    15577.0 	      6.5365 	15.2072	0.0005	     7885.6  	      37.37    	15.6093	0.0051	     11355.0 	     34.742   	14.624 	0.0033	 0.9854	   --- 	 --- 	5207.56	---   	---   	  1.95	    2.525	  0.7  	NGC_2645
-0.0952	-0.1315	 0.1182	  989.016	  135.503	  240.592	1.261	12	 ---	129.87551986693	0.0435	-46.28938296596	0.0512	5521668921365263104	  0.4277 	0.0576	 -5.901	0.101	  4.907	0.11 	0	     5616.6 	      5.6789 	16.3147	0.0011	     2505.8  	      18.493   	16.854 	0.008 	      4576.1 	     19.02    	15.6107	0.0045	 1.2433	   --- 	 --- 	4903.98	---   	---   	  1.62	    1.369	  0.3  	NGC_2645
-0.0258	 0.2557	 0.0029	  798.755	   48.629	  118.71 	1.292	14	 ---	129.90304671392	0.0835	-46.24741807819	0.095 	5521670467553489792	  0.4579 	0.1023	 -5.3  	0.176	  4.742	0.183	0	     1772.3 	      2.2188 	17.567 	0.0014	      682.29 	      14.03    	18.2665	0.0223	      1608.0 	     13.546   	16.7462	0.0091	 1.5203	   --- 	 --- 	   --- 	---   	---   	  --- 	    ---  	  0.1  	NGC_2645
 0.0726	 0.1283	-0.2167	 3023.781	  498.647	  454.518	1.212	13	 ---	129.81819049587	0.0212	-46.21396139108	0.0267	5521670123956059776	  0.5552 	0.0257	 -6.154	0.046	  5.32 	0.05 	1	    27207.0 	      8.9976 	14.6017	0.0004	    15091.0  	      30.263   	14.9046	0.0022	     17884.0 	     39.348   	14.1307	0.0024	 0.7739	   --- 	 --- 	6428.11	---   	---   	  1.49	    3.416	  0.4  	NGC_2645
 0.0398	 0.0612	-0.0269	 1483.681	  218.212	  308.525	1.271	12	 ---	129.69484933857	0.0457	-46.17246899544	0.0464	5521673903527212288	  0.5216 	0.0567	 -5.925	0.113	  5.155	0.099	0	     6308.1 	      4.2517 	16.1886	0.0007	     2689.6  	      12.326   	16.7772	0.005 	      5329.6 	     17.274   	15.4452	0.0035	 1.332 	   --- 	 --- 	4723.61	---   	---   	  1.56	    1.087	  0.5  	NGC_2645
 0.2601	 0.2437	-0.1171	 2343.055	  347.479	  505.679	1.235	14	 ---	129.7637563173 	0.0264	-46.15247947735	0.0297	5521673628649041280	  0.5331 	0.0327	 -6.073	0.06 	  5.116	0.055	0	    14546.0 	      6.2081 	15.2815	0.0005	     7371.1  	      21.213   	15.6826	0.0031	     10590.0 	     20.942   	14.6997	0.0021	 0.9829	   --- 	 --- 	5175.0 	---   	---   	  1.83	    2.158	  0.1  	NGC_2645
 0.166 	 0.1494	-0.161 	 2072.207	  194.804	  162.475	1.308	16	 ---	129.76568835594	0.0243	-46.17772336085	0.0288	5521673388130882304	  0.5431 	0.0306	 -6.059	0.055	  4.957	0.054	0	    12978.0 	      6.2628 	15.4054	0.0005	     6615.5  	      33.96    	15.8   	0.0056	     10353.0 	     63.721   	14.7243	0.0067	 1.0757	   --- 	 --- 	5030.62	---   	---   	  1.82	    1.906	  0.4  	NGC_2645
-0.0151	 0.1432	-0.1066	 3236.655	  470.82 	  543.278	1.197	14	 ---	129.87377250093	0.0192	-46.2730002165 	0.0228	5521668955725136384	  0.4887 	0.0227	 -5.917	0.041	  5.068	0.041	1	    39880.0 	     12.321  	14.1865	0.0003	    24112.0  	      51.212   	14.3958	0.0023	     23620.0 	     43.476   	13.8287	0.002 	 0.5671	   --- 	 --- 	7166.5 	---   	---   	  1.65	    6.506	  0.9  	NGC_2645
 0.0996	 0.0466	-0.1089	 3148.218	  760.849	 1142.673	1.254	15	 ---	129.6722924798 	0.021 	-46.19299889208	0.0225	5521673766088254080	  0.4482 	0.0259	 -5.304	0.047	  5.636	0.043	0	    24047.0 	      7.6384 	14.7357	0.0003	    10716.0  	      14.084   	15.2763	0.0014	     19433.0 	     17.007   	14.0406	0.001 	 1.2358	   --- 	 --- 	4896.99	---   	---   	  3.21	    5.345	  0.1  	NGC_2645
 0.1603	-0.1783	-0.2107	  475.916	   83.824	  120.517	1.304	15	 ---	129.7396362057 	0.0603	-46.20030320111	0.0648	5521673246378165120	  0.5768 	0.0755	 -5.994	0.148	  5.207	0.126	0	     2930.2 	      6.1569 	17.0211	0.0023	     1048.6  	      12.509   	17.7999	0.013 	      2773.7 	     23.015   	16.1543	0.009 	 1.6456	   --- 	 --- 	4257.73	---   	---   	  1.3 	    0.499	  0.6  	NGC_2645
-0.1167	-0.1338	 0.3666	  451.23 	  100.777	  253.021	1.325	12	 ---	129.64870443642	0.0544	-46.23368234965	0.0821	5521667856213255808	  0.5272 	0.0682	 -5.84 	0.128	  5.573	0.189	0	     3809.5 	      8.4425 	16.7362	0.0024	     1448.9  	      14.377   	17.4488	0.0108	      3600.0 	     14.228   	15.8712	0.0043	 1.5777	   --- 	 --- 	4290.85	---   	---   	  1.58	    0.763	  0.1  	NGC_2645
-0.138 	-0.1506	 0.096 	 1021.913	  146.272	  282.325	1.287	13	 ---	129.65801764017	0.0395	-46.26715767094	0.0582	5521666997219809536	  0.5585 	0.0513	 -6.016	0.088	  5.067	0.117	0	     6892.3 	      6.7445 	16.0925	0.0011	     2821.7  	      19.291   	16.7251	0.0074	      6050.4 	     21.431   	15.3075	0.0038	 1.4177	   --- 	 --- 	4440.37	---   	---   	  1.81	    1.148	  0.5  	NGC_2645
 0.0923	 0.0191	-0.0568	 3383.149	  723.949	  822.435	1.212	15	 ---	129.65510331122	0.0161	-46.27589358639	0.0178	5521666791061380736	  0.5155 	0.019 	 -5.893	0.034	  5.086	0.034	0	    51165.0 	     15.124  	13.9159	0.0003	    28005.0  	      38.683   	14.2333	0.0015	     34008.0 	     41.351   	13.433 	0.0013	 0.8004	   --- 	 --- 	5886.25	0.983 	0.5867	  2.64	    7.557	  0.7  	NGC_2645
-0.2574	-0.083 	 0.3224	  573.269	  128.912	  162.608	1.3  	12	 ---	129.80771338746	0.0518	-46.27603783421	0.0648	5521669127523661056	  0.4408 	0.0715	 -5.841	0.117	  4.898	0.134	0	     4398.9 	      7.6734 	16.58  	0.0019	     1769.3  	      13.725   	17.2319	0.0084	      3949.1 	     24.286   	15.7707	0.0067	 1.4612	   --- 	 --- 	4374.0 	2.4638	1.239 	  --- 	    ---  	  0.2  	NGC_2645
 0.091 	 0.0034	-0.2197	 2014.269	  288.647	  545.877	1.256	15	 ---	129.68823903801	0.0254	-46.23187917572	0.0282	5521672941454550144	  0.4821 	0.0319	 -5.902	0.058	  4.907	0.061	0	    13656.0 	      6.7795 	15.3501	0.0005	     6270.5  	      21.724   	15.8581	0.0038	     10880.0 	     19.931   	14.6704	0.002 	 1.1878	   --- 	 --- 	4913.0 	---   	---   	  2.23	    2.614	  0.3  	NGC_2645
 0.0591	 0.0463	-0.0861	 2997.437	  416.065	  619.226	1.214	14	 ---	129.69469317857	0.0192	-46.2219385867 	0.0221	5521672941454550016	  0.5113 	0.0241	 -5.949	0.043	  5.105	0.04 	0	    28087.0 	      9.3703 	14.5671	0.0004	    15913.0  	      38.248   	14.847 	0.0026	     18185.0 	     29.368   	14.1126	0.0018	 0.7344	   --- 	 --- 	6038.41	---   	---   	  1.87	    4.191	  0.6  	NGC_2645
 0.1197	-0.0509	-0.0724	 1279.918	  114.055	  210.555	1.275	14	 ---	129.78787101826	0.0471	-46.18030681723	0.0627	5521673353771154816	  0.545  	0.061 	 -6.557	0.115	  4.789	0.121	0	     3867.4 	      3.0216 	16.7198	0.0008	     1685.3  	      14.777   	17.2847	0.0095	      3245.3 	     15.413   	15.9838	0.0052	 1.3009	   --- 	 --- 	4976.0 	1.1283	0.5525	  1.02	    0.571	  0.1  	NGC_2645
 0.0868	 0.0074	-0.094 	 3713.966	  576.782	  973.436	1.199	15	 ---	129.64630020612	0.0222	-46.25887356831	0.0242	5521667065939279872	  0.562  	0.0255	 -5.942	0.048	  5.106	0.048	0	   147040.0 	     39.59   	12.7698	0.0003	    90729.0  	     157.3     	12.957 	0.0019	     85545.0 	     87.879   	12.4314	0.0011	 0.5256	   --- 	 --- 	7422.67	1.0042	0.507 	  2.59	   18.301	  0.5  	NGC_2645
 0.0907	 0.0587	-0.0267	  451.576	   64.573	  124.743	1.292	15	 ---	129.79112837009	0.0493	-46.17656594774	0.0619	5521673353771155328	  0.5434 	0.0615	 -5.905	0.11 	  5.175	0.125	0	     3551.5 	      7.8647 	16.8123	0.0024	     1412.4  	      21.873   	17.4765	0.0168	      3177.4 	     25.471   	16.0068	0.0087	 1.4697	   --- 	 --- 	4404.81	---   	---   	  1.37	    0.635	  0.5  	NGC_2645
 0.0121	-0.0514	-0.0127	  530.509	   62.513	  142.328	1.325	15	 ---	129.79509298346	0.0561	-46.19388355155	0.0689	5521670364473923968	  0.5485 	0.0682	 -6.264	0.13 	  4.796	0.141	0	     2883.2 	      5.4348 	17.0387	0.002 	     1192.4  	      19.075   	17.6603	0.0174	      2627.6 	     18.461   	16.213 	0.0076	 1.4473	   --- 	 --- 	4429.5 	1.299 	0.6352	  1.2 	    0.5  	  0.4  	NGC_2645
 0.1774	-0.1559	-0.1343	 1200.988	  151.49 	  386.01 	1.253	15	 ---	129.77215435197	0.0356	-46.18202141184	0.037 	5521673388130886016	  0.5195 	0.0422	 -5.827	0.088	  5.174	0.072	0	     8022.9 	      6.6802 	15.9275	0.0009	     3732.4  	      24.638   	16.4214	0.0072	      6320.2 	     16.373   	15.2601	0.0028	 1.1613	   --- 	 --- 	4931.35	1.2168	0.573 	  1.57	    1.317	  0.5  	NGC_2645
 0.1405	 0.1629	-0.1189	 2063.792	  365.016	  474.7  	1.241	15	 ---	129.80466762297	0.0268	-46.16034784627	0.0347	5521674831239906816	  0.5133 	0.0338	 -5.94 	0.06 	  5.035	0.066	0	    10950.0 	      5.306  	15.5898	0.0005	     5190.6  	      14.22    	16.0633	0.003 	      8397.0 	     17.689   	14.9516	0.0023	 1.1117	   --- 	 --- 	4983.45	1.78  	0.8675	  1.81	    1.819	  0.7  	NGC_2645
 0.1594	-0.1449	-0.2126	  634.821	   69.447	   91.102	1.318	14	 ---	129.71665335425	0.0595	-46.23429541542	0.0634	5521672838375346432	  0.5086 	0.0733	 -6.204	0.149	  5.278	0.137	0	     2902.5 	      4.5722 	17.0314	0.0017	     1132.1  	      16.302   	17.7167	0.0156	      2693.4 	     29.564   	16.1862	0.0119	 1.5305	   --- 	 --- 	4355.0 	1.4547	0.775 	  --- 	    ---  	  0.5  	NGC_2645
-0.0913	 0.0062	 0.0386	  371.103	  115.505	  126.358	1.171	14	 ---	129.74528780959	0.0271	-46.22707607876	0.0311	5521672799702366080	  0.5075 	0.0348	 -5.922	0.062	  4.963	0.061	0	  5035200.0 	  13568.0    	 8.9333	0.0029	  3250300.0  	   28140.0     	 9.0716	0.0094	   2647100.0 	  20950.0     	 8.705 	0.0086	 0.3666	   --- 	 --- 	7764.5 	1.043 	0.5428	 15.48	  784.577	  0.7  	NGC_2645
 0.0833	-0.0282	-0.065 	 3360.559	  451.815	  440.472	1.226	13	 ---	129.71424329744	0.0185	-46.23742475241	0.022 	5521672735296131072	  0.5411 	0.0222	 -5.923	0.042	  5.033	0.044	0	    32445.0 	      9.6545 	14.4105	0.0003	    18547.0  	      41.049   	14.6807	0.0024	     21215.0 	     48.165   	13.9453	0.0025	 0.7354	   --- 	 --- 	6007.75	---   	---   	  1.92	    4.328	  0.6  	NGC_2645
 0.2922	 0.1917	-0.0307	 1552.275	  276.034	  430.881	1.251	12	 ---	129.73441878767	0.0372	-46.21077393812	0.0334	5521672872735085824	  0.5152 	0.0401	 -6.121	0.084	  5.028	0.064	0	    11530.0 	      7.4278 	15.5338	0.0007	     5312.6  	      19.246   	16.0381	0.0039	      9116.7 	     21.158   	14.8623	0.0025	 1.1758	   --- 	 --- 	4894.0 	---   	---   	  1.94	    1.941	  0.3  	NGC_2645
 0.2279	 0.1696	-0.0951	 1737.523	  466.411	  851.989	1.194	12	 ---	129.76756429499	0.039 	-46.23729212976	0.0358	5521670154002513408	  0.5207 	0.0446	 -6.037	0.075	  5.143	0.06 	0	   487620.0 	    280.64   	11.4682	0.0006	   317300.0  	     680.31    	11.5977	0.0023	    264980.0 	    311.01    	11.2039	0.0013	 0.3938	   --- 	 --- 	7847.33	1.092 	0.5525	  4.61	   72.682	  0.6  	NGC_2645
 0.1213	 0.0527	-0.1227	 2117.417	  301.58 	  546.122	1.247	15	 ---	129.68411618597	0.0278	-46.2233295597 	0.0281	5521673010174023168	  0.5181 	0.0319	 -5.813	0.06 	  4.71 	0.056	0	    14132.0 	      6.674  	15.3129	0.0005	     6716.9  	      22.272   	15.7835	0.0036	     10906.0 	     19.97    	14.6677	0.002 	 1.1157	   --- 	 --- 	5100.57	---   	---   	  1.92	    2.25 	  0.2  	NGC_2645
 0.1277	 0.2004	-0.1437	 3009.702	  715.463	  887.963	1.195	16	 ---	129.76236406067	0.0142	-46.17678409671	0.0171	5521673388130880000	  0.4821 	0.0181	 -5.93 	0.032	  5.098	0.031	0	    76945.0 	     25.566  	13.4729	0.0004	    48291.0  	      67.496   	13.6417	0.0015	     43682.0 	     49.193   	13.1612	0.0012	 0.4806	   --- 	 --- 	7386.63	0.9917	0.482 	  2.2 	   12.995	  0.7  	NGC_2645
 0.019 	 0.2332	 0.0053	 2292.156	  399.861	  467.358	1.219	13	 ---	129.79012297739	0.0235	-46.26044278496	0.0248	5521669952157369344	  0.5284 	0.0297	 -5.988	0.049	  5.059	0.046	0	    21524.0 	      9.3902 	14.8561	0.0005	    11511.0  	      28.787   	15.1986	0.0027	     14733.0 	     31.525   	14.3412	0.0023	 0.8575	   --- 	 --- 	5691.0 	---   	---   	  1.8 	    3.062	  0.5  	NGC_2645
 0.1135	 0.1684	-0.0558	 2285.857	  453.05 	  799.548	1.221	15	 ---	129.77271736397	0.0206	-46.15825632791	0.0294	5521673628649047424	  0.4508 	0.0258	 -5.843	0.046	  5.03 	0.055	0	    19539.0 	      8.5476 	14.9611	0.0005	    10503.0  	      23.182   	15.2981	0.0024	     13348.0 	     16.694   	14.4484	0.0014	 0.8497	   --- 	 --- 	5759.25	---   	---   	  1.96	    3.802	  0.4  	NGC_2645
 0.2262	-0.2423	-0.2468	  510.063	   63.253	  105.227	1.351	15	 ---	129.71789809124	0.0675	-46.24680081363	0.0677	5521672666576658048	  0.4467 	0.0811	 -5.64 	0.182	  5.067	0.144	0	     2626.3 	      5.1491 	17.14  	0.0021	      914.99 	      14.466   	17.9478	0.0172	      2633.8 	     25.029   	16.2105	0.0103	 1.7374	   --- 	 --- 	   --- 	---   	---   	  --- 	    ---  	  0.3  	NGC_2645
 0.2005	 0.0544	-0.13  	 2859.173	  628.111	  634.321	1.223	15	 ---	129.81801959637	0.0198	-46.17804483452	0.0249	5521671876302418176	  0.5313 	0.0237	 -6.017	0.046	  5.056	0.049	0	    22283.0 	      7.7935 	14.8184	0.0004	    11734.0  	      18.682   	15.1778	0.0017	     15520.0 	     24.467   	14.2847	0.0017	 0.8931	   --- 	 --- 	5629.27	1.5228	0.762 	  1.87	    3.151	  0.7  	NGC_2645
 0.1003	-0.0488	-0.1802	  456.61 	   57.107	   84.655	1.385	15	 ---	129.7201961569 	0.0801	-46.21476529598	0.0852	5521672872735080960	  0.4738 	0.0971	 -6.162	0.186	  4.897	0.182	0	     2003.7 	      4.3881 	17.4338	0.0024	      651.97 	      11.417   	18.3158	0.019 	      2123.3 	     25.082   	16.4444	0.0128	 1.8714	   --- 	 --- 	   --- 	---   	---   	  --- 	    ---  	  0.4  	NGC_2645
 0.1383	 0.076 	-0.0047	 2051.426	  253.982	  328.227	1.253	15	 ---	129.82097767343	0.0292	-46.1799111773 	0.0364	5521671876302420224	  0.5805 	0.0353	 -6.02 	0.067	  5.167	0.074	0	     9775.2 	      4.7651 	15.7131	0.0005	     4614.3  	      18.168   	16.1911	0.0043	      7635.4 	     23.262   	15.0548	0.0033	 1.1363	   --- 	 --- 	4911.05	0.891 	0.4333	  1.57	    1.291	  0.2  	NGC_2645
 0.0882	-0.0279	-0.1585	  550.649	   50.414	  132.792	1.428	14	 ---	129.67889747664	0.0768	-46.27791747476	0.0818	5521666756701651200	  0.4638 	0.0949	 -6.145	0.172	  5.048	0.159	0	     1933.7 	      3.5116 	17.4724	0.002 	      767.08 	      15.216   	18.1393	0.0215	      1994.4 	     15.019   	16.5124	0.0082	 1.6269	   --- 	 --- 	   --- 	---   	---   	  --- 	    ---  	  0.1  	NGC_2645
 0.0967	 0.08  	-0.0517	 1660.658	  231.461	  368.204	1.252	15	 ---	129.83133531278	0.0325	-46.16540750581	0.0413	5521671910662159104	  0.5376 	0.0411	 -5.77 	0.072	  5.188	0.083	0	     7952.7 	      4.7889 	15.9371	0.0007	     3695.7  	      15.967   	16.4322	0.0047	      6264.3 	     17.013   	15.2697	0.0029	 1.1624	   --- 	 --- 	4922.71	---   	---   	  1.52	    1.221	  0.5  	NGC_2645
 0.1565	 0.0001	-0.0378	 3615.431	  417.584	 1212.265	1.198	15	 ---	129.82423548787	0.0248	-46.17797796601	0.0304	5521671871989426304	  0.5747 	0.03  	 -6.037	0.059	  5.073	0.06 	0	   181160.0 	     50.107  	12.5432	0.0003	   116680.0  	     279.42    	12.6839	0.0026	    100280.0 	     82.718   	12.2589	0.0009	 0.4249	   --- 	 --- 	7891.25	1.1097	0.55  	  2.52	   22.256	  0.4  	NGC_2645
-0.0935	-0.1051	 0.102 	  722.375	   76.153	  156.921	1.335	14	 ---	129.67359070834	0.0509	-46.29188128891	0.054 	5521666722341914112	  0.6032 	0.0645	 -6.141	0.119	  5.195	0.107	0	     3774.9 	      5.2256 	16.7461	0.0015	     1367.9  	      17.962   	17.5113	0.0143	      3672.9 	     23.406   	15.8494	0.0069	 1.6619	   --- 	 --- 	4336.32	---   	---   	  1.33	    0.565	  0.3  	NGC_2645
 0.067 	-0.0052	-0.0497	 3486.771	  584.493	  948.082	1.204	15	 ---	129.6432143241 	0.0134	-46.25289585415	0.015 	5521667065939277568	  0.5192 	0.0155	 -5.96 	0.029	  5.046	0.029	0	    92148.0 	     26.428  	13.2771	0.0003	    56307.0  	      96.335   	13.475 	0.0019	     54678.0 	     57.673   	12.9174	0.0011	 0.5576	   --- 	 --- 	7231.67	---   	---   	  2.33	   13.345	  0.7  	NGC_2645
 0.164 	 0.0477	-0.1225	  462.036	   83.979	  161.574	1.297	15	 ---	129.83559006974	0.0588	-46.15008553525	0.0766	5521674968678870784	  0.5373 	0.0731	 -6.249	0.13 	  5.083	0.15 	0	     2429.7 	      5.2586 	17.2245	0.0023	      914.37 	      10.888   	17.9486	0.0129	      2236.3 	     13.841   	16.3881	0.0067	 1.5605	   --- 	 --- 	   --- 	---   	---   	  --- 	    ---  	  0.2  	NGC_2645
 0.0234	-0.0495	-0.0092	 2603.314	  278.504	  417.865	1.229	14	 ---	129.65338511655	0.021 	-46.24083377191	0.0257	5521667100299016704	  0.523  	0.0252	 -5.95 	0.049	  5.049	0.051	0	    23108.0 	      8.8762 	14.779 	0.0004	    11732.0  	      42.125   	15.178 	0.0039	     16675.0 	     39.905   	14.2068	0.0026	 0.9712	   --- 	 --- 	5336.0 	---   	---   	  2.18	    3.477	  0.9  	NGC_2645
-0.0532	 0.1418	-0.1552	 1895.684	  187.028	  509.663	1.251	14	 ---	129.71979406895	0.0306	-46.2663514648 	0.0328	5521669711639165568	  0.5977 	0.0376	 -5.798	0.067	  5.165	0.061	0	    17105.0 	      9.0233 	15.1055	0.0006	     8276.6  	      44.253   	15.5568	0.0058	     13118.0 	     25.739   	14.4672	0.0021	 1.0895	   --- 	 --- 	5049.9 	1.5077	0.7525	  1.88	    2.067	  0.5  	NGC_2645
-0.0741	-0.0925	-0.0114	  732.882	  103.729	  128.832	1.317	14	 ---	129.67471156254	0.0553	-46.16860692955	0.0604	5521673937886940416	  0.4902 	0.0708	 -5.605	0.141	  5.087	0.12 	0	     3584.4 	      4.8908 	16.8023	0.0015	     1393.1  	      13.43    	17.4914	0.0105	      3328.8 	     25.838   	15.9562	0.0084	 1.5352	   --- 	 --- 	4335.0 	---   	---   	  --- 	    ---  	  0.4  	NGC_2645
-0.1141	 0.1   	 0.1191	 1069.245	  170.268	  178.828	1.284	13	 ---	129.78409590386	0.0411	-46.24729865401	0.0445	5521669952157362176	  0.4479 	0.0533	 -5.955	0.092	  5.191	0.088	0	     5864.0 	      5.4842 	16.2679	0.001 	     2505.7  	      14.716   	16.8541	0.0064	      5024.2 	     28.095   	15.5093	0.0061	 1.3448	   --- 	 --- 	4806.72	---   	---   	  1.67	    1.337	  0.3  	NGC_2645
 0.1181	-0.0874	-0.1308	 2889.944	  357.197	  480.581	1.208	14	 ---	129.70447401747	0.0173	-46.26902904748	0.0192	5521672632216920192	  0.5267 	0.0214	 -5.933	0.039	  5.101	0.037	0	    35995.0 	     12.455  	14.2978	0.0004	    20704.0  	      57.963   	14.5613	0.003 	     22787.0 	     47.415   	13.8677	0.0023	 0.6935	   --- 	 --- 	6419.38	---   	---   	  1.81	    5.022	  0.7  	NGC_2645
-0.0657	-0.0523	 0.0165	  565.4  	   40.51 	  144.954	1.411	14	 ---	129.70260475708	0.0542	-46.27452068373	0.0607	5521669677279421696	  0.5012 	0.0692	 -6.131	0.12 	  5.131	0.115	0	     3411.1 	      6.033  	16.8561	0.0019	     1359.2  	      33.552   	17.5182	0.0268	      3454.6 	     23.832   	15.9159	0.0075	 1.6022	   --- 	 --- 	4415.04	---   	---   	  1.44	    0.713	  0.3  	NGC_2645
-0.0793	 0.1315	-0.1677	  293.047	    ---  	    ---  	---  	13	 ---	129.77138693791	0.1249	-46.32818584881	0.1264	5521668543402070400	  0.5095 	0.1475	 -6.652	0.267	  5.094	0.223	0	     2177.4 	      7.4302 	17.3435	0.0037	        ---  	       ---     	 ---   	---   	         --- 	      ---     	 ---   	---   	 ---   	   --- 	 --- 	   --- 	---   	---   	  --- 	    ---  	  0.2  	NGC_2645
 0.1287	 0.0011	-0.1188	  666.705	  201.951	  303.535	1.243	15	 ---	129.74885784975	0.0243	-46.20996748175	0.0262	5521673250692213504	  0.4802 	0.0298	 -5.617	0.056	  5.141	0.05 	0	    16118.0 	     24.176  	15.1701	0.0016	     7656.1  	      37.911   	15.6414	0.0054	     12376.0 	     40.774   	14.5304	0.0036	 1.1109	   --- 	 --- 	5000.85	---   	---   	  2.33	    3.048	  0.7  	NGC_2645
 0.1794	-0.0823	-0.4795	 3152.068	  566.652	  430.39 	1.247	12	 ---	129.73945579693	0.0208	-46.22681266284	0.0289	5521672804015615616	  0.5313 	0.0308	 -6.051	0.048	  5.19 	0.077	0	    27490.0 	      8.7212 	14.5904	0.0003	    13349.0  	      23.557   	15.0378	0.0019	     20920.0 	     48.606   	13.9605	0.0025	 1.0773	   --- 	 --- 	5017.34	---   	---   	  2.72	    4.231	  0.3  	NGC_2645
-0.0236	-0.0208	 0.0347	 2580.125	  570.036	  569.71 	1.22 	15	 ---	129.81848053757	0.0211	-46.19612065939	0.0294	5521670330114196864	  0.5143 	0.0256	 -5.832	0.048	  5.194	0.057	0	    20959.0 	      8.1231 	14.885 	0.0004	    11212.0  	      19.669   	15.2272	0.0019	     14359.0 	     25.205   	14.3691	0.0019	 0.8581	   --- 	 --- 	5675.36	1.4503	0.7207	  1.84	    3.15 	  0.6  	NGC_2645
-0.0055	-0.259 	-0.1001	 1566.534	  161.085	  269.327	1.274	14	 ---	129.75544440801	0.0396	-46.21053560685	0.0455	5521673177672940928	  0.4683 	0.0546	 -5.693	0.098	  5.255	0.075	0	     8613.1 	      5.4982 	15.8505	0.0007	     3631.7  	      22.545   	16.4511	0.0067	      7345.1 	     27.272   	15.0969	0.004 	 1.3542	   --- 	 --- 	4908.81	---   	---   	  1.83	    1.749	  0.6  	NGC_2645
 0.0942	-0.1352	-0.1387	  369.201	   60.204	   93.656	1.386	13	 ---	129.75059897248	0.0948	-46.24067176703	0.093 	5521669849078125312	  0.5064 	0.109 	 -5.882	0.214	  5.481	0.182	0	     1553.0 	      4.2065 	17.7104	0.0029	      518.57 	       8.6136  	18.5644	0.018 	      1633.3 	     17.439   	16.7293	0.0116	 1.8351	   --- 	 --- 	   --- 	---   	---   	  --- 	    ---  	  0.6  	NGC_2645
 0.2954	 0.026 	-0.165 	 2066.461	  337.457	  217.887	1.245	14	 ---	129.83365741046	0.0269	-46.17506782668	0.0345	5521671910662162560	  0.6042 	0.0324	 -5.937	0.065	  5.115	0.069	0	    12126.0 	      5.8682 	15.479 	0.0005	     5902.5  	      17.491   	15.9238	0.0032	      9189.7 	     42.177   	14.8537	0.005 	 1.0701	   --- 	 --- 	5029.41	1.127 	0.562 	  1.58	    1.44 	  0.6  	NGC_2645
-0.0092	 0.0979	 0.074 	  546.722	   47.551	   93.59 	1.318	14	 ---	129.88268635081	0.0536	-46.27060432154	0.0598	5521668955725000064	  0.4969 	0.0664	 -5.823	0.122	  5.28 	0.12 	0	     4073.8 	      7.4512 	16.6634	0.002 	     1492.0  	      31.378   	17.4169	0.0228	      3876.7 	     41.422   	15.7908	0.0116	 1.6262	   --- 	 --- 	4279.0 	2.6245	1.3027	  1.75	    0.924	  0.4  	NGC_2645
 0.0768	 0.008 	-0.0634	 2777.573	  567.545	  774.457	1.26 	15	 ---	129.75978526278	0.0214	-46.23402134743	0.0228	5521670227035250048	  0.4961 	0.0253	 -5.827	0.047	  5.093	0.045	1	    25605.0 	      9.2183 	14.6676	0.0004	    11410.0  	      20.104   	15.2082	0.0019	     20861.0 	     26.936   	13.9636	0.0014	 1.2446	   --- 	 --- 	4854.25	---   	---   	  3.06	    4.697	  0.8  	NGC_2645
-0.0886	 0.0856	-0.0872	 2685.15 	  546.145	  964.676	1.221	14	 ---	129.78409117121	0.0229	-46.19805728855	0.0409	5521673319411703680	  0.5192 	0.0255	 -5.927	0.048	  5.129	0.072	0	    21221.0 	      7.9031 	14.8715	0.0004	    11325.0  	      20.737   	15.2162	0.002 	     14595.0 	     15.13    	14.3514	0.0011	 0.8649	   --- 	 --- 	5462.9 	1.504 	0.7567	  1.99	    3.191	  0.7  	NGC_2645
 0.048 	 0.0435	-0.0644	 2033.549	  421.191	  879.273	1.186	15	 ---	129.7434461934 	0.0239	-46.30512796931	0.0256	5521669329368801792	  0.439  	0.0292	 -5.642	0.051	  4.736	0.047	0	   752310.0 	    369.95   	10.9974	0.0005	   504130.0  	    1196.9     	11.095 	0.0026	    387760.0 	    441.0     	10.7905	0.0012	 0.3045	   --- 	 --- 	8844.25	---   	---   	  --- 	    ---  	  0.1  	NGC_2645
-0.0392	 0.0196	 0.0259	  412.842	   45.494	   55.098	1.336	14	 ---	129.84250997544	0.0558	-46.20514400258	0.0697	5521671601424531328	  0.5472 	0.0709	 -5.867	0.123	  5.187	0.131	0	     3264.8 	      7.9081 	16.9037	0.0026	     1299.2  	      28.558   	17.5672	0.0239	      3063.9 	     55.608   	16.0462	0.0197	 1.5209	   --- 	 --- 	4445.46	1.5853	0.7973	  1.27	    0.565	  0.7  	NGC_2645
 0.0326	 0.0697	-0.1465	 3094.143	  579.625	 1332.125	1.208	16	 ---	129.76735228681	0.0184	-46.20304693545	0.0215	5521673216332481536	  0.5481 	0.0225	 -5.845	0.041	  5.097	0.04 	0	    34206.0 	     11.055  	14.3531	0.0004	    19751.0  	      34.075   	14.6124	0.0019	     21579.0 	     16.199   	13.9268	0.0008	 0.6856	   --- 	 --- 	6782.0 	1.2   	0.595 	  1.52	    4.407	  0.9  	NGC_2645
 0.0122	 0.1392	-0.056 	 2890.301	  712.735	  657.911	1.221	14	 ---	129.83733089606	0.0199	-46.20855260845	0.0258	5521671601424529920	  0.4704 	0.0243	 -5.717	0.043	  4.938	0.047	0	    21571.0 	      7.4634 	14.8537	0.0004	    11578.0  	      16.245   	15.1923	0.0015	     14754.0 	     22.425   	14.3397	0.0017	 0.8526	   --- 	 --- 	5760.0 	---   	---   	  1.97	    3.854	  0.5  	NGC_2645
 0.0989	-0.0255	-0.1291	 1429.691	  413.152	 1022.185	1.185	15	 ---	129.75480938848	0.0244	-46.23028973269	0.0261	5521669849078123136	  0.5075 	0.0291	 -5.935	0.057	  4.985	0.051	0	   682480.0 	    477.36   	11.1031	0.0008	   444040.0  	    1074.8     	11.2328	0.0026	    364780.0 	    356.86    	10.8568	0.0011	 0.376 	   --- 	 --- 	8061.25	1.11  	0.524 	  --- 	    ---  	  0.5  	NGC_2645
 0.1266	 0.168 	-0.0887	  907.063	  148.169	  243.736	1.258	15	 ---	129.77869706371	0.0283	-46.15657316902	0.0368	5521673628649050752	  0.4972 	0.0357	 -5.854	0.063	  4.906	0.071	0	     9482.9 	     10.454  	15.746 	0.0012	     4298.3  	      29.009   	16.2681	0.0073	      7626.8 	     31.291   	15.0561	0.0045	 1.2121	   --- 	 --- 	4917.0 	---   	---   	  1.8 	    1.705	  0.3  	NGC_2645
 0.0624	-0.0166	-0.0413	 2983.927	  498.883	  421.973	1.219	15	 ---	129.80208274018	0.0194	-46.1995760402 	0.0242	5521670360164999168	  0.5135 	0.0234	 -5.3  	0.044	  5.698	0.048	0	    25787.0 	      8.6419 	14.6599	0.0004	    14211.0  	      28.486   	14.9698	0.0022	     17224.0 	     40.817   	14.1716	0.0026	 0.7982	   --- 	 --- 	5917.5 	---   	---   	  1.86	    3.833	  0.1  	NGC_2645
 0.1928	 0.1815	 0.0572	 2026.805	  518.598	  555.96 	1.17 	14	 ---	129.76737453918	0.0302	-46.22679053261	0.0287	5521670227035251328	  0.593  	0.0328	 -5.496	0.066	  4.583	0.06 	0	  5700600.0 	   2812.6    	 8.7986	0.0005	  3757800.0  	    7246.1     	 8.9141	0.0021	   2909200.0 	   5232.8     	 8.6025	0.002 	 0.3116	   --- 	 --- 	7960.67	---   	---   	 13.53	  662.34 	  0.1  	NGC_2645
 0.0548	-0.1276	-0.0876	 3433.847	  772.478	 1079.185	1.203	15	 ---	129.77452401449	0.0189	-46.21469964571	0.0192	5521670261394989312	  0.5582 	0.021 	 -5.846	0.042	  4.994	0.036	0	    47275.0 	     13.767  	14.0018	0.0003	    27809.0  	      36.0     	14.2409	0.0014	     29064.0 	     26.932   	13.6035	0.001 	 0.6374	   --- 	 --- 	6505.31	1.1895	0.601 	  1.91	    5.869	  0.9  	NGC_2645
 0.0112	-0.0535	 0.0362	 2000.832	  262.959	  423.268	1.253	15	 ---	129.790284377  	0.0261	-46.22348650485	0.037 	5521670192675526400	  0.5054 	0.0316	 -6.55 	0.058	  5.457	0.073	0	    14102.0 	      7.0482 	15.3151	0.0005	     6625.4  	      25.195   	15.7984	0.0041	     11040.0 	     26.083   	14.6545	0.0026	 1.1439	   --- 	 --- 	4987.85	---   	---   	  2.08	    2.414	  0.2  	NGC_2645
 0.0509	 0.1466	-0.0439	  398.795	  130.442	  120.666	1.184	15	 ---	129.77377439683	0.025 	-46.24593667947	0.0254	5521670158315787392	  0.5068 	0.0299	 -5.867	0.053	  4.903	0.048	0	  3490100.0 	   8751.5    	 9.3313	0.0027	  2173600.0  	   16663.0     	 9.5084	0.0083	   1959700.0 	  16241.0     	 9.0314	0.009 	 0.477 	   --- 	 --- 	7249.81	---   	---   	 14.6 	  530.718	  0.6  	NGC_2645
 0.0127	 0.0085	-0.0357	  778.812	  157.475	  314.372	1.262	14	 ---	129.79869671851	0.0324	-46.20845010963	0.0389	5521670364474217856	  0.5074 	0.0392	 -5.908	0.076	  5.32 	0.079	0	     8390.6 	     10.774  	15.8789	0.0014	     3779.2  	      23.999   	16.4079	0.0069	      6805.6 	     21.648   	15.1798	0.0035	 1.2281	   --- 	 --- 	4853.84	1.741 	0.861 	  1.72	    1.472	  0.4  	NGC_2645
-0.0162	 0.0752	-0.0712	 3607.915	  674.278	  605.0  	1.21 	15	 ---	129.76666093627	0.0168	-46.25554575264	0.0179	5521669780358664832	  0.5621 	0.0203	 -5.788	0.036	  5.123	0.034	0	    39018.0 	     10.815  	14.2102	0.0003	    22641.0  	      33.578   	14.4642	0.0016	     24559.0 	     40.593   	13.7864	0.0018	 0.6778	   --- 	 --- 	6306.0 	---   	---   	  1.83	    4.786	  0.8  	NGC_2645
 0.0101	 0.1382	-0.0509	 3604.782	  814.518	  716.729	1.204	15	 ---	129.84618946497	0.0168	-46.20804629681	0.021 	5521671601424533888	  0.5198 	0.02  	 -5.892	0.036	  5.063	0.039	0	    34453.0 	      9.5575 	14.3453	0.0003	    19647.0  	      24.121   	14.6181	0.0013	     21825.0 	     30.45    	13.9145	0.0015	 0.7036	   --- 	 --- 	6301.0 	---   	---   	  1.87	    4.943	  0.7  	NGC_2645
-0.048 	-0.0592	 0.0626	 1823.315	  293.004	  418.146	1.255	13	 ---	129.79157423865	0.0299	-46.21652315988	0.0507	5521670192675524992	  0.5906 	0.0357	 -5.565	0.067	  5.099	0.098	0	    10786.0 	      5.9153 	15.6063	0.0006	     5107.9  	      17.433   	16.0808	0.0037	      8429.5 	     20.159   	14.9474	0.0026	 1.1334	   --- 	 --- 	4957.0 	---   	---   	  --- 	    ---  	  0.7  	NGC_2645
 0.0376	 0.118 	-0.0687	 3198.674	  264.625	  449.809	1.216	15	 ---	129.85313513415	0.0192	-46.2000694885 	0.0236	5521671635784272512	  0.499  	0.0225	 -5.926	0.041	  5.154	0.044	0	    25929.0 	      8.1063 	14.6539	0.0003	    14478.0  	      54.71    	14.9496	0.0041	     17046.0 	     37.896   	14.1829	0.0024	 0.7668	   --- 	 --- 	5944.0 	---   	---   	  1.9 	    4.077	  0.6  	NGC_2645
-0.134 	-0.3623	 0.0726	 1109.202	  153.913	  261.6  	1.274	13	 ---	129.77510480654	0.0309	-46.25317284338	0.0291	5521669574200237184	  0.5515 	0.0366	 -5.91 	0.082	  5.087	0.056	0	    13895.0 	     12.527  	15.3312	0.001 	     6236.2  	      40.518   	15.8641	0.0071	     11473.0 	     43.857   	14.6127	0.0042	 1.2513	   --- 	 --- 	4884.25	2.2792	1.134 	  2.0 	    2.047	  0.5  	NGC_2645
 0.015 	 0.0858	-0.023 	 2494.042	  350.888	  464.503	1.235	15	 ---	129.75200840654	0.0228	-46.28793736322	0.025 	5521669436761283968	  0.549  	0.0284	 -6.036	0.049	  4.888	0.048	0	    16825.0 	      6.746  	15.1235	0.0004	     8419.2  	      23.994   	15.5382	0.0031	     12360.0 	     26.608   	14.5319	0.0023	 1.0063	   --- 	 --- 	5299.59	---   	---   	  1.8 	    2.309	  0.4  	NGC_2645
-0.0844	 0.1782	-0.143 	 1351.49 	  230.131	  293.618	1.27 	14	 ---	129.8372205281 	0.0726	-46.2289228099 	0.098 	5521670050927312000	  0.5183 	0.09  	 -5.804	0.153	  5.426	0.171	0	     8891.8 	      6.5793 	15.8159	0.0008	     4051.1  	      17.603   	16.3325	0.0047	      7245.8 	     24.678   	15.1117	0.0037	 1.2208	   --- 	 --- 	4899.67	---   	---   	  --- 	    ---  	  0.3  	NGC_2645
-0.0602	 0.0763	-0.0169	  882.901	   65.177	  170.778	1.344	15	 ---	129.78213259895	0.0617	-46.23998628952	0.0707	5521670158315789056	  0.5111 	0.0747	 -6.256	0.134	  4.984	0.133	0	     2424.4 	      2.7459 	17.2269	0.0012	      896.43 	      13.754   	17.9701	0.0167	      2360.9 	     13.825   	16.3292	0.0064	 1.6409	   --- 	 --- 	   --- 	---   	---   	  --- 	    ---  	  0.2  	NGC_2645
-0.0313	 0.0841	-0.0449	 1767.67 	  245.508	  486.182	1.262	15	 ---	129.78560048522	0.0266	-46.2352146286 	0.0292	5521670192675527552	  0.5568 	0.0319	 -5.78 	0.057	  4.943	0.056	0	    11532.0 	      6.5241 	15.5336	0.0006	     5181.5  	      21.105   	16.0652	0.0044	      9368.9 	     19.27    	14.8327	0.0022	 1.2325	   --- 	 --- 	4851.42	---   	---   	  1.84	    1.681	  1.0  	NGC_2645
 0.0238	 0.0882	-0.0631	 2024.209	  241.653	  426.258	1.268	15	 ---	129.76585445744	0.0286	-46.2615184829 	0.0299	5521669574200236160	  0.5608 	0.035 	 -5.834	0.063	  4.984	0.058	0	    10925.0 	      5.3972 	15.5923	0.0005	     4893.1  	      20.248   	16.1274	0.0045	      8959.7 	     21.019   	14.8812	0.0025	 1.2463	   --- 	 --- 	4878.74	1.3513	0.6847	  1.75	    1.559	  0.6  	NGC_2645
-0.0015	 0.1027	-0.0159	  325.869	   53.776	  112.519	1.411	15	 ---	129.73019258764	0.0574	-46.31182469056	0.0606	5521663526886281984	  0.5436 	0.0711	 -6.081	0.119	  4.949	0.112	0	     3045.6 	      9.346  	16.9792	0.0033	     1241.2  	      23.081   	17.6168	0.0202	      3056.2 	     27.162   	16.049 	0.0096	 1.5678	   --- 	 --- 	4403.0 	---   	---   	  1.27	    0.544	  0.2  	NGC_2645
 0.0028	 0.0551	-0.0507	 3534.962	  645.63 	  922.039	1.198	15	 ---	129.79495622196	0.0147	-46.21815026072	0.0186	5521670295754742144	  0.5242 	0.0179	 -5.957	0.033	  5.088	0.036	0	    78263.0 	     22.14   	13.4545	0.0003	    46446.0  	      71.939   	13.684 	0.0017	     47351.0 	     51.355   	13.0736	0.0012	 0.6104	   --- 	 --- 	6826.0 	---   	---   	  2.37	   11.028	  0.8  	NGC_2645
-0.0906	-0.0087	 0.0362	 2406.439	  634.635	  822.083	1.179	14	 ---	129.76805476031	0.0241	-46.24778103452	0.027 	5521669780358662016	  0.4953 	0.0307	 -5.879	0.052	  5.031	0.052	0	  1132900.0 	    470.77   	10.5529	0.0005	   755110.0  	    1189.8     	10.6564	0.0017	    580490.0 	    706.12    	10.3524	0.0013	 0.3039	   --- 	 --- 	8206.33	1.0037	0.503 	  --- 	    ---  	  0.8  	NGC_2645
-0.0175	 0.0788	-0.1098	 3532.436	  658.074	  317.106	1.201	14	 ---	129.77363592178	0.0164	-46.23917793844	0.0174	5521670158315783936	  0.4815 	0.02  	 -6.038	0.036	  4.82 	0.033	0	    55209.0 	     15.629  	13.8333	0.0003	    33372.0  	      50.712   	14.0429	0.0016	     32911.0 	    103.78    	13.4686	0.0034	 0.5743	   --- 	 --- 	7218.35	1.2635	0.6185	  1.95	    9.293	  0.7  	NGC_2645
-0.0473	 0.0404	-0.0237	 3634.431	  663.626	  744.086	1.218	14	 ---	129.75269251306	0.0198	-46.27363290345	0.0197	5521669539840494208	  0.5384 	0.0233	 -5.862	0.043	  5.09 	0.037	0	    31786.0 	      8.7459 	14.4328	0.0003	    17434.0  	      26.271   	14.7479	0.0016	     21297.0 	     28.622   	13.9411	0.0015	 0.8068	   --- 	 --- 	5846.0 	---   	---   	  2.02	    4.314	  0.7  	NGC_2645
 0.0077	 0.1413	-0.0703	 4875.385	  655.186	 1092.671	1.207	15	 ---	129.75990109375	0.0144	-46.26293639505	0.0155	5521669745998924672	  0.5506 	0.0181	 -5.935	0.031	  5.127	0.029	0	    99504.0 	     20.409  	13.1938	0.0002	    60086.0  	      91.708   	13.4045	0.0017	     60064.0 	     54.97    	12.8154	0.001 	 0.5891	   --- 	 --- 	6853.29	---   	---   	  2.53	   12.712	  0.6  	NGC_2645
-0.0072	 0.1242	-0.0457	 2225.045	  238.733	  263.195	1.257	15	 ---	129.77707547391	0.0285	-46.2722666058 	0.0304	5521669574200243712	  0.5534 	0.0354	 -5.754	0.062	  5.043	0.058	0	    10720.0 	      4.8178 	15.6129	0.0005	     4997.3  	      20.933   	16.1045	0.0045	      8477.5 	     32.21    	14.9413	0.0041	 1.1633	   --- 	 --- 	4938.62	---   	---   	  1.7 	    1.548	  0.9  	NGC_2645
-0.2039	-0.0131	 0.2491	  641.173	   95.52 	  191.998	1.316	13	 ---	129.83309868701	0.0569	-46.25533309072	0.072 	5521669264962620288	  0.5519 	0.0808	 -5.942	0.13 	  4.598	0.147	0	     3818.1 	      5.9549 	16.7337	0.0017	     1369.0  	      14.333   	17.5103	0.0114	      3656.4 	     19.044   	15.8543	0.0057	 1.6561	   --- 	 --- 	4309.75	---   	---   	  --- 	    ---  	  0.4  	NGC_2645
-0.005 	 0.1157	-0.0621	 3572.692	  488.966	  872.987	1.25 	14	 ---	129.82597936887	0.02  	-46.2237978753 	0.0231	5521670119646795648	  0.5437 	0.0236	 -5.777	0.045	  5.015	0.045	0	    25012.0 	      7.0009 	14.693 	0.0003	    11503.0  	      23.526   	15.1993	0.0022	     19762.0 	     22.637   	14.0224	0.0012	 1.177 	   --- 	 --- 	4902.0 	---   	---   	  2.69	    3.774	  0.9  	NGC_2645
 0.0136	 0.0963	-0.0577	 3107.933	  448.805	  715.878	1.214	15	 ---	129.77357761644	0.0165	-46.27923217115	0.0172	5521669471121029632	  0.5126 	0.0201	 -5.826	0.036	  5.452	0.032	0	    50333.0 	     16.195  	13.9337	0.0003	    28787.0  	      64.141   	14.2034	0.0024	     32324.0 	     45.153   	13.4881	0.0015	 0.7153	   --- 	 --- 	6333.67	---   	---   	  2.26	    7.421	  0.3  	NGC_2645
-0.0182	 0.1375	-0.0286	 2843.881	  661.372	  613.317	1.213	15	 ---	129.78328283832	0.0189	-46.26532959053	0.0214	5521669574200245120	  0.5413 	0.0237	 -6.01 	0.041	  5.183	0.04 	0	    29336.0 	     10.315  	14.5199	0.0004	    16365.0  	      24.744   	14.8166	0.0016	     19230.0 	     31.354   	14.052 	0.0018	 0.7646	   --- 	 --- 	5741.67	1.417 	0.708 	  2.01	    3.963	  0.4  	NGC_2645
-0.0236	 0.055 	-0.0458	 2509.28 	  643.788	  674.099	1.201	15	 ---	129.79571348922	0.0142	-46.24467564592	0.0165	5521669986517104896	  0.5166 	0.0172	 -6.004	0.03 	  5.527	0.031	0	   111640.0 	     44.492  	13.0688	0.0004	    70656.0  	     109.75    	13.2285	0.0017	     63443.0 	     94.115   	12.756 	0.0016	 0.4726	   --- 	 --- 	7642.33	---   	---   	  2.33	   16.64 	  0.5  	NGC_2645
 0.0988	 0.0323	-0.1838	  458.772	   49.023	  116.079	1.336	14	 ---	129.80424276061	0.0774	-46.21604379048	0.0948	5521670295754745472	  0.6079 	0.0912	 -5.825	0.164	  4.777	0.179	0	     2173.6 	      4.7379 	17.3454	0.0024	      831.2  	      16.955   	18.0521	0.0221	      2072.8 	     17.857   	16.4705	0.0094	 1.5816	   --- 	 --- 	   --- 	---   	---   	  --- 	    ---  	  0.4  	NGC_2645
-0.1684	 0.0166	 0.1524	  587.632	   99.456	  165.125	1.293	14	 ---	129.80920135992	0.0411	-46.28660585011	0.0453	5521669127523665408	  0.465  	0.0527	 -6.06 	0.089	  5.334	0.094	0	     5967.0 	     10.154  	16.249 	0.0018	     2308.1  	      23.207   	16.9432	0.0109	      5404.8 	     32.731   	15.43  	0.0066	 1.5133	   --- 	 --- 	4434.18	---   	---   	  2.03	    1.438	  0.4  	NGC_2645
-0.0933	-0.1292	 0.0673	  998.286	  106.032	  313.404	1.275	12	 ---	129.86683689341	0.0368	-46.29722534012	0.0446	5521668921365262208	  0.5623 	0.0492	 -6.13 	0.085	  5.19 	0.096	0	     8412.5 	      8.4269 	15.8761	0.0011	     3789.8  	      35.742   	16.4048	0.0102	      6937.4 	     22.136   	15.1589	0.0035	 1.2459	   --- 	 --- 	4880.49	1.545 	0.7545	  1.53	    1.193	  0.2  	NGC_2645
-0.0265	 0.1122	-0.044 	 1962.816	  419.071	  217.973	1.255	14	 ---	129.78137127862	0.0217	-46.24952416211	0.0233	5521669952157361280	  0.5162 	0.0261	 -5.965	0.045	  4.964	0.044	0	    20360.0 	     10.373  	14.9164	0.0006	    10939.0  	      26.102   	15.254 	0.0026	     14605.0 	     67.006   	14.3506	0.005 	 0.9033	   --- 	 --- 	5382.0 	---   	---   	  2.03	    3.126	  0.8  	NGC_2645
-0.1856	 0.001 	 0.117 	  619.327	   93.277	  231.077	1.285	13	 ---	129.7970916735 	0.0271	-46.23283506869	0.045 	5521669986517102208	  0.5697 	0.0338	 -6.039	0.058	  4.914	0.085	0	    12197.0 	     19.694  	15.4727	0.0018	     5075.3  	      54.41    	16.0877	0.0116	     10603.0 	     45.885   	14.6984	0.0047	 1.3894	   --- 	 --- 	4788.77	---   	---   	  1.91	    1.727	  0.4  	NGC_2645
 0.0003	 0.073 	-0.0236	 3929.21 	  462.212	  831.738	1.196	15	 ---	129.8056611464 	0.0145	-46.30416727747	0.0167	5521668680847069568	  0.5693 	0.0181	 -6.117	0.03 	  5.066	0.031	0	    78591.0 	     20.002  	13.4499	0.0003	    49563.0  	     107.23    	13.6135	0.0023	     44427.0 	     53.414   	13.1428	0.0013	 0.4707	   --- 	 --- 	7825.5 	---   	---   	  1.7 	    9.781	  0.3  	NGC_2645
 0.0518	 0.2149	-0.0274	 2924.269	  541.713	  702.955	1.206	15	 ---	129.85761461077	0.0194	-46.22851163468	0.0229	5521670776791111296	  0.5439 	0.0235	 -5.873	0.042	  5.134	0.043	0	    30217.0 	     10.333  	14.4877	0.0004	    17274.0  	      31.888   	14.7579	0.002 	     19171.0 	     27.273   	14.0553	0.0015	 0.7026	   --- 	 --- 	6304.75	1.1945	0.6083	  1.67	    3.958	  0.7  	NGC_2645
-0.063 	-0.0343	-0.0129	  966.967	  198.741	  235.294	1.278	15	 ---	129.82333610994	0.0352	-46.22692499985	0.0414	5521670089596327424	  0.5044 	0.0428	 -5.808	0.081	  5.089	0.088	0	     6845.0 	      7.0788 	16.0999	0.0011	     2950.0  	      14.844   	16.6768	0.0055	      5795.5 	     24.631   	15.3542	0.0046	 1.3226	   --- 	 --- 	4704.9 	1.743 	0.875 	  1.69	    1.268	  0.6  	NGC_2645
 0.0168	 0.1515	-0.0322	 2585.709	  574.724	  717.202	1.234	15	 ---	129.82559203233	0.023 	-46.23459859083	0.0273	5521670020876852992	  0.5345 	0.027 	 -5.781	0.049	  5.01 	0.053	0	    16086.0 	      6.2213 	15.1722	0.0004	     7996.4  	      13.913   	15.5942	0.0019	     11860.0 	     16.537   	14.5767	0.0015	 1.0175	   --- 	 --- 	5194.61	---   	---   	  1.9 	    2.366	  0.9  	NGC_2645
 0.0081	-0.0828	-0.1295	  808.865	   56.972	  184.372	1.294	13	 ---	129.80128268586	0.0833	-46.21917255841	0.0925	5521670291445494400	  0.4879 	0.0926	 -5.814	0.176	  4.112	0.176	0	     2254.3 	      2.787  	17.3059	0.0013	      956.74 	      16.793   	17.8994	0.0191	      1961.1 	     10.636   	16.5307	0.0059	 1.3687	   --- 	 --- 	   --- 	---   	---   	  --- 	    ---  	  0.2  	NGC_2645
-0.1532	 0.0201	 0.1246	 1962.196	  252.757	  530.577	1.251	14	 ---	129.79642730588	0.03  	-46.27198390815	0.0348	5521669883437898240	  0.5074 	0.0384	 -5.823	0.066	  5.018	0.069	0	    10225.0 	      5.2108 	15.6643	0.0006	     4816.2  	      19.055   	16.1446	0.0043	      7973.8 	     15.028   	15.0078	0.002 	 1.1369	   --- 	 --- 	4926.23	1.3235	0.671 	  1.82	    1.761	  0.7  	NGC_2645
