pmRApmDEcor	PlxpmRAcor	PlxpmDEcor	RFG	RFBP	RFRP	E(BR/RP)	Nper	[Fe/H]temp	RAdeg	e_RAdeg	DEdeg	e_DEdeg	Source	Plx	e_Plx	pmRA	e_pmRA	pmDE	e_pmDE	Dup	FG	e_FG	Gmag	e_Gmag	FBP	e_FBP	BPmag	e_BPmag	FRP	e_FRP	RPmag	e_RPmag	BP-RP	RV	e_RV	Teff	AG	E(BR-RP)	Rad	Lum	Pmemb	Cluster
---	---	---	---	---	---	---	---	---	deg	mas	deg	mas	---	mas	mas	mas/yr	mas/yr	mas/yr	mas/yr	---	e-/s	e-/s	mag	mag	e-/s	e-/s	mag	mag	e-/s	e-/s	mag	mag	mag	km/s	km/s	K	mag	mag	solRad	solLum	---	---
-------	-------	-------	---------	---------	---------	-----	--	----	---------------	------	---------------	------	-------------------	---------	------	-------	-----	-------	-----	-	------------	-------------	-------	------	-------------	---------------	-------	------	-------------	--------------	-------	------	-------	-------	-----	-------	------	------	------	---------	-------	--------------------
-0.2535	 0.0175	 0.1013	  224.502	   58.67 	   79.656	1.339	12	 ---	 83.92820681029	0.0154	 -5.19854850588	0.0164	3017373924574255488	  2.5373 	0.021 	  1.269	0.04 	 -0.511	0.04 	0	    79686.0 	    354.95   	13.4349	0.0048	    26425.0  	     450.4     	14.2964	0.0185	     80235.0 	   1007.3     	12.501 	0.0136	 1.7954	   --- 	 --- 	4074.0 	---   	---   	  1.77	    0.779	  1.0  	NGC_1977
-0.1738	 0.2259	 0.0502	   77.818	   22.614	   24.295	1.8  	12	 ---	 83.90302097995	0.0721	 -5.16678545086	0.0765	3209527806450735872	  2.5957 	0.0959	  1.635	0.162	 -0.663	0.149	0	     3441.3 	     44.223  	16.8466	0.014 	     1011.4  	      44.723   	17.8391	0.048 	      5182.5 	    213.32    	15.4756	0.0447	 2.3635	   --- 	 --- 	3660.5 	---   	---   	  0.51	    0.042	  1.0  	NGC_1977
-0.3074	 0.3556	 0.0142	  483.188	  126.576	  171.051	1.296	12	 0.0	 83.87095881922	0.0185	 -5.10111843877	0.0195	3209529112120792320	  2.4693 	0.0236	  2.028	0.042	 -1.092	0.039	0	    62307.0 	    128.95   	13.702 	0.0022	    23661.0  	     186.93    	14.4163	0.0086	     57088.0 	    333.75    	12.8706	0.0063	 1.5457	  39.38	19.66	4394.0 	---   	---   	  1.27	    0.542	  1.0  	NGC_1977
-0.3627	 0.3192	-0.0377	  690.344	   68.256	  208.776	1.588	12	 ---	 83.81359937215	0.0657	 -5.00929520362	0.0661	3209535125074880896	  2.4929 	0.0907	  1.818	0.156	 -1.82 	0.137	0	     4277.3 	      6.1958 	16.6105	0.0016	      670.44 	       9.8224  	18.2855	0.0159	      6123.9 	     29.332   	15.2944	0.0052	 2.9911	   --- 	 --- 	4591.3 	1.599 	0.919 	  --- 	    ---  	  1.0  	NGC_1977
-0.234 	 0.249 	 0.0659	  913.108	   60.053	  445.707	1.587	12	 ---	 83.81839670532	0.0628	 -4.96723669583	0.0668	3209535812269642624	  2.6172 	0.0898	  1.561	0.147	 -1.557	0.131	0	     5235.9 	      5.7342 	16.3909	0.0012	      857.12 	      14.273   	18.0188	0.0181	      7451.2 	     16.718   	15.0814	0.0024	 2.9374	   --- 	 --- 	4620.34	0.8697	0.5357	  --- 	    ---  	  1.0  	NGC_1977
-0.2257	 0.2199	 0.051 	  758.046	  187.135	  405.379	1.452	12	 ---	 83.84713023122	0.0308	 -4.95575731448	0.0331	3209535880989110784	  2.5763 	0.0434	  1.615	0.072	 -0.655	0.067	0	    11839.0 	     15.618  	15.505 	0.0014	     2932.3  	      15.669   	16.6834	0.0058	     14257.0 	     35.17    	14.3768	0.0027	 2.3065	   --- 	 --- 	3681.34	---   	---   	  0.94	    0.146	  1.0  	NGC_1977
-0.1783	 0.2626	 0.0708	  876.261	   29.842	  113.664	1.664	12	 ---	 83.51976682246	0.0748	 -4.98676219943	0.0784	3209543646290052480	  2.4792 	0.105 	  1.552	0.168	 -0.334	0.15 	0	     3165.4 	      3.6124 	16.9373	0.0012	      395.23 	      13.244   	18.8593	0.0364	      4872.0 	     42.863   	15.5426	0.0096	 3.3166	   --- 	 --- 	3780.05	1.607 	0.9487	  --- 	    ---  	  1.0  	NGC_1977
-0.1382	 0.2197	 0.1003	  759.133	  190.16 	  223.639	1.403	12	 ---	 83.6956098858 	0.0246	 -4.98694215976	0.026 	3209545845313264256	  2.5461 	0.0342	  0.881	0.056	 -0.604	0.052	0	    18829.0 	     24.804  	15.0013	0.0014	     5370.6  	      28.242   	16.0263	0.0057	     21049.0 	     94.121   	13.9538	0.0049	 2.0725	   --- 	 --- 	3779.67	---   	---   	  1.1 	    0.222	  1.0  	NGC_1977
-0.1762	 0.2319	 0.085 	  513.183	   80.94 	  168.353	1.455	12	 ---	 83.69476921577	0.0387	 -4.96222672385	0.0409	3209546704306720128	  2.3824 	0.0544	  1.335	0.09 	  0.008	0.079	0	    11575.0 	     22.556  	15.5296	0.0021	     2793.9  	      34.518   	16.7359	0.0134	     14053.0 	     83.472   	14.3925	0.0064	 2.3434	   --- 	 --- 	3690.34	2.4237	1.2587	  1.0 	    0.166	  1.0  	NGC_1977
-0.1724	 0.2273	 0.1816	  161.794	   25.074	   79.141	1.537	12	 ---	 83.68654688185	0.0648	 -4.94467677478	0.0686	3209546910465148928	  2.5045 	0.0913	  1.518	0.144	 -1.337	0.138	0	     3764.8 	     23.269  	16.749 	0.0067	      835.63 	      33.327   	18.0464	0.0433	      4950.1 	     62.548   	15.5254	0.0137	 2.521 	   --- 	 --- 	3654.9 	---   	---   	  0.56	    0.05 	  1.0  	NGC_1977
-0.2193	 0.2241	 0.1074	  808.871	  105.472	  250.937	1.557	12	 ---	 83.7626698634 	0.0474	 -4.99997114609	0.0502	3209547013544362624	  2.6777 	0.0682	  1.23 	0.11 	 -1.006	0.099	0	     9486.6 	     11.728  	15.7456	0.0013	     1541.6  	      14.616   	17.3815	0.0103	     13229.0 	     52.718   	14.4581	0.0043	 2.9234	   --- 	 --- 	4619.04	---   	---   	  --- 	    ---  	  1.0  	NGC_1977
-0.315 	 0.2823	 0.0496	 1135.419	  198.397	  431.522	1.399	12	 ---	 83.77369448723	0.0772	 -4.98165592964	0.0764	3209547043605422976	  2.4865 	0.1081	  1.687	0.183	 -0.634	0.156	0	    30665.0 	     27.007  	14.4718	0.001 	     8000.2  	      40.324   	15.5936	0.0055	     34912.0 	     80.904   	13.4045	0.0025	 2.1892	   --- 	 --- 	3986.15	2.857 	1.464 	  1.2 	    0.329	  1.0  	NGC_1977
-0.1826	 0.2225	 0.0537	  473.999	   61.327	  252.608	1.895	12	 ---	 83.81520510023	0.0893	 -4.95387583156	0.0961	3209547593361280000	  2.6491 	0.125 	  1.186	0.206	 -1.168	0.187	0	     3340.0 	      7.0464 	16.879 	0.0023	      605.65 	       9.8759  	18.3958	0.0177	      5725.1 	     22.664   	15.3675	0.0043	 3.0284	   --- 	 --- 	4605.12	---   	---   	  --- 	    ---  	  1.0  	NGC_1977
-0.1801	 0.2318	 0.0948	  747.791	   63.826	  354.921	1.58 	12	 ---	 83.72447081763	0.0487	 -4.93951566721	0.0504	3209548216135201408	  2.459  	0.0678	  1.344	0.112	 -1.703	0.098	0	     8490.5 	     11.354  	15.866 	0.0015	     1583.8  	      24.815   	17.3521	0.017 	     11828.0 	     33.326   	14.5796	0.0031	 2.7725	   --- 	 --- 	3904.36	---   	---   	  0.69	    0.099	  1.0  	NGC_1977
-0.2087	 0.3405	 0.0   	  361.564	   47.188	  127.786	1.566	12	 ---	 83.58497344499	0.0668	 -4.97232915281	0.0705	3209549315646870656	  2.5369 	0.099 	  1.407	0.158	 -0.696	0.13 	0	     3603.5 	      9.9665 	16.7965	0.003 	      570.05 	      12.08    	18.4616	0.023 	      5071.5 	     39.687   	15.4991	0.0085	 2.9625	   --- 	 --- 	4620.34	0.8277	0.4545	  --- 	    ---  	  1.0  	NGC_1977
-0.1975	 0.2601	 0.0905	   55.425	   13.227	   24.132	1.461	12	 ---	 83.61522404046	0.0484	 -4.95142021215	0.0505	3209549831042932224	  2.3936 	0.0665	  1.815	0.112	 -0.08 	0.101	0	     5670.5 	    102.31   	16.3043	0.0196	     1955.7  	     147.86    	17.1231	0.0821	      6330.9 	    262.34    	15.2583	0.045 	 1.8649	   --- 	 --- 	4116.0 	---   	---   	  --- 	    ---  	  1.0  	NGC_1977
-0.171 	 0.1975	 0.1283	  465.429	   72.374	  148.763	1.559	12	 ---	 83.66267860188	0.0568	 -4.92466832901	0.0582	3209549934122125568	  2.5214 	0.0772	  1.393	0.13 	 -1.408	0.113	0	    10635.0 	     22.85   	15.6215	0.0023	     1519.5  	      20.996   	17.3971	0.015 	     15062.0 	    101.25    	14.3172	0.0073	 3.0799	   --- 	 --- 	4344.07	---   	---   	  0.53	    0.091	  1.0  	NGC_1977
-0.0769	 0.1737	 0.0712	  107.108	   17.795	   59.28 	1.404	12	 ---	 83.60785681971	0.0227	 -4.94095653829	0.0247	3209550037201361024	  2.5334 	0.0311	  1.295	0.052	 -0.556	0.048	1	    23380.0 	    218.28   	14.7663	0.0101	     7676.1  	     431.36    	15.6385	0.061 	     25156.0 	    424.35    	13.7603	0.0183	 1.8782	   --- 	 --- 	4183.56	---   	---   	  0.88	    0.215	  1.0  	NGC_1977
-0.1926	 0.2212	 0.1255	  420.558	   93.428	  161.813	1.443	12	 ---	 83.67411937941	0.032 	 -4.89617050178	0.0346	3209551514670084992	  2.4307 	0.0467	  1.635	0.074	 -0.354	0.072	0	    19260.0 	     45.797  	14.9767	0.0026	     4807.9  	      51.461   	16.1465	0.0116	     22991.0 	    142.09    	13.858 	0.0067	 2.2885	   --- 	 --- 	3567.89	---   	---   	  1.41	    0.29 	  1.0  	NGC_1977
-0.0496	 0.0792	 0.0238	  326.609	   43.296	   63.27 	1.514	11	 ---	 83.67452372367	0.0447	 -4.89396135824	0.0481	3209551613451841664	  2.4435 	0.0614	  1.611	0.103	 -0.193	0.096	0	    13276.0 	     40.648  	15.3807	0.0033	     2712.4  	      62.648   	16.768 	0.0251	     17394.0 	    274.91    	14.1609	0.0172	 2.6071	   --- 	 --- 	4344.04	---   	---   	  0.61	    0.121	  1.0  	NGC_1977
-0.2345	 0.2276	 0.1516	  374.186	   48.075	  142.619	1.611	12	 ---	 83.6813439845 	0.0492	 -4.86009581658	0.0504	3209552304944061312	  2.6452 	0.0664	  0.828	0.11 	 -0.76 	0.109	0	     6857.2 	     18.326  	16.098 	0.0029	     1455.6  	      30.278   	17.4438	0.0226	      9590.4 	     67.245   	14.8073	0.0076	 2.6365	   --- 	 --- 	3904.36	---   	---   	  0.57	    0.069	  1.0  	NGC_1977
-0.2126	 0.2502	 0.0899	   56.723	   13.451	   22.535	1.667	12	 ---	 83.70185489198	0.0438	 -4.84759954156	0.0449	3209552339303795072	  2.4604 	0.0596	  0.827	0.103	 -0.757	0.094	0	     5804.0 	    102.32   	16.2791	0.0191	     2328.9  	     173.13    	16.9335	0.0807	      7345.4 	    325.96    	15.0969	0.0482	 1.8366	   --- 	 --- 	4335.0 	---   	---   	  --- 	    ---  	  1.0  	NGC_1977
-0.1789	 0.2328	 0.0961	  267.981	   55.03 	  114.801	1.807	12	 ---	 83.69849467965	0.0606	 -4.83369318351	0.0611	3209552442383007744	  2.5684 	0.0793	  0.369	0.138	 -1.185	0.123	0	     4284.1 	     15.986  	16.6087	0.0041	     1250.6  	      22.725   	17.6086	0.0197	      6489.4 	     56.527   	15.2314	0.0095	 2.3772	   --- 	 --- 	3635.5 	---   	---   	  0.59	    0.055	  1.0  	NGC_1977
-0.2321	 0.2483	 0.0472	  575.948	  144.815	  280.42 	1.465	12	 ---	 83.65821676544	0.0382	 -4.8524729768 	0.0397	3209552678602713344	  2.4064 	0.0509	  1.543	0.09 	 -0.24 	0.082	0	     8841.3 	     15.351  	15.8221	0.0019	     2255.2  	      15.573   	16.9684	0.0075	     10696.0 	     38.141   	14.6889	0.0039	 2.2795	   --- 	 --- 	3730.28	---   	---   	  0.83	    0.121	  1.0  	NGC_1977
-0.1494	 0.1864	 0.0045	  118.675	   37.215	   42.033	1.388	11	 ---	 83.62526502168	0.0197	 -4.83072891546	0.0201	3209553026498569344	  2.4664 	0.0263	  1.643	0.045	  0.052	0.043	0	    31952.0 	    269.24   	14.4271	0.0091	    11386.0  	     305.96    	15.2104	0.0292	     32948.0 	    783.86    	13.4673	0.0258	 1.7431	   --- 	 --- 	4072.0 	---   	---   	  1.16	    0.331	  1.0  	NGC_1977
-0.083 	 0.0213	 0.0647	  816.996	   43.655	  335.394	1.739	11	 ---	 83.66602437672	0.0856	 -4.79109213206	0.0847	3209553576254369536	  2.5151 	0.1066	  0.681	0.208	 -0.352	0.18 	0	     3093.0 	      3.7858 	16.9624	0.0013	      477.27 	      10.933   	18.6545	0.0249	      4900.7 	     14.612   	15.5363	0.0032	 3.1182	   --- 	 --- 	3920.68	---   	---   	  --- 	    ---  	  1.0  	NGC_1977
-0.1   	 0.0399	 0.0574	  888.426	   36.04 	  174.091	1.749	11	 ---	 83.6658378719 	0.0879	 -4.79225247873	0.0858	3209553576254369792	  2.6057 	0.1095	  0.683	0.215	  0.019	0.183	0	     3332.9 	      3.7515 	16.8813	0.0012	      494.83 	      13.73    	18.6153	0.0301	      5335.3 	     30.647   	15.444 	0.0062	 3.1712	   --- 	 --- 	3862.02	---   	---   	  --- 	    ---  	  1.0  	NGC_1977
-0.2954	 0.2297	 0.1568	  760.753	  156.371	  343.157	1.509	11	 ---	 84.01397708414	0.043 	 -4.96124221925	0.0464	3209555569119322624	  2.6354 	0.0592	  2.155	0.106	 -0.65 	0.118	0	     7769.5 	     10.213  	15.9624	0.0014	     1675.8  	      10.717   	17.2909	0.0069	     10048.0 	     29.28    	14.7568	0.0032	 2.5341	   --- 	 --- 	3559.33	---   	---   	  0.83	    0.1  	  1.0  	NGC_1977
-0.3149	 0.1921	 0.109 	  656.164	   33.939	  211.092	1.674	12	 ---	 83.88940377277	0.0658	 -4.93383496712	0.0697	3209559211251444992	  2.5753 	0.096 	  0.705	0.16 	 -0.143	0.157	0	     5670.8 	      8.6424 	16.3043	0.0017	     1091.1  	      32.149   	17.7567	0.032 	      8399.1 	     39.789   	14.9513	0.0051	 2.8054	   --- 	 --- 	4267.03	---   	---   	  --- 	    ---  	  1.0  	NGC_1977
-0.1987	 0.2329	 0.0185	  213.112	   52.65 	   76.596	1.374	12	 ---	 83.87874235038	0.0172	 -4.92165536917	0.0184	3209559486129350912	  2.5183 	0.0245	  1.932	0.042	 -1.121	0.039	0	    40931.0 	    192.06   	14.1582	0.0051	    14980.0  	     284.52    	14.9126	0.0206	     41261.0 	    538.68    	13.2231	0.0142	 1.6895	   --- 	 --- 	4029.68	---   	---   	  1.33	    0.418	  1.0  	NGC_1977
-0.1755	 0.2102	-0.0289	  761.79 	   41.539	  287.786	1.653	11	 ---	 83.91873358756	0.0483	 -4.87393884648	0.0515	3209560138964360064	  2.6519 	0.0664	  1.275	0.119	 -1.274	0.109	1	     7691.9 	     10.097  	15.9733	0.0014	     2279.9  	      54.885   	16.9566	0.0261	     10437.0 	     36.265   	14.7155	0.0038	 2.2411	   --- 	 --- 	3659.0 	---   	---   	  0.75	    0.091	  1.0  	NGC_1977
-0.2798	 0.2485	-0.025 	  695.65 	   46.266	  262.438	1.689	11	 ---	 83.9379030949 	0.0675	 -4.86164108864	0.0712	3209560173324262016	  2.6468 	0.0968	  1.519	0.166	 -0.911	0.155	0	     5058.6 	      7.2717 	16.4283	0.0016	      894.66 	      19.337   	17.9722	0.0235	      7649.6 	     29.148   	15.0528	0.0041	 2.9194	   --- 	 --- 	4525.31	---   	---   	  --- 	    ---  	  1.0  	NGC_1977
-0.2393	 0.2558	 0.083 	  584.509	   31.172	  289.733	1.865	12	 ---	 83.85604468566	0.0733	 -4.90110292633	0.0771	3209571305879349248	  2.447  	0.1047	  1.662	0.175	 -0.621	0.154	0	     3118.5 	      5.3352 	16.9535	0.0019	      981.79 	      31.496   	17.8713	0.0348	      4832.7 	     16.68    	15.5514	0.0037	 2.3199	   --- 	 --- 	3855.0 	---   	---   	  --- 	    ---  	  1.0  	NGC_1977
-0.1883	 0.2911	 0.1088	  178.853	   30.747	   58.24 	1.706	11	 ---	 83.82763286236	0.0552	 -4.89600442364	0.0589	3209571477678049408	  2.5836 	0.0792	  1.012	0.129	 -0.094	0.112	0	     4161.6 	     23.268  	16.6402	0.0061	     1297.3  	      42.191   	17.5688	0.0353	      5803.5 	     99.648   	15.3527	0.0186	 2.2161	   --- 	 --- 	3779.34	---   	---   	  0.51	    0.048	  1.0  	NGC_1977
-0.0925	 0.1528	 0.0351	  197.527	   37.401	  118.836	1.896	10	 ---	 83.84390292572	0.0619	 -4.87696958377	0.0647	3209571683836467584	  2.4568 	0.0823	  1.374	0.144	 -1.237	0.119	0	     7161.4 	     36.255  	16.0509	0.0055	     2548.5  	      68.14    	16.8357	0.029 	     11028.0 	     92.803   	14.6556	0.0091	 2.18  	   --- 	 --- 	3996.0 	---   	---   	  0.58	    0.078	  1.0  	NGC_1977
-0.1379	 0.322 	 0.0053	  830.592	  114.325	  252.676	1.576	11	 ---	 83.88503704251	0.0454	 -4.86740644664	0.0445	3209571855635149824	  2.5679 	0.058 	  1.062	0.113	 -0.837	0.099	0	    11584.0 	     13.946  	15.5288	0.0013	     3684.9  	      32.231   	16.4353	0.0095	     14566.0 	     57.647   	14.3536	0.0043	 2.0818	   --- 	 --- 	3858.0 	---   	---   	  0.8 	    0.127	  1.0  	NGC_1977
-0.1558	 0.2995	 0.0112	  296.971	   87.145	  140.879	1.395	11	 ---	 83.90096155287	0.0443	 -4.85582415716	0.0485	3209571958714358272	  2.4861 	0.0621	  1.676	0.104	 -0.467	0.087	1	    50834.0 	    171.18   	13.923 	0.0037	    14488.0  	     166.25    	14.9489	0.0125	     56422.0 	    400.5     	12.8833	0.0077	 2.0656	   --- 	 --- 	3845.0 	2.7725	1.4342	  1.75	    0.601	  1.0  	NGC_1977
-0.2769	 0.3249	 0.0265	  394.437	  115.512	  151.194	1.582	11	 ---	 83.88892217402	0.0447	 -4.85318634466	0.0494	3209572061793574912	  2.5496 	0.0676	  1.292	0.107	 -0.914	0.095	0	    10279.0 	     26.061  	15.6585	0.0028	     2880.5  	      24.937   	16.7027	0.0094	     13381.0 	     88.503   	14.4457	0.0072	 2.257 	   --- 	 --- 	3626.25	---   	---   	  0.93	    0.135	  1.0  	NGC_1977
-0.1403	 0.3449	 0.118 	  245.254	   69.556	   98.49 	1.383	11	 ---	 83.87723461938	0.0208	 -4.85808378313	0.0225	3209572061793579264	  2.52   	0.0309	  1.436	0.048	 -1.453	0.044	0	    35914.0 	    146.43   	14.3002	0.0044	    12680.0  	     182.29    	15.0936	0.0156	     36992.0 	    375.59    	13.3417	0.011 	 1.7519	   --- 	 --- 	4080.5 	---   	---   	  1.19	    0.355	  1.0  	NGC_1977
-0.2331	 0.2647	 0.1641	  483.431	   47.37 	  345.16 	1.867	11	 ---	 83.86659782438	0.068 	 -4.84413321034	0.0717	3209572130513055104	  2.5164 	0.1001	  1.209	0.163	 -1.037	0.158	0	     4471.1 	      9.2486 	16.5623	0.0022	     1620.3  	      34.205   	17.3274	0.0229	      6725.5 	     19.485   	15.1926	0.0031	 2.1348	   --- 	 --- 	4061.36	---   	---   	  --- 	    ---  	  1.0  	NGC_1977
-0.2421	 0.2154	 0.0007	  613.485	   32.9  	   78.088	1.804	 9	 ---	 83.88221400751	0.0691	 -4.83129829025	0.0769	3209572233592263168	  2.6174 	0.1033	  1.333	0.172	 -1.259	0.156	0	     5272.7 	      8.5946 	16.3833	0.0018	     1555.7  	      47.287   	17.3716	0.033 	      7957.0 	    101.9     	15.01  	0.0139	 2.3615	   --- 	 --- 	3659.33	---   	---   	  0.63	    0.064	  1.0  	NGC_1977
-0.2969	 0.1415	 0.0519	   57.058	   20.306	   19.996	1.421	11	 ---	 83.88634590453	0.0191	 -4.83662487796	0.0204	3209572233592263808	  2.5915 	0.0279	  1.768	0.049	 -1.452	0.044	0	    52807.0 	    925.49   	13.8816	0.019 	    20208.0  	     995.15    	14.5876	0.0535	     54852.0 	   2743.1     	12.9139	0.0543	 1.6736	   --- 	 --- 	4293.67	---   	---   	  1.2 	    0.437	  1.0  	NGC_1977
-0.151 	 0.2419	-0.0034	  402.94 	  109.863	  101.414	1.392	11	 ---	 83.89260280446	0.0257	 -4.83146612589	0.0276	3209572267951998080	  2.487  	0.0346	  0.617	0.06 	 -1.717	0.053	0	    22441.0 	     55.692  	14.8108	0.0027	     7105.0  	      64.672   	15.7225	0.0099	     24134.0 	    237.97    	13.8054	0.0107	 1.9171	   --- 	 --- 	3840.0 	---   	---   	  1.17	    0.266	  1.0  	NGC_1977
-0.1961	 0.299 	 0.0201	  500.82 	   80.664	  172.025	1.404	12	 ---	 83.80214073414	0.0192	 -4.8654536319 	0.0204	3209572405390981760	  2.5287 	0.0271	  1.387	0.045	 -0.713	0.041	0	    40711.0 	     81.288  	14.1641	0.0022	    12338.0  	     152.96    	15.1233	0.0135	     44835.0 	    260.63    	13.1329	0.0063	 1.9904	   --- 	 --- 	4001.5 	2.5755	1.3537	  1.35	    0.42 	  1.0  	NGC_1977
-0.2646	 0.2448	 0.2612	  790.734	   89.222	  603.236	1.633	10	 ---	 83.79208502261	0.045 	 -4.85227579911	0.0476	3209572611549411200	  2.5219 	0.0674	  0.567	0.106	 -1.256	0.121	0	     9330.9 	     11.8    	15.7636	0.0014	     3070.6  	      34.415   	16.6333	0.0122	     12165.0 	     20.166   	14.5491	0.0018	 2.0842	   --- 	 --- 	3955.78	---   	---   	  0.67	    0.099	  1.0  	NGC_1977
-0.1712	 0.155 	-0.0024	  505.352	   28.582	  167.58 	1.714	 9	 ---	 83.84922815112	0.0309	 -4.83794275332	0.0336	3209572847772120320	  2.5353 	0.0436	  0.784	0.072	 -0.91 	0.083	0	    26599.0 	     52.635  	14.6262	0.0021	    12627.0  	     441.8     	15.0981	0.038 	     32960.0 	    196.68    	13.467 	0.0065	 1.6311	   --- 	 --- 	4529.35	---   	---   	  0.74	    0.207	  1.0  	NGC_1977
-0.1864	 0.2514	 0.1141	  126.479	   27.587	   36.781	1.326	12	 0.0	 83.83964307684	0.0289	 -4.84591217885	0.0319	3209572852067565568	  2.5436 	0.0384	  0.903	0.06 	 -0.912	0.058	0	   332350.0 	   2627.7    	11.8844	0.0086	   133920.0  	    4854.2     	12.5343	0.0394	    306920.0 	   8344.8     	11.0443	0.0295	 1.49  	  23.01	 4.46	4352.0 	---   	---   	  2.93	    2.777	  1.0  	NGC_1977
-0.2922	 0.3635	-0.0466	 1017.875	  135.095	  389.099	1.447	12	 ---	 83.84103182157	0.0289	 -4.83880941418	0.0293	3209572916491595904	  2.5922 	0.0419	  0.953	0.071	 -1.892	0.063	0	    42872.0 	     42.119  	14.1079	0.0011	    13971.0  	     103.42    	14.9883	0.008 	     48070.0 	    123.54    	13.0572	0.0028	 1.9311	   --- 	 --- 	3875.38	---   	---   	  1.5 	    0.457	  1.0  	NGC_1977
-0.1952	 0.251 	 0.0605	  561.302	   97.649	  192.789	1.476	12	 ---	 83.85281179561	0.0289	 -4.82862223256	0.0307	3209572955146774656	  2.5213 	0.0413	  1.618	0.068	 -1.358	0.061	0	    20441.0 	     36.417  	14.9121	0.0019	     6308.1  	      64.6     	15.8516	0.0111	     23853.0 	    123.73    	13.818 	0.0056	 2.0336	   --- 	 --- 	3770.0 	---   	---   	  1.17	    0.247	  1.0  	NGC_1977
-0.282 	 0.2112	 0.1412	  206.02 	   26.709	   52.828	1.832	12	 ---	 83.85703850198	0.0585	 -4.82537904655	0.0618	3209573058225987712	  2.6213 	0.0847	  1.213	0.138	 -1.425	0.135	0	     5609.5 	     27.228  	16.3161	0.0053	     2223.5  	      83.251   	16.9838	0.0407	      8054.4 	    152.46    	14.9968	0.0206	 1.9869	   --- 	 --- 	4412.11	---   	---   	  --- 	    ---  	  1.0  	NGC_1977
-0.2431	 0.1996	 0.1342	  462.453	   28.132	  221.876	1.81 	12	 ---	 83.85968990787	0.0566	 -4.82401305003	0.0599	3209573058226152064	  2.4786 	0.0789	  1.68 	0.131	 -1.441	0.131	0	     5250.4 	     11.353  	16.3879	0.0023	     1849.9  	      65.757   	17.1835	0.0386	      7654.1 	     34.497   	15.0522	0.0049	 2.1313	   --- 	 --- 	3975.0 	---   	---   	  0.5 	    0.057	  1.0  	NGC_1977
-0.2838	 0.2656	-0.022 	  302.993	   59.131	  117.685	1.491	11	 ---	 83.93594177318	0.0289	 -4.83606403615	0.0305	3209573436183095296	  2.5748 	0.0421	  1.535	0.071	 -1.125	0.065	0	    18283.0 	     60.342  	15.0332	0.0036	     4412.6  	      74.624   	16.2396	0.0184	     22854.0 	    194.2     	13.8645	0.0092	 2.3751	   --- 	 --- 	3431.0 	---   	---   	  1.48	    0.273	  1.0  	NGC_1977
-0.2275	 0.3212	 0.1144	  265.717	   29.808	   93.276	1.444	10	 ---	 83.9338882434 	0.0255	 -4.80136990548	0.0275	3209573814140210944	  2.4191 	0.0383	  1.568	0.059	 -0.835	0.055	0	    22587.0 	     85.003  	14.8037	0.0041	     7474.1  	     250.75    	15.6675	0.0364	     25144.0 	    269.56    	13.7608	0.0116	 1.9066	   --- 	 --- 	4028.89	---   	---   	  1.03	    0.25 	  1.0  	NGC_1977
-0.217 	 0.1822	 0.1411	   79.717	   16.087	   51.983	1.446	12	 ---	 83.97524176277	0.0306	 -4.78873856463	0.031 	3209574054658370304	  2.5806 	0.0417	  1.19 	0.073	 -0.785	0.073	0	    17132.0 	    214.91   	15.1038	0.0136	     4769.4  	     296.48    	16.1552	0.0675	     20000.0 	    384.74    	14.0094	0.0209	 2.1459	   --- 	 --- 	3770.0 	---   	---   	  1.04	    0.198	  1.0  	NGC_1977
-0.2694	 0.3304	-0.0334	  272.414	   66.595	   86.487	1.501	11	 ---	 83.89676418019	0.0343	 -4.79436971299	0.0364	3209574604414198272	  2.5175 	0.0505	  0.989	0.085	 -0.625	0.074	0	    15412.0 	     56.574  	15.2187	0.004 	     4001.1  	      60.081   	16.3459	0.0163	     19125.0 	    221.13    	14.0579	0.0126	 2.288 	   --- 	 --- 	3604.9 	---   	---   	  1.18	    0.21 	  1.0  	NGC_1977
-0.2817	 0.2768	 0.0347	  741.074	  102.438	  478.824	1.56 	11	 ---	 83.9292733495 	0.0537	 -4.78343176367	0.0568	3209574673133667712	  2.6459 	0.0769	  1.025	0.129	 -0.969	0.114	0	     6473.6 	      8.7354 	16.1605	0.0015	     1631.8  	      15.93    	17.3197	0.0106	      8468.5 	     17.686   	14.9424	0.0023	 2.3773	   --- 	 --- 	3492.0 	---   	---   	  0.81	    0.087	  1.0  	NGC_1977
-0.273 	 0.3199	 0.0123	  229.437	   38.258	  100.181	1.64 	11	 ---	 83.89377463475	0.0548	 -4.78191807344	0.0578	3209574707493411712	  2.6242 	0.0791	  1.444	0.132	 -1.138	0.115	0	     9515.9 	     41.475  	15.7422	0.0047	     2239.1  	      58.526   	16.9762	0.0284	     13370.0 	    133.46    	14.4466	0.0108	 2.5297	   --- 	 --- 	3845.87	---   	---   	  0.72	    0.101	  1.0  	NGC_1977
-0.2261	 0.3159	-0.0232	  106.877	   28.815	   45.849	1.397	11	 ---	 83.9167617157 	0.0183	 -4.76539327513	0.0196	3209574741853143552	  2.5733 	0.0265	  1.491	0.044	 -0.682	0.041	0	    47865.0 	    447.85   	13.9883	0.0102	    15752.0  	     546.67    	14.858 	0.0377	     51124.0 	   1115.0     	12.9904	0.0237	 1.8677	   --- 	 --- 	4142.72	2.343 	1.1817	  1.28	    0.436	  1.0  	NGC_1977
-0.2789	 0.3164	 0.0031	  205.984	   29.853	   80.0  	1.723	11	 ---	 83.86937823894	0.0559	 -4.79072656654	0.0593	3209574776212894976	  2.5206 	0.0809	  1.814	0.136	 -0.861	0.117	0	     8038.9 	     39.027  	15.9254	0.0053	     2238.9  	      74.998   	16.9763	0.0364	     11616.0 	    145.19    	14.5993	0.0136	 2.377 	   --- 	 --- 	3828.0 	---   	---   	  0.7 	    0.094	  1.0  	NGC_1977
-0.1831	 0.303 	 0.0009	  399.664	  103.145	  131.4  	1.265	11	 0.0	 83.86202850297	0.025 	 -4.79187566963	0.0275	3209574776212896384	  2.5002 	0.0359	  1.578	0.059	 -1.183	0.056	0	   303060.0 	    758.27   	11.9846	0.0027	   126430.0  	    1225.8     	12.5967	0.0105	    256990.0 	   1955.8     	11.2371	0.0083	 1.3596	  20.93	 3.16	4840.13	---   	---   	  2.11	    2.197	  1.0  	NGC_1977
-0.2124	 0.3014	-0.004 	  306.234	   52.866	  133.295	1.455	11	 ---	 83.88426692228	0.0252	 -4.78260521281	0.0271	3209574810572628352	  2.5951 	0.0368	  1.859	0.061	 -0.732	0.055	0	    27160.0 	     88.69   	14.6035	0.0035	     7991.7  	     151.17    	15.5948	0.0205	     31528.0 	    236.53    	13.5152	0.0081	 2.0796	   --- 	 --- 	3688.33	2.638 	1.336 	  1.4 	    0.328	  1.0  	NGC_1977
-0.244 	 0.2794	 0.0168	  238.648	   68.964	   83.271	1.428	11	 ---	 83.89039727606	0.0228	 -4.77329076414	0.0245	3209574913651840640	  2.4692 	0.0333	  1.748	0.055	 -0.997	0.051	0	    22732.0 	     95.252  	14.7968	0.0046	     6935.4  	     100.57    	15.7487	0.0157	     25528.0 	    306.57    	13.7444	0.013 	 2.0043	   --- 	 --- 	3722.0 	2.4225	1.2183	  1.31	    0.296	  1.0  	NGC_1977
-0.2314	 0.2264	 0.1361	  878.657	  169.216	  296.783	1.526	12	 ---	 83.93882201413	0.0384	 -4.72767513575	0.0389	3209575463407638400	  2.4552 	0.0563	  1.167	0.093	 -0.435	0.091	0	    14731.0 	     16.765  	15.2678	0.0012	     3087.6  	      18.246   	16.6273	0.0064	     19396.0 	     65.356   	14.0426	0.0037	 2.5847	   --- 	 --- 	3919.23	2.594 	1.2663	  0.89	    0.17 	  1.0  	NGC_1977
-0.2997	 0.2806	 0.0522	   94.021	   24.129	   34.13 	1.451	11	 ---	 83.76547020631	0.0309	 -4.84807435489	0.0335	3209575600846656128	  2.5303 	0.0447	  0.476	0.075	 -0.957	0.075	0	    28084.0 	    298.7    	14.5672	0.0115	     9145.6  	     379.03    	15.4484	0.045 	     31612.0 	    926.24    	13.5123	0.0318	 1.9361	   --- 	 --- 	3858.0 	---   	---   	  1.26	    0.318	  1.0  	NGC_1977
-0.3176	 0.1692	 0.1769	  668.501	   89.33 	  237.499	1.576	11	 ---	 83.75997648669	0.0463	 -4.82115566034	0.0483	3209575703925862912	  2.407  	0.0681	  1.515	0.116	 -0.614	0.105	0	     9582.8 	     14.335  	15.7346	0.0016	     2576.4  	      28.841   	16.8239	0.0122	     12526.0 	     52.742   	14.5174	0.0046	 2.3065	   --- 	 --- 	3587.0 	---   	---   	  0.99	    0.145	  1.0  	NGC_1977
-0.3056	 0.1297	 0.13  	  315.533	   83.946	  126.115	1.458	12	 ---	 83.76110100877	0.036 	 -4.82483323332	0.0374	3209575703925864576	  2.5128 	0.0523	  1.558	0.091	 -1.662	0.081	0	    46678.0 	    147.93   	14.0156	0.0034	    10973.0  	     130.71    	15.2506	0.0129	     57071.0 	    452.53    	12.8709	0.0086	 2.3797	   --- 	 --- 	3440.0 	2.7628	1.3813	  2.4 	    0.726	  1.0  	NGC_1977
-0.2191	 0.2497	 0.185 	  186.636	   39.102	   85.317	1.486	11	 ---	 83.77082959253	0.132 	 -4.82034693321	0.1375	3209575807002165248	  2.5782 	0.188 	  1.685	0.318	 -0.767	0.301	1	    26182.0 	    140.28   	14.6434	0.0058	     8007.6  	     204.79    	15.5926	0.0278	     30902.0 	    362.2     	13.537 	0.0127	 2.0557	   --- 	 --- 	3820.14	---   	---   	  1.24	    0.293	  1.0  	NGC_1977
-0.2333	 0.2553	 0.0617	  648.148	   38.669	  304.527	1.888	12	 ---	 83.77893734155	0.071 	 -4.819392306  	0.0746	3209575807005072000	  2.6292 	0.1011	  1.198	0.171	 -0.99 	0.147	0	     3333.0 	      5.1423 	16.8813	0.0017	     1394.8  	      36.07    	17.4901	0.0281	      4899.1 	     16.088   	15.5366	0.0036	 1.9535	   --- 	 --- 	4424.76	---   	---   	  --- 	    ---  	  1.0  	NGC_1977
-0.1967	 0.2497	-0.0011	  249.688	   65.919	   93.748	1.333	12	 0.0	 83.7297485296 	0.0152	 -4.80771213356	0.016 	3209575978803775488	  2.5348 	0.0202	  0.43 	0.036	 -0.374	0.034	0	    82995.0 	    332.39   	13.3907	0.0043	    28037.0  	     425.32    	14.2321	0.0165	     82602.0 	    881.1     	12.4694	0.0116	 1.7626	  35.09	 1.58	4056.0 	2.851 	1.4455	  1.84	    0.822	  1.0  	NGC_1977
-0.2116	 0.2336	 0.0083	  139.013	   31.559	   75.888	1.591	12	 ---	 83.76242751884	0.0367	 -4.80911025443	0.0388	3209576013163656064	  2.5278 	0.0524	  1.894	0.089	 -1.982	0.081	0	     8389.3 	     60.349  	15.8791	0.0078	     3359.0  	     106.44    	16.5359	0.0344	      9987.7 	    131.61    	14.7633	0.0143	 1.7726	   --- 	 --- 	4343.0 	---   	---   	  --- 	    ---  	  1.0  	NGC_1977
-0.2801	 0.2924	 0.0326	  124.956	   39.208	   43.267	1.588	11	 ---	 83.84520010133	0.0468	 -4.77820299551	0.0501	3209576322401123200	  2.6478 	0.067 	  0.639	0.113	 -0.698	0.101	0	     7730.8 	     61.868  	15.9678	0.0087	     2019.4  	      51.505   	17.0883	0.0277	     10253.0 	    236.98    	14.7348	0.0251	 2.3536	   --- 	 --- 	3675.5 	---   	---   	  0.74	    0.091	  1.0  	NGC_1977
-0.2994	 0.1601	 0.0659	   42.357	   20.094	   12.964	1.589	12	 ---	 83.78625397345	0.0563	 -4.781239968  	0.0578	3209576459840251776	  2.552  	0.082 	  1.006	0.143	 -0.487	0.127	0	     4903.4 	    115.77   	16.4621	0.0256	     2255.3  	     112.24    	16.9684	0.054 	      5535.1 	    426.96    	15.4041	0.0838	 1.5643	   --- 	 --- 	4488.5 	---   	---   	  --- 	    ---  	  1.0  	NGC_1977
-0.1725	 0.299 	 0.0189	   30.747	   11.442	   12.937	1.292	12	 ---	 83.81973326558	0.0223	 -4.76239012952	0.0237	3209576597279031680	  2.6741 	0.0306	  0.974	0.051	 -0.856	0.046	0	    43763.0 	   1423.4    	14.0856	0.0353	    14041.0  	    1227.2     	14.9829	0.0949	     42488.0 	   3284.1     	13.1912	0.0839	 1.7917	   --- 	 --- 	4008.31	---   	---   	  1.31	    0.402	  1.0  	NGC_1977
-0.1874	 0.1915	 0.0207	  418.361	  116.651	  159.048	1.316	12	 ---	 83.71368429023	0.0258	 -4.79919435908	0.0272	3209576769077759744	  2.5431 	0.034 	  0.606	0.061	 -0.096	0.058	0	   129850.0 	    310.38   	12.9047	0.0026	    44788.0  	     383.95    	13.7235	0.0093	    126080.0 	    792.68    	12.0104	0.0068	 1.7131	   --- 	 --- 	4130.19	---   	---   	  2.16	    1.221	  1.0  	NGC_1977
-0.1772	 0.2526	 0.0199	  701.016	  177.292	  168.913	1.403	12	 ---	 83.70098028542	0.0274	 -4.79449029018	0.0283	3209576769077761152	  2.4868 	0.036 	  0.764	0.065	 -0.413	0.058	0	    80820.0 	    115.29   	13.4196	0.0015	    21093.0  	     118.98    	14.541 	0.0061	     92307.0 	    546.48    	12.3488	0.0064	 2.1922	   --- 	 --- 	3546.0 	2.8905	1.464 	  2.88	    1.18 	  1.0  	NGC_1977
-0.0869	 0.5275	-0.0317	   61.401	   13.637	   38.614	1.578	 9	 ---	 83.73674872128	0.0345	 -4.76800297273	0.0348	3209576940876434048	  2.5486 	0.0485	  1.791	0.083	 -1.053	0.068	0	    20097.0 	    327.3    	14.9305	0.0177	     7628.0  	     559.38    	15.6454	0.0796	     24093.0 	    623.93    	13.8072	0.0281	 1.8382	   --- 	 --- 	4220.52	---   	---   	  0.79	    0.179	  1.0  	NGC_1977
-0.3325	 0.3573	-0.1014	 2685.341	  588.908	  909.005	1.16 	12	 ---	 83.73433279561	0.036 	 -4.76594270765	0.0373	3209576940876434176	  2.3935 	0.0487	  1.825	0.091	 -0.634	0.081	1	  5518700.0 	   2055.1    	 8.8338	0.0004	  3830600.0  	    6504.5     	 8.8932	0.0018	   2569300.0 	   2826.5     	 8.7374	0.0012	 0.1558	   --- 	 --- 	8705.5 	---   	---   	  --- 	    ---  	  1.0  	NGC_1977
-0.2548	 0.2779	 0.0333	  340.402	   33.438	  153.664	1.91 	12	 ---	 83.79504958149	0.0593	 -4.73633228343	0.0609	3209577421912751616	  2.5333 	0.0794	  0.626	0.142	 -1.287	0.125	0	     4026.4 	     11.828  	16.6761	0.0032	     1725.0  	      51.588   	17.2594	0.0325	      5965.6 	     38.822   	15.3228	0.0071	 1.9366	   --- 	 --- 	4469.0 	---   	---   	  --- 	    ---  	  1.0  	NGC_1977
-0.0493	 0.3426	 0.1071	 2196.176	  453.613	  458.127	1.149	12	 ---	 83.76995231174	0.0747	 -4.73184022354	0.0777	3209577692491953024	  2.4319 	0.0989	  1.034	0.168	 -0.126	0.146	1	 22749000.0 	  10359.0    	 7.2959	0.0005	 16911000.0  	   37282.0     	 7.2809	0.0024	   9237000.0 	  20163.0     	 7.3481	0.0024	-0.0671	   --- 	 --- 	8562.5 	0.1988	0.109 	  --- 	    ---  	  1.0  	NGC_1977
-0.1134	 0.3284	-0.0119	  747.531	  222.092	  289.541	1.289	11	 0.0	 83.86609227705	0.0169	 -4.75093606473	0.0185	3209577937308816896	  2.5134 	0.0234	  1.793	0.039	 -0.777	0.036	0	   100990.0 	    135.1    	13.1777	0.0015	    38455.0  	     173.15    	13.889 	0.0049	     91761.0 	    316.92    	12.3553	0.0037	 1.5337	  29.24	 1.37	4339.07	1.868 	0.938 	  1.65	    0.87 	  1.0  	NGC_1977
-0.2511	 0.2053	 0.0856	  226.655	   48.526	   86.483	1.346	12	 ---	 83.82440997061	0.0181	 -4.74792899327	0.0195	3209578074747777792	  2.4728 	0.0273	  1.292	0.045	 -0.667	0.041	0	    50121.0 	    221.13   	13.9383	0.0048	    17527.0  	     361.18    	14.7421	0.0224	     49945.0 	    577.51    	13.0157	0.0126	 1.7264	   --- 	 --- 	4177.0 	2.0163	1.0015	  1.33	    0.485	  1.0  	NGC_1977
-0.3628	 0.2229	 0.2015	  514.912	   60.131	  256.415	1.897	10	 ---	 83.82864952327	0.099 	 -4.74106669126	0.1048	3209578109107513856	  2.5141 	0.1484	  1.268	0.25 	 -1.013	0.277	0	     4032.0 	      7.8305 	16.6746	0.0021	     1066.2  	      17.731   	17.7818	0.0181	      6583.1 	     25.674   	15.2158	0.0042	 2.566 	   --- 	 --- 	3933.4 	---   	---   	  --- 	    ---  	  1.0  	NGC_1977
-0.2154	 0.3277	-0.0129	  611.379	   76.44 	  244.176	1.836	10	 ---	 83.82856500412	0.0649	 -4.7361531416 	0.071 	3209578177827165568	  2.5002 	0.0954	  0.89 	0.16 	 -1.368	0.141	0	     4363.2 	      7.1366 	16.5889	0.0018	     1150.4  	      15.05    	17.6993	0.0142	      6858.7 	     28.089   	15.1713	0.0044	 2.528 	   --- 	 --- 	3825.46	---   	---   	  0.52	    0.052	  1.0  	NGC_1977
-0.3719	 0.422 	-0.1151	  545.312	  152.436	  236.918	1.294	11	 ---	 83.84714955508	0.0299	 -4.72385341283	0.0311	3209578276615162112	  2.5821 	0.0431	  0.99 	0.076	 -0.79 	0.073	1	   175660.0 	    322.12   	12.5767	0.002 	    67348.0  	     441.81    	13.2806	0.0071	    159910.0 	    674.95    	11.7523	0.0046	 1.5283	   --- 	 --- 	4358.0 	---   	---   	  2.09	    1.42 	  1.0  	NGC_1977
-0.3047	 0.3216	 0.0024	  105.473	   19.748	   49.708	1.685	11	 ---	 83.844837839  	0.0614	 -4.72388848319	0.064 	3209578280906199168	  2.4346 	0.0899	  1.426	0.155	 -0.889	0.133	0	     5301.1 	     50.261  	16.3774	0.0103	     1446.3  	      73.235   	17.4508	0.055 	      7486.8 	    150.62    	15.0762	0.0218	 2.3746	   --- 	 --- 	3637.33	---   	---   	  0.69	    0.075	  1.0  	NGC_1977
-0.3188	 0.2861	 0.0701	  240.168	   52.12 	   63.036	1.558	11	 ---	 83.8936438705 	0.0413	 -4.67243508911	0.0432	3209578865021733760	  2.6646 	0.063 	  1.192	0.108	 -0.264	0.095	0	    10972.0 	     45.686  	15.5876	0.0045	     2448.7  	      46.981   	16.8791	0.0208	     14645.0 	    232.33    	14.3477	0.0172	 2.5314	   --- 	 --- 	3622.23	---   	---   	  0.92	    0.132	  1.0  	NGC_1977
-0.231 	 0.3156	-0.0322	   91.185	   25.482	   33.314	1.416	12	 ---	 83.80711450789	0.0226	 -4.71632888454	0.0235	3209579002460710144	  2.4953 	0.0309	  0.847	0.055	 -0.96 	0.049	0	    25772.0 	    282.63   	14.6605	0.0119	     7667.9  	     300.92    	15.6397	0.0426	     28823.0 	    865.2     	13.6126	0.0326	 2.0271	   --- 	 --- 	3780.5 	2.3763	1.221 	  1.31	    0.316	  1.0  	NGC_1977
-0.262 	 0.3222	 0.0011	  895.766	   81.629	  450.558	1.636	11	 ---	 83.80499768481	0.0555	 -4.69848251335	0.0583	3209579311698352128	  2.4963 	0.0759	  0.744	0.137	 -0.753	0.118	0	     6292.0 	      7.0242 	16.1914	0.0012	     1569.8  	      19.231   	17.3618	0.0133	      8720.8 	     19.356   	14.9105	0.0024	 2.4512	   --- 	 --- 	3708.06	---   	---   	  0.69	    0.081	  1.0  	NGC_1977
-0.2623	 0.3584	-0.0635	  239.487	   61.986	   80.189	1.319	10	 ---	 83.82173195752	0.023 	 -4.6871083845 	0.0254	3209579341762702464	  2.5303 	0.0326	  1.162	0.051	 -0.013	0.048	0	   121370.0 	    506.78   	12.9781	0.0045	    45858.0  	     739.81    	13.6979	0.0175	    114200.0 	   1424.1     	12.1178	0.0135	 1.5801	   --- 	 --- 	4435.5 	---   	---   	  1.68	    0.987	  1.0  	NGC_1977
-0.234 	 0.2906	-0.0656	  234.299	   58.173	   82.404	1.701	10	 ---	 83.83416192508	0.0495	 -4.69289652419	0.0531	3209579517856776832	  2.6013 	0.0693	  2.121	0.125	 -0.258	0.106	0	     6571.1 	     28.046  	16.1443	0.0046	     1857.3  	      31.927   	17.1792	0.0187	      9317.1 	    113.07    	14.8387	0.0132	 2.3405	   --- 	 --- 	3713.5 	---   	---   	  0.67	    0.078	  1.0  	NGC_1977
-0.3747	 0.0843	 0.2503	  622.727	   69.616	  244.05 	1.662	12	 ---	 83.95980188756	0.0615	 -4.70227815767	0.0609	3209581476361838592	  2.6016 	0.0938	  1.089	0.162	 -0.677	0.159	0	     4971.2 	      7.983  	16.4472	0.0017	      856.99 	      12.31    	18.019 	0.0156	      7406.4 	     30.348   	15.0879	0.0044	 2.931 	   --- 	 --- 	4618.94	1.1245	0.631 	  --- 	    ---  	  1.0  	NGC_1977
-0.2229	 0.2666	 0.09  	  185.928	   35.135	   73.263	1.435	12	 ---	 83.5474701374 	0.0241	 -4.85636137718	0.0257	3209598346993491840	  2.5517 	0.0344	  1.324	0.056	 -0.23 	0.054	0	    18579.0 	     99.928  	15.0158	0.0058	     5860.1  	     166.79    	15.9316	0.0309	     20810.0 	    284.05    	13.9662	0.0148	 1.9654	   --- 	 --- 	3924.34	---   	---   	  0.96	    0.198	  1.0  	NGC_1977
-0.2387	 0.2223	 0.0341	  373.494	  111.109	  141.107	1.275	12	 0.0	 83.5526332597 	0.0222	 -4.84019333226	0.0236	3209598587511657216	  2.4653 	0.0302	  1.272	0.052	 -0.275	0.051	1	   185110.0 	    495.61   	12.5198	0.0029	    72975.0  	     656.79    	13.1935	0.0098	    163090.0 	   1155.8     	11.7309	0.0077	 1.4626	  31.76	 4.73	4395.59	---   	---   	  2.19	    1.614	  1.0  	NGC_1977
-0.2148	 0.2209	 0.0478	  785.111	   46.417	  372.117	1.584	12	 ---	 83.54369370734	0.0636	 -4.83161478179	0.066 	3209598656231133824	  2.5021 	0.0876	  1.079	0.148	 -0.467	0.134	0	     3439.1 	      4.3804 	16.8473	0.0014	      517.48 	      11.148   	18.5667	0.0234	      4928.6 	     13.245   	15.5301	0.0029	 3.0366	   --- 	 --- 	3873.66	0.8357	0.4757	  --- 	    ---  	  1.0  	NGC_1977
-0.2628	 0.2263	 0.0568	  346.455	   80.323	  126.021	1.507	12	 ---	 83.60494987246	0.0344	 -4.75304021067	0.0361	3209601576808874880	  2.5511 	0.049 	  0.448	0.081	 -0.802	0.076	0	    14884.0 	     42.959  	15.2566	0.0031	     2840.6  	      35.365   	16.7179	0.0135	     19585.0 	    155.41    	14.0321	0.0086	 2.6858	   --- 	 --- 	3730.87	---   	---   	  1.02	    0.181	  1.0  	NGC_1977
-0.2509	 0.2224	 0.05  	  728.616	   37.544	  287.071	1.546	12	 ---	 83.52093842364	0.0649	 -4.66759930773	0.0663	3209606009215121024	  2.4804 	0.0872	  1.734	0.153	  0.002	0.139	0	     3181.0 	      4.3658 	16.932 	0.0015	      504.58 	      13.44    	18.5941	0.0289	      4414.5 	     15.378   	15.6497	0.0038	 2.9444	   --- 	 --- 	4670.0 	---   	---   	  --- 	    ---  	  1.0  	NGC_1977
-0.191 	 0.1595	-0.0607	  697.912	  202.533	  212.391	1.297	12	 ---	 83.7127792887 	0.0147	 -4.72818389833	0.0157	3209624529114069888	  2.4952 	0.0205	  1.701	0.036	 -0.679	0.035	0	   101450.0 	    145.37   	13.1727	0.0016	    36453.0  	     179.99    	13.9471	0.0054	     95150.0 	    447.99    	12.3159	0.0051	 1.6312	   --- 	 --- 	4463.65	---   	---   	  1.53	    0.838	  1.0  	NGC_1977
-0.3045	 0.2256	 0.0494	  272.839	   62.957	  114.413	1.429	12	 ---	 83.64535564143	0.0351	 -4.71209215201	0.0371	3209625216308848512	  2.5668 	0.0486	  1.44 	0.084	 -0.733	0.083	0	    12573.0 	     46.083  	15.4398	0.004 	     3313.7  	      52.634   	16.5506	0.0172	     14650.0 	    128.04    	14.3474	0.0095	 2.2033	   --- 	 --- 	4152.97	---   	---   	  0.65	    0.115	  1.0  	NGC_1977
-0.2832	 0.2793	 0.0071	  384.236	  101.366	  149.768	1.311	12	 ---	 83.64358900154	0.0164	 -4.6862970409 	0.0175	3209625525546487168	  2.4826 	0.0231	  0.942	0.04 	 -0.222	0.038	0	    42451.0 	    110.48   	14.1186	0.0028	    15468.0  	     152.59    	14.8778	0.0107	     40185.0 	    268.31    	13.2518	0.0072	 1.6261	   --- 	 --- 	4354.5 	---   	---   	  1.07	    0.372	  1.0  	NGC_1977
-0.4177	 0.2668	-0.0422	 1200.469	  227.426	  338.503	1.342	12	 ---	 83.67030784575	0.0177	 -4.67229771893	0.0185	3209625731704909952	  2.5094 	0.0249	  0.563	0.046	 -0.314	0.043	0	    44027.0 	     36.675  	14.0791	0.0009	    14068.0  	      61.855   	14.9808	0.0048	     45019.0 	    132.99    	13.1284	0.0032	 1.8524	   --- 	 --- 	4423.38	---   	---   	  1.03	    0.366	  1.0  	NGC_1977
-0.2954	 0.2525	 0.001 	  883.613	  152.027	  404.28 	1.524	12	 ---	 83.73351527875	0.0446	 -4.63667626327	0.0466	3209627415332067968	  2.5113 	0.0623	  1.129	0.108	  0.037	0.1  	0	     7142.5 	      8.0832 	16.0537	0.0012	     1496.1  	       9.8408  	17.414 	0.0071	      9392.2 	     23.232   	14.83  	0.0027	 2.584 	   --- 	 --- 	3994.45	---   	---   	  0.57	    0.075	  1.0  	NGC_1977
-0.289 	 0.2973	-0.0091	  745.624	  153.807	  287.765	1.441	12	 ---	 83.73185574107	0.0374	 -4.63032194881	0.039 	3209627484051543424	  2.4975 	0.0526	  0.848	0.091	 -1.048	0.083	0	     9944.5 	     13.337  	15.6944	0.0015	     2514.5  	      16.349   	16.8502	0.0071	     11816.0 	     41.061   	14.5808	0.0038	 2.2695	   --- 	 --- 	3510.0 	---   	---   	  1.04	    0.148	  1.0  	NGC_1977
-0.2229	 0.1247	 0.0579	  251.407	   37.893	   82.403	1.41 	11	 ---	 83.59579345364	0.0224	 -4.69425509265	0.0232	3209628411764704384	  2.4477 	0.0303	  1.284	0.055	 -0.219	0.052	0	    24419.0 	     97.131  	14.719 	0.0043	     6593.3  	     174.0     	15.8036	0.0287	     27848.0 	    337.94    	13.65  	0.0132	 2.1537	   --- 	 --- 	4008.65	---   	---   	  1.07	    0.268	  1.0  	NGC_1977
-0.3326	 0.1608	 0.0666	  248.462	   54.566	   86.82 	1.471	12	 ---	 83.62768077326	0.0381	 -4.5979785664 	0.0397	3209629442556644096	  2.5279 	0.0519	  0.543	0.095	 -0.518	0.088	0	    10068.0 	     40.522  	15.681 	0.0044	     2143.7  	      39.286   	17.0235	0.0199	     12666.0 	    145.88    	14.5053	0.0125	 2.5181	   --- 	 --- 	3692.95	---   	---   	  0.87	    0.128	  1.0  	NGC_1977
-0.2282	 0.2734	 0.1005	  639.043	   56.714	  263.669	1.5  	12	 ---	 83.58619933061	0.0476	 -4.58388334738	0.0504	3209630438989062528	  2.4497 	0.0661	  1.032	0.111	 -0.151	0.104	0	     7236.4 	     11.324  	16.0396	0.0017	     1377.2  	      24.283   	17.5039	0.0191	      9478.2 	     35.948   	14.8201	0.0041	 2.6838	   --- 	 --- 	3728.97	---   	---   	  0.74	    0.095	  1.0  	NGC_1977
-0.4394	 0.2042	 0.063 	  351.604	   56.265	   73.674	1.554	11	 ---	 83.84536016526	0.046 	 -4.62800067973	0.0479	3209632775451232768	  2.475  	0.0692	  0.361	0.127	 -1.208	0.115	0	     5819.2 	     16.551  	16.2762	0.0031	     1170.6  	      20.805   	17.6803	0.0193	      7869.7 	    106.82    	15.022 	0.0147	 2.6583	   --- 	 --- 	3697.78	---   	---   	  0.68	    0.077	  1.0  	NGC_1977
-0.5451	 0.1186	 0.1018	  868.653	   77.362	  288.211	1.564	11	 ---	 83.85566166421	0.054 	 -4.56359439321	0.0535	3209633290847279744	  2.4785 	0.0831	  0.949	0.168	 -0.888	0.149	0	     5360.6 	      6.1711 	16.3653	0.0013	      904.7  	      11.694   	17.9601	0.014 	      7480.9 	     25.956   	15.077 	0.0038	 2.8831	   --- 	 --- 	4120.11	---   	---   	  --- 	    ---  	  1.0  	NGC_1977
-0.4423	 0.2649	-0.0259	  967.775	   86.554	  424.919	1.567	12	 ---	 83.85485224051	0.0494	 -4.56433426025	0.0493	3209633290847280256	  2.6213 	0.0742	  1.097	0.141	 -0.688	0.123	0	     5388.2 	      5.5676 	16.3598	0.0011	      921.38 	      10.645   	17.9403	0.0125	      7519.3 	     17.696   	15.0715	0.0026	 2.8688	   --- 	 --- 	4226.1 	1.146 	0.689 	  --- 	    ---  	  1.0  	NGC_1977
-0.4709	 0.202 	 0.0457	  869.559	   61.316	  315.055	1.585	12	 ---	 83.87512494374	0.056 	 -4.57437303735	0.0555	3209633393926493184	  2.6132 	0.0832	  1.025	0.159	 -1.168	0.142	0	     5166.9 	      5.942  	16.4053	0.0012	      765.41 	      12.483   	18.1417	0.0177	      7426.1 	     23.571   	15.085 	0.0034	 3.0566	   --- 	 --- 	3920.68	1.3015	0.728 	  --- 	    ---  	  1.0  	NGC_1977
-0.4345	 0.2485	-0.0155	  816.772	   95.498	  286.427	1.466	12	 ---	 83.89244321069	0.0355	 -4.56171705919	0.0351	3209633428286224640	  2.5492 	0.0523	  1.322	0.099	 -0.48 	0.089	0	    10425.0 	     12.764  	15.6432	0.0013	     2374.8  	      24.867   	16.9123	0.0114	     12906.0 	     45.057   	14.485 	0.0038	 2.4274	   --- 	 --- 	3395.0 	---   	---   	  1.17	    0.164	  1.0  	NGC_1977
-0.345 	 0.2191	 0.032 	  285.1  	   34.773	   90.583	1.377	12	 ---	 83.84491830352	0.0232	 -4.48086026961	0.0224	3209637895052204800	  2.5258 	0.0346	  1.271	0.061	 -0.752	0.053	0	    27859.0 	     97.715  	14.576 	0.0038	    10018.0  	     288.11    	15.3494	0.0312	     28345.0 	    312.92    	13.6307	0.012 	 1.7187	   --- 	 --- 	4161.5 	---   	---   	  0.98	    0.261	  1.0  	NGC_1977
-0.16  	 0.2322	 0.0393	  498.228	   68.355	  303.215	1.438	12	 ---	 83.51602072979	0.0423	 -4.60169705801	0.0431	3209641708983267328	  2.446  	0.0587	  1.235	0.1  	  0.349	0.087	0	    13301.0 	     26.697  	15.3786	0.0022	     3419.1  	      50.02    	16.5166	0.0159	     15712.0 	     51.817   	14.2714	0.0036	 2.2452	   --- 	 --- 	3900.0 	---   	---   	  0.87	    0.156	  1.0  	NGC_1977
-0.1439	 0.2458	-0.0224	  499.37 	  147.522	  196.609	1.243	11	 0.0	 83.59642760521	0.0254	 -4.50393930189	0.028 	3209644212945429248	  2.4775 	0.037 	  0.661	0.06 	 -0.819	0.059	0	   353450.0 	    707.8    	11.8175	0.0022	   158760.0  	    1076.2     	12.3496	0.0074	    280700.0 	   1427.7     	11.1413	0.0055	 1.2083	  27.39	 4.24	4930.0 	---   	---   	  2.19	    2.551	  1.0  	NGC_1977
-0.0532	 0.174 	 0.005 	  382.328	   69.321	  134.64 	1.473	12	 ---	 83.54318875199	0.0539	 -4.47392114959	0.0568	3209645278098087680	  2.4587 	0.074 	  0.686	0.129	 -0.409	0.115	0	     6075.1 	     15.89   	16.2295	0.0028	     1255.2  	      18.107   	17.6046	0.0157	      7696.2 	     57.161   	15.0462	0.0081	 2.5584	   --- 	 --- 	3679.73	---   	---   	  0.71	    0.082	  1.0  	NGC_1977
-0.1577	 0.1832	 0.0249	  768.223	   64.828	  288.296	1.529	12	 ---	 83.54348764066	0.0729	 -4.43300502517	0.0747	3209648718369726720	  2.5136 	0.1007	  0.38 	0.179	 -0.115	0.155	0	     3261.4 	      4.2454 	16.9048	0.0014	      545.98 	       8.422   	18.5084	0.0167	      4442.2 	     15.409   	15.6429	0.0038	 2.8655	   --- 	 --- 	3671.66	---   	---   	  0.51	    0.043	  1.0  	NGC_1977
